0 0.589063 0.420313 0.589063 0.423438 0.5875 0.425 0.5875 0.429688 0.578125 0.439063 0.576563 0.439063 0.573438 0.442188 0.571875 0.442188 0.570313 0.44375 0.567188 0.44375 0.565625 0.445312 0.560938 0.445312 0.559375 0.446875 0.55625 0.446875 0.554688 0.448438 0.551563 0.448438 0.55 0.45 0.546875 0.45 0.545313 0.451563 0.53125 0.451563 0.529688 0.453125 0.51875 0.453125 0.517188 0.454688 0.50625 0.454688 0.504688 0.45625 0.490625 0.45625 0.489063 0.457813 0.451563 0.457813 0.45 0.45625 0.43125 0.45625 0.429688 0.454688 0.421875 0.454688 0.420313 0.453125 0.409375 0.453125 0.407813 0.451563 0.401563 0.451563 0.4 0.45 0.395313 0.45 0.39375 0.448438 0.390625 0.448438 0.389063 0.446875 0.384375 0.446875 0.382812 0.445312 0.376563 0.445312 0.375 0.44375 0.373438 0.44375 0.36875 0.439063 0.36875 0.448438 0.371875 0.451563 0.373438 0.451563 0.375 0.453125 0.376563 0.453125 0.378125 0.454688 0.379688 0.454688 0.38125 0.45625 0.382812 0.45625 0.384375 0.457813 0.3875 0.457813 0.389063 0.459375 0.392188 0.459375 0.39375 0.460938 0.398438 0.460938 0.4 0.4625 0.404688 0.4625 0.40625 0.464063 0.4125 0.464063 0.414062 0.465625 0.420313 0.465625 0.421875 0.467188 0.43125 0.467188 0.432813 0.46875 0.451563 0.46875 0.453125 0.470313 0.504688 0.470313 0.50625 0.46875 0.515625 0.46875 0.517188 0.467188 0.523438 0.467188 0.525 0.465625 0.534375 0.465625 0.535938 0.464063 0.546875 0.464063 0.548438 0.4625 0.55 0.4625 0.551563 0.460938 0.554688 0.460938 0.55625 0.459375 0.559375 0.459375 0.560938 0.457813 0.564063 0.457813 0.567188 0.454688 0.56875 0.454688 0.570313 0.453125 0.573438 0.453125 0.578125 0.448438 0.579688 0.448438 0.58125 0.446875 0.582813 0.446875 0.589063 0.440625 0.589063 0.439063 0.590625 0.4375 0.590625 0.43125 0.592188 0.429688 0.592188 0.426563 0.590625 0.425 0.590625 0.420313 0.919192
0 0.590625 0.315625 0.585938 0.320312 0.584375 0.320312 0.582813 0.321875 0.579688 0.321875 0.578125 0.323438 0.578125 0.326563 0.576563 0.328125 0.576563 0.332813 0.575 0.334375 0.573438 0.334375 0.571875 0.335938 0.570313 0.335938 0.56875 0.3375 0.564063 0.3375 0.5625 0.339063 0.553125 0.339063 0.551563 0.340625 0.545313 0.340625 0.54375 0.342188 0.5375 0.342188 0.535938 0.34375 0.526563 0.34375 0.525 0.345313 0.501563 0.345313 0.5 0.346875 0.460938 0.346875 0.459375 0.348438 0.439063 0.348438 0.4375 0.346875 0.415625 0.346875 0.414062 0.345313 0.401563 0.345313 0.4 0.34375 0.395313 0.34375 0.39375 0.342188 0.385938 0.342188 0.384375 0.340625 0.376563 0.340625 0.375 0.339063 0.371875 0.339063 0.370313 0.3375 0.36875 0.3375 0.367188 0.335938 0.365625 0.335938 0.364063 0.334375 0.3625 0.334375 0.360938 0.332813 0.359375 0.332813 0.357813 0.33125 0.354688 0.33125 0.353125 0.329688 0.351562 0.329688 0.351562 0.34375 0.354688 0.346875 0.35625 0.346875 0.357813 0.348438 0.360938 0.348438 0.3625 0.35 0.364063 0.35 0.365625 0.351562 0.36875 0.351562 0.370313 0.353125 0.375 0.353125 0.376563 0.354688 0.379688 0.354688 0.38125 0.35625 0.392188 0.35625 0.39375 0.357813 0.407813 0.357813 0.409375 0.359375 0.420313 0.359375 0.421875 0.360938 0.445312 0.360938 0.446875 0.3625 0.485938 0.3625 0.4875 0.360938 0.510938 0.360938 0.5125 0.359375 0.523438 0.359375 0.525 0.357813 0.54375 0.357813 0.545313 0.35625 0.554688 0.35625 0.55625 0.354688 0.559375 0.354688 0.560938 0.353125 0.564063 0.353125 0.565625 0.351562 0.571875 0.351562 0.573438 0.35 0.576563 0.35 0.579688 0.346875 0.58125 0.346875 0.584375 0.34375 0.585938 0.34375 0.585938 0.342188 0.590625 0.3375 0.590625 0.335938 0.59375 0.332813 0.59375 0.33125 0.595313 0.329688 0.595313 0.325 0.596875 0.323438 0.596875 0.315625 0.916936
0 0.595313 0.298438 0.59375 0.3 0.589063 0.3 0.585938 0.303125 0.584375 0.303125 0.582813 0.304688 0.58125 0.304688 0.578125 0.307813 0.575 0.307813 0.573438 0.309375 0.573438 0.315625 0.571875 0.317188 0.570313 0.317188 0.56875 0.31875 0.567188 0.31875 0.565625 0.320312 0.5625 0.320312 0.560938 0.321875 0.554688 0.321875 0.553125 0.323438 0.545313 0.323438 0.54375 0.325 0.5375 0.325 0.535938 0.326563 0.523438 0.326563 0.521875 0.328125 0.496875 0.328125 0.495313 0.329688 0.482813 0.329688 0.48125 0.33125 0.467188 0.33125 0.465625 0.332813 0.44375 0.332813 0.442188 0.33125 0.421875 0.33125 0.420313 0.329688 0.410938 0.329688 0.409375 0.328125 0.398438 0.328125 0.396875 0.326563 0.382812 0.326563 0.38125 0.325 0.379688 0.325 0.378125 0.323438 0.375 0.323438 0.373438 0.321875 0.370313 0.321875 0.36875 0.320312 0.3625 0.320312 0.360938 0.31875 0.359375 0.31875 0.357813 0.317188 0.35625 0.317188 0.354688 0.315625 0.353125 0.315625 0.351562 0.314063 0.351562 0.325 0.354688 0.328125 0.35625 0.328125 0.359375 0.33125 0.360938 0.33125 0.3625 0.332813 0.364063 0.332813 0.365625 0.334375 0.367188 0.334375 0.36875 0.335938 0.370313 0.335938 0.371875 0.3375 0.375 0.3375 0.376563 0.339063 0.3875 0.339063 0.389063 0.340625 0.396875 0.340625 0.398438 0.342188 0.404688 0.342188 0.40625 0.34375 0.415625 0.34375 0.417188 0.345313 0.485938 0.345313 0.4875 0.34375 0.520313 0.34375 0.521875 0.342188 0.53125 0.342188 0.532813 0.340625 0.542188 0.340625 0.54375 0.339063 0.55625 0.339063 0.557813 0.3375 0.564063 0.3375 0.565625 0.335938 0.567188 0.335938 0.56875 0.334375 0.571875 0.334375 0.573438 0.332813 0.576563 0.332813 0.578125 0.33125 0.58125 0.33125 0.584375 0.328125 0.585938 0.328125 0.5875 0.326563 0.589063 0.326563 0.589063 0.325 0.59375 0.320312 0.59375 0.317188 0.592188 0.315625 0.59375 0.314063 0.59375 0.3125 0.595313 0.310937 0.909385
0 0.367188 0.504688 0.367188 0.521875 0.36875 0.523438 0.36875 0.525 0.370313 0.526563 0.370313 0.528125 0.376563 0.534375 0.378125 0.534375 0.379688 0.535938 0.38125 0.535938 0.384375 0.539063 0.385938 0.539063 0.3875 0.540625 0.389063 0.540625 0.390625 0.542188 0.39375 0.542188 0.396875 0.545313 0.4 0.545313 0.401563 0.546875 0.40625 0.546875 0.407813 0.548438 0.410938 0.548438 0.4125 0.55 0.414062 0.55 0.415625 0.551563 0.420313 0.551563 0.421875 0.553125 0.426563 0.553125 0.428125 0.554688 0.432813 0.554688 0.434375 0.55625 0.5125 0.55625 0.514063 0.554688 0.523438 0.554688 0.525 0.553125 0.529688 0.553125 0.53125 0.551563 0.534375 0.551563 0.535938 0.55 0.539063 0.55 0.540625 0.548438 0.545313 0.548438 0.546875 0.546875 0.55 0.546875 0.551563 0.545313 0.554688 0.545313 0.55625 0.54375 0.557813 0.54375 0.559375 0.542188 0.560938 0.542188 0.5625 0.540625 0.565625 0.540625 0.567188 0.539063 0.56875 0.539063 0.570313 0.5375 0.571875 0.5375 0.575 0.534375 0.576563 0.534375 0.584375 0.526563 0.584375 0.515625 0.582813 0.515625 0.582813 0.517188 0.578125 0.521875 0.576563 0.521875 0.575 0.523438 0.573438 0.523438 0.571875 0.525 0.570313 0.525 0.56875 0.526563 0.567188 0.526563 0.565625 0.528125 0.564063 0.528125 0.5625 0.529688 0.559375 0.529688 0.557813 0.53125 0.55625 0.53125 0.554688 0.532813 0.551563 0.532813 0.55 0.534375 0.546875 0.534375 0.545313 0.535938 0.5375 0.535938 0.535938 0.5375 0.53125 0.5375 0.529688 0.539063 0.523438 0.539063 0.521875 0.540625 0.495313 0.540625 0.49375 0.542188 0.446875 0.542188 0.445312 0.540625 0.425 0.540625 0.423438 0.539063 0.415625 0.539063 0.414062 0.5375 0.410938 0.5375 0.409375 0.535938 0.40625 0.535938 0.404688 0.534375 0.403125 0.534375 0.401563 0.532813 0.396875 0.532813 0.395313 0.53125 0.39375 0.53125 0.392188 0.529688 0.389063 0.529688 0.3875 0.528125 0.385938 0.528125 0.384375 0.526563 0.382812 0.526563 0.379688 0.523438 0.378125 0.523438 0.375 0.520313 0.375 0.51875 0.371875 0.515625 0.371875 0.514063 0.36875 0.510938 0.36875 0.509375 0.367188 0.507812 0.899001
0 0.589063 0.4375 0.589063 0.440625 0.5875 0.442188 0.5875 0.44375 0.585938 0.445312 0.584375 0.445312 0.578125 0.451563 0.576563 0.451563 0.573438 0.454688 0.571875 0.454688 0.570313 0.45625 0.56875 0.45625 0.567188 0.457813 0.565625 0.457813 0.564063 0.459375 0.559375 0.459375 0.55625 0.4625 0.553125 0.4625 0.551563 0.464063 0.548438 0.464063 0.546875 0.465625 0.534375 0.465625 0.532813 0.467188 0.526563 0.467188 0.525 0.46875 0.51875 0.46875 0.517188 0.470313 0.504688 0.470313 0.503125 0.471875 0.448438 0.471875 0.446875 0.470313 0.426563 0.470313 0.425 0.46875 0.41875 0.46875 0.417188 0.467188 0.4125 0.467188 0.410938 0.465625 0.404688 0.465625 0.403125 0.464063 0.395313 0.464063 0.39375 0.4625 0.392188 0.4625 0.390625 0.460938 0.389063 0.460938 0.3875 0.459375 0.385938 0.459375 0.384375 0.457813 0.38125 0.457813 0.370313 0.446875 0.370313 0.460938 0.371875 0.460938 0.373438 0.4625 0.373438 0.464063 0.375 0.464063 0.376563 0.465625 0.378125 0.465625 0.379688 0.467188 0.38125 0.467188 0.384375 0.470313 0.3875 0.470313 0.389063 0.471875 0.392188 0.471875 0.39375 0.473438 0.395313 0.473438 0.396875 0.475 0.4 0.475 0.401563 0.476562 0.404688 0.476562 0.40625 0.478125 0.4125 0.478125 0.414062 0.479688 0.41875 0.479688 0.420313 0.48125 0.429688 0.48125 0.43125 0.482813 0.460938 0.482813 0.4625 0.484375 0.495313 0.484375 0.496875 0.482813 0.509375 0.482813 0.510938 0.48125 0.520313 0.48125 0.521875 0.479688 0.534375 0.479688 0.535938 0.478125 0.54375 0.478125 0.545313 0.476562 0.546875 0.476562 0.548438 0.475 0.551563 0.475 0.553125 0.473438 0.55625 0.473438 0.557813 0.471875 0.560938 0.471875 0.5625 0.470313 0.565625 0.470313 0.567188 0.46875 0.56875 0.46875 0.570313 0.467188 0.571875 0.467188 0.573438 0.465625 0.575 0.465625 0.576563 0.464063 0.578125 0.464063 0.582813 0.459375 0.584375 0.459375 0.585938 0.457813 0.585938 0.45625 0.589063 0.453125 0.589063 0.45 0.590625 0.448438 0.590625 0.439063 0.886407
0 0.367188 0.454688 0.367188 0.478125 0.36875 0.479688 0.370313 0.479688 0.373438 0.482813 0.375 0.482813 0.376563 0.484375 0.379688 0.484375 0.38125 0.485938 0.382812 0.485938 0.385938 0.489063 0.390625 0.489063 0.392188 0.490625 0.401563 0.490625 0.403125 0.492188 0.40625 0.492188 0.407813 0.49375 0.4125 0.49375 0.414062 0.495313 0.429688 0.495313 0.43125 0.496875 0.440625 0.496875 0.442188 0.498438 0.4625 0.498438 0.464063 0.5 0.465625 0.5 0.467188 0.498438 0.495313 0.498438 0.496875 0.496875 0.510938 0.496875 0.5125 0.495313 0.525 0.495313 0.526563 0.49375 0.53125 0.49375 0.532813 0.492188 0.5375 0.492188 0.539063 0.490625 0.545313 0.490625 0.546875 0.489063 0.551563 0.489063 0.553125 0.4875 0.554688 0.4875 0.55625 0.485938 0.557813 0.485938 0.559375 0.484375 0.5625 0.484375 0.564063 0.482813 0.565625 0.482813 0.567188 0.48125 0.56875 0.48125 0.570313 0.479688 0.571875 0.479688 0.576563 0.475 0.578125 0.475 0.579688 0.473438 0.579688 0.471875 0.584375 0.467188 0.584375 0.460938 0.58125 0.464063 0.579688 0.464063 0.575 0.46875 0.573438 0.46875 0.571875 0.470313 0.567188 0.470313 0.565625 0.471875 0.564063 0.471875 0.5625 0.473438 0.560938 0.473438 0.559375 0.475 0.554688 0.475 0.553125 0.476562 0.548438 0.476562 0.546875 0.478125 0.545313 0.478125 0.54375 0.479688 0.539063 0.479688 0.5375 0.48125 0.526563 0.48125 0.525 0.482813 0.507812 0.482813 0.50625 0.484375 0.49375 0.484375 0.492188 0.485938 0.4625 0.485938 0.460938 0.484375 0.43125 0.484375 0.429688 0.482813 0.41875 0.482813 0.417188 0.48125 0.4125 0.48125 0.410938 0.479688 0.40625 0.479688 0.404688 0.478125 0.401563 0.478125 0.4 0.476562 0.395313 0.476562 0.39375 0.475 0.390625 0.475 0.389063 0.473438 0.3875 0.473438 0.384375 0.470313 0.382812 0.470313 0.38125 0.46875 0.379688 0.46875 0.373438 0.4625 0.373438 0.460938 0.371875 0.459375 0.370313 0.459375 0.367188 0.45625 0.878447
0 0.35 0.33125 0.35 0.353125 0.357813 0.360938 0.359375 0.360938 0.364063 0.365625 0.365625 0.365625 0.367188 0.367188 0.36875 0.367188 0.370313 0.36875 0.373438 0.36875 0.375 0.370313 0.379688 0.370313 0.38125 0.371875 0.3875 0.371875 0.389063 0.373438 0.39375 0.373438 0.395313 0.375 0.401563 0.375 0.403125 0.376563 0.421875 0.376563 0.423438 0.378125 0.515625 0.378125 0.517188 0.376563 0.529688 0.376563 0.53125 0.375 0.535938 0.375 0.5375 0.373438 0.54375 0.373438 0.545313 0.371875 0.553125 0.371875 0.554688 0.370313 0.564063 0.370313 0.565625 0.36875 0.567188 0.36875 0.56875 0.367188 0.571875 0.367188 0.573438 0.365625 0.578125 0.365625 0.579688 0.364063 0.58125 0.364063 0.585938 0.359375 0.5875 0.359375 0.589063 0.357813 0.590625 0.357813 0.590625 0.35625 0.595313 0.351562 0.59375 0.35 0.59375 0.34375 0.595313 0.342188 0.595313 0.33125 0.590625 0.335938 0.589063 0.335938 0.589063 0.3375 0.5875 0.339063 0.5875 0.340625 0.584375 0.34375 0.582813 0.34375 0.58125 0.345313 0.579688 0.345313 0.576563 0.348438 0.575 0.348438 0.573438 0.35 0.571875 0.35 0.570313 0.351562 0.565625 0.351562 0.564063 0.353125 0.5625 0.353125 0.560938 0.354688 0.55625 0.354688 0.554688 0.35625 0.55 0.35625 0.548438 0.357813 0.535938 0.357813 0.534375 0.359375 0.526563 0.359375 0.525 0.360938 0.517188 0.360938 0.515625 0.3625 0.484375 0.3625 0.482813 0.364063 0.45625 0.364063 0.454688 0.3625 0.41875 0.3625 0.417188 0.360938 0.407813 0.360938 0.40625 0.359375 0.395313 0.359375 0.39375 0.357813 0.38125 0.357813 0.379688 0.35625 0.375 0.35625 0.373438 0.354688 0.371875 0.354688 0.370313 0.353125 0.367188 0.353125 0.365625 0.351562 0.364063 0.351562 0.3625 0.35 0.360938 0.35 0.359375 0.348438 0.357813 0.348438 0.35625 0.346875 0.35625 0.345313 0.353125 0.342188 0.353125 0.332813 0.351562 0.33125 0.866713
0 0.584375 0.479688 0.582813 0.48125 0.582813 0.482813 0.58125 0.484375 0.58125 0.485938 0.573438 0.49375 0.571875 0.49375 0.56875 0.496875 0.565625 0.496875 0.5625 0.5 0.560938 0.5 0.559375 0.501563 0.55625 0.501563 0.554688 0.503125 0.551563 0.503125 0.55 0.504688 0.548438 0.504688 0.546875 0.50625 0.542188 0.50625 0.540625 0.507812 0.534375 0.507812 0.532813 0.509375 0.521875 0.509375 0.520313 0.510938 0.514063 0.510938 0.5125 0.5125 0.503125 0.5125 0.501563 0.514063 0.440625 0.514063 0.439063 0.5125 0.429688 0.5125 0.428125 0.510938 0.421875 0.510938 0.420313 0.509375 0.410938 0.509375 0.409375 0.507812 0.403125 0.507812 0.401563 0.50625 0.398438 0.50625 0.396875 0.504688 0.39375 0.504688 0.392188 0.503125 0.390625 0.503125 0.389063 0.501563 0.3875 0.501563 0.385938 0.5 0.38125 0.5 0.371875 0.490625 0.370313 0.490625 0.36875 0.489063 0.36875 0.485938 0.36875 0.496875 0.370313 0.498438 0.370313 0.5 0.375 0.504688 0.375 0.50625 0.378125 0.509375 0.379688 0.509375 0.38125 0.510938 0.382812 0.510938 0.384375 0.5125 0.385938 0.5125 0.3875 0.514063 0.390625 0.514063 0.392188 0.515625 0.39375 0.515625 0.395313 0.517188 0.398438 0.517188 0.4 0.51875 0.404688 0.51875 0.40625 0.520313 0.409375 0.520313 0.410938 0.521875 0.417188 0.521875 0.41875 0.523438 0.425 0.523438 0.426563 0.525 0.448438 0.525 0.45 0.526563 0.501563 0.526563 0.503125 0.525 0.515625 0.525 0.517188 0.523438 0.526563 0.523438 0.528125 0.521875 0.532813 0.521875 0.534375 0.520313 0.5375 0.520313 0.539063 0.51875 0.542188 0.51875 0.54375 0.517188 0.55 0.517188 0.551563 0.515625 0.554688 0.515625 0.55625 0.514063 0.557813 0.514063 0.559375 0.5125 0.5625 0.5125 0.564063 0.510938 0.565625 0.510938 0.567188 0.509375 0.56875 0.509375 0.573438 0.504688 0.575 0.504688 0.58125 0.498438 0.58125 0.496875 0.584375 0.49375 0.584375 0.490625 0.585938 0.489063 0.585938 0.4875 0.584375 0.485938 0.863905
0 0.58125 0.2875 0.579688 0.289063 0.576563 0.289063 0.575 0.290625 0.573438 0.290625 0.573438 0.296875 0.570313 0.3 0.56875 0.3 0.567188 0.301563 0.565625 0.301563 0.564063 0.303125 0.559375 0.303125 0.557813 0.304688 0.554688 0.304688 0.553125 0.30625 0.545313 0.30625 0.54375 0.307813 0.534375 0.307813 0.532813 0.309375 0.517188 0.309375 0.515625 0.310937 0.492188 0.310937 0.490625 0.3125 0.485938 0.3125 0.484375 0.310937 0.482813 0.3125 0.421875 0.3125 0.420313 0.310937 0.395313 0.310937 0.39375 0.309375 0.379688 0.309375 0.378125 0.307813 0.373438 0.307813 0.371875 0.30625 0.36875 0.30625 0.367188 0.304688 0.3625 0.304688 0.360938 0.303125 0.357813 0.303125 0.35625 0.301563 0.351562 0.301563 0.351562 0.310937 0.354688 0.314063 0.35625 0.314063 0.357813 0.315625 0.359375 0.315625 0.360938 0.317188 0.364063 0.317188 0.365625 0.31875 0.370313 0.31875 0.371875 0.320312 0.376563 0.320312 0.378125 0.321875 0.38125 0.321875 0.382812 0.323438 0.392188 0.323438 0.39375 0.325 0.40625 0.325 0.407813 0.326563 0.423438 0.326563 0.425 0.328125 0.478125 0.328125 0.479688 0.326563 0.503125 0.326563 0.504688 0.325 0.523438 0.325 0.525 0.323438 0.5375 0.323438 0.539063 0.321875 0.548438 0.321875 0.55 0.320312 0.55625 0.320312 0.557813 0.31875 0.560938 0.31875 0.5625 0.317188 0.567188 0.317188 0.56875 0.315625 0.571875 0.315625 0.573438 0.314063 0.576563 0.314063 0.576563 0.3125 0.579688 0.309375 0.58125 0.309375 0.582813 0.307813 0.584375 0.307813 0.585938 0.30625 0.585938 0.303125 0.590625 0.298438 0.590625 0.296875 0.592188 0.295313 0.592188 0.29375 0.59375 0.292188 0.59375 0.2875 0.855115
0 0.359375 0.370313 0.359375 0.390625 0.360938 0.390625 0.364063 0.39375 0.365625 0.39375 0.367188 0.395313 0.370313 0.395313 0.371875 0.396875 0.373438 0.396875 0.375 0.398438 0.376563 0.398438 0.378125 0.4 0.38125 0.4 0.382812 0.401563 0.389063 0.401563 0.390625 0.403125 0.39375 0.403125 0.395313 0.404688 0.398438 0.404688 0.4 0.40625 0.404688 0.40625 0.40625 0.407813 0.425 0.407813 0.426563 0.409375 0.446875 0.409375 0.448438 0.410938 0.495313 0.410938 0.496875 0.409375 0.5125 0.409375 0.514063 0.407813 0.532813 0.407813 0.534375 0.40625 0.542188 0.40625 0.54375 0.404688 0.546875 0.404688 0.548438 0.403125 0.55 0.403125 0.551563 0.401563 0.55625 0.401563 0.557813 0.4 0.564063 0.4 0.565625 0.398438 0.56875 0.398438 0.570313 0.396875 0.571875 0.396875 0.573438 0.395313 0.575 0.395313 0.576563 0.39375 0.578125 0.39375 0.579688 0.392188 0.58125 0.392188 0.582813 0.390625 0.584375 0.390625 0.5875 0.3875 0.589063 0.3875 0.592188 0.384375 0.59375 0.384375 0.595313 0.382812 0.595313 0.376563 0.590625 0.376563 0.589063 0.378125 0.5875 0.378125 0.585938 0.379688 0.584375 0.379688 0.582813 0.38125 0.578125 0.38125 0.576563 0.382812 0.571875 0.382812 0.570313 0.384375 0.567188 0.384375 0.565625 0.385938 0.5625 0.385938 0.560938 0.3875 0.55625 0.3875 0.554688 0.389063 0.545313 0.389063 0.54375 0.390625 0.535938 0.390625 0.534375 0.392188 0.529688 0.392188 0.528125 0.39375 0.51875 0.39375 0.517188 0.395313 0.421875 0.395313 0.420313 0.39375 0.404688 0.39375 0.403125 0.392188 0.4 0.392188 0.398438 0.390625 0.39375 0.390625 0.392188 0.389063 0.382812 0.389063 0.38125 0.3875 0.378125 0.3875 0.376563 0.385938 0.375 0.385938 0.373438 0.384375 0.371875 0.384375 0.370313 0.382812 0.36875 0.382812 0.367188 0.38125 0.365625 0.38125 0.360938 0.376563 0.360938 0.375 0.359375 0.373438 0.851714
0 0.584375 0.495313 0.582813 0.496875 0.582813 0.498438 0.58125 0.5 0.58125 0.501563 0.578125 0.504688 0.576563 0.504688 0.573438 0.507812 0.571875 0.507812 0.567188 0.5125 0.565625 0.5125 0.564063 0.514063 0.559375 0.514063 0.557813 0.515625 0.55625 0.515625 0.554688 0.517188 0.553125 0.517188 0.551563 0.51875 0.546875 0.51875 0.545313 0.520313 0.5375 0.520313 0.535938 0.521875 0.532813 0.521875 0.53125 0.523438 0.528125 0.523438 0.526563 0.525 0.517188 0.525 0.515625 0.526563 0.489063 0.526563 0.4875 0.528125 0.459375 0.528125 0.457813 0.526563 0.428125 0.526563 0.426563 0.525 0.41875 0.525 0.417188 0.523438 0.414062 0.523438 0.4125 0.521875 0.410938 0.521875 0.409375 0.520313 0.401563 0.520313 0.4 0.51875 0.395313 0.51875 0.39375 0.517188 0.392188 0.517188 0.389063 0.514063 0.384375 0.514063 0.382812 0.5125 0.38125 0.5125 0.376563 0.507812 0.376563 0.50625 0.371875 0.501563 0.371875 0.496875 0.370313 0.496875 0.370313 0.514063 0.378125 0.521875 0.379688 0.521875 0.38125 0.523438 0.382812 0.523438 0.385938 0.526563 0.389063 0.526563 0.390625 0.528125 0.392188 0.528125 0.39375 0.529688 0.395313 0.529688 0.396875 0.53125 0.4 0.53125 0.401563 0.532813 0.404688 0.532813 0.40625 0.534375 0.407813 0.534375 0.409375 0.535938 0.4125 0.535938 0.414062 0.5375 0.41875 0.5375 0.420313 0.539063 0.44375 0.539063 0.445312 0.540625 0.49375 0.540625 0.495313 0.539063 0.521875 0.539063 0.523438 0.5375 0.528125 0.5375 0.529688 0.535938 0.534375 0.535938 0.535938 0.534375 0.540625 0.534375 0.542188 0.532813 0.546875 0.532813 0.548438 0.53125 0.553125 0.53125 0.554688 0.529688 0.55625 0.529688 0.557813 0.528125 0.560938 0.528125 0.5625 0.526563 0.564063 0.526563 0.565625 0.525 0.567188 0.525 0.570313 0.521875 0.571875 0.521875 0.573438 0.520313 0.575 0.520313 0.58125 0.514063 0.58125 0.5125 0.584375 0.509375 0.847203
0 0.589063 0.401563 0.584375 0.40625 0.582813 0.40625 0.58125 0.407813 0.579688 0.407813 0.576563 0.410938 0.575 0.410938 0.571875 0.414062 0.565625 0.414062 0.564063 0.415625 0.560938 0.415625 0.559375 0.417188 0.55625 0.417188 0.554688 0.41875 0.548438 0.41875 0.546875 0.420313 0.535938 0.420313 0.534375 0.421875 0.528125 0.421875 0.526563 0.423438 0.520313 0.423438 0.51875 0.425 0.507812 0.425 0.50625 0.426563 0.432813 0.426563 0.43125 0.425 0.417188 0.425 0.415625 0.423438 0.410938 0.423438 0.409375 0.421875 0.398438 0.421875 0.396875 0.420313 0.385938 0.420313 0.384375 0.41875 0.38125 0.41875 0.378125 0.415625 0.373438 0.415625 0.371875 0.414062 0.36875 0.414062 0.364063 0.409375 0.3625 0.409375 0.3625 0.421875 0.364063 0.421875 0.365625 0.423438 0.36875 0.423438 0.370313 0.425 0.371875 0.425 0.373438 0.426563 0.376563 0.426563 0.378125 0.428125 0.379688 0.428125 0.38125 0.429688 0.384375 0.429688 0.385938 0.43125 0.392188 0.43125 0.39375 0.432813 0.398438 0.432813 0.4 0.434375 0.40625 0.434375 0.407813 0.435938 0.415625 0.435938 0.417188 0.4375 0.428125 0.4375 0.429688 0.439063 0.45625 0.439063 0.457813 0.440625 0.476562 0.440625 0.478125 0.439063 0.5125 0.439063 0.514063 0.4375 0.526563 0.4375 0.528125 0.435938 0.534375 0.435938 0.535938 0.434375 0.545313 0.434375 0.546875 0.432813 0.553125 0.432813 0.554688 0.43125 0.559375 0.43125 0.560938 0.429688 0.5625 0.429688 0.564063 0.428125 0.570313 0.428125 0.573438 0.425 0.575 0.425 0.576563 0.423438 0.578125 0.423438 0.579688 0.421875 0.58125 0.421875 0.5875 0.415625 0.5875 0.414062 0.590625 0.410938 0.590625 0.403125 0.798429
0 0.357813 0.3875 0.357813 0.403125 0.360938 0.40625 0.3625 0.40625 0.365625 0.409375 0.367188 0.409375 0.36875 0.410938 0.370313 0.410938 0.371875 0.4125 0.373438 0.4125 0.375 0.414062 0.378125 0.414062 0.379688 0.415625 0.382812 0.415625 0.384375 0.417188 0.3875 0.417188 0.389063 0.41875 0.395313 0.41875 0.396875 0.420313 0.404688 0.420313 0.40625 0.421875 0.417188 0.421875 0.41875 0.423438 0.435938 0.423438 0.4375 0.425 0.498438 0.425 0.5 0.423438 0.520313 0.423438 0.521875 0.421875 0.53125 0.421875 0.532813 0.420313 0.5375 0.420313 0.539063 0.41875 0.546875 0.41875 0.548438 0.417188 0.553125 0.417188 0.554688 0.415625 0.559375 0.415625 0.560938 0.414062 0.564063 0.414062 0.565625 0.4125 0.56875 0.4125 0.570313 0.410938 0.571875 0.410938 0.573438 0.409375 0.575 0.409375 0.576563 0.407813 0.578125 0.407813 0.582813 0.403125 0.584375 0.403125 0.590625 0.396875 0.590625 0.395313 0.592188 0.39375 0.592188 0.390625 0.590625 0.389063 0.589063 0.389063 0.585938 0.392188 0.584375 0.392188 0.58125 0.395313 0.578125 0.395313 0.576563 0.396875 0.575 0.396875 0.571875 0.4 0.56875 0.4 0.567188 0.401563 0.560938 0.401563 0.559375 0.403125 0.553125 0.403125 0.551563 0.404688 0.55 0.404688 0.548438 0.40625 0.54375 0.40625 0.542188 0.407813 0.529688 0.407813 0.528125 0.409375 0.510938 0.409375 0.509375 0.410938 0.496875 0.410938 0.495313 0.4125 0.445312 0.4125 0.44375 0.410938 0.423438 0.410938 0.421875 0.409375 0.404688 0.409375 0.403125 0.407813 0.396875 0.407813 0.395313 0.40625 0.392188 0.40625 0.390625 0.404688 0.3875 0.404688 0.385938 0.403125 0.38125 0.403125 0.379688 0.401563 0.375 0.401563 0.371875 0.398438 0.370313 0.398438 0.36875 0.396875 0.367188 0.396875 0.365625 0.395313 0.364063 0.395313 0.3625 0.39375 0.360938 0.39375 0.359375 0.392188 0.359375 0.390625 0.357813 0.389063 0.769472
0 0.365625 0.465625 0.365625 0.4875 0.370313 0.492188 0.371875 0.492188 0.373438 0.49375 0.375 0.49375 0.378125 0.496875 0.38125 0.496875 0.382812 0.498438 0.385938 0.498438 0.3875 0.5 0.389063 0.5 0.390625 0.501563 0.39375 0.501563 0.395313 0.503125 0.398438 0.503125 0.4 0.504688 0.403125 0.504688 0.404688 0.50625 0.409375 0.50625 0.410938 0.507812 0.420313 0.507812 0.421875 0.509375 0.429688 0.509375 0.43125 0.510938 0.440625 0.510938 0.442188 0.5125 0.4625 0.5125 0.464063 0.514063 0.470313 0.514063 0.471875 0.5125 0.504688 0.5125 0.50625 0.510938 0.514063 0.510938 0.515625 0.509375 0.521875 0.509375 0.523438 0.507812 0.532813 0.507812 0.534375 0.50625 0.539063 0.50625 0.540625 0.504688 0.545313 0.504688 0.546875 0.503125 0.55 0.503125 0.551563 0.501563 0.554688 0.501563 0.55625 0.5 0.559375 0.5 0.5625 0.496875 0.564063 0.496875 0.565625 0.495313 0.56875 0.495313 0.573438 0.490625 0.575 0.490625 0.579688 0.485938 0.579688 0.484375 0.58125 0.482813 0.58125 0.48125 0.582813 0.479688 0.582813 0.478125 0.584375 0.476562 0.584375 0.470313 0.582813 0.470313 0.582813 0.471875 0.578125 0.476562 0.576563 0.476562 0.570313 0.482813 0.567188 0.482813 0.565625 0.484375 0.564063 0.484375 0.5625 0.485938 0.560938 0.485938 0.559375 0.4875 0.557813 0.4875 0.55625 0.489063 0.553125 0.489063 0.551563 0.490625 0.546875 0.490625 0.545313 0.492188 0.540625 0.492188 0.539063 0.49375 0.534375 0.49375 0.532813 0.495313 0.525 0.495313 0.523438 0.496875 0.510938 0.496875 0.509375 0.498438 0.498438 0.498438 0.496875 0.5 0.476562 0.5 0.475 0.501563 0.460938 0.501563 0.459375 0.5 0.442188 0.5 0.440625 0.498438 0.432813 0.498438 0.43125 0.496875 0.415625 0.496875 0.414062 0.495313 0.407813 0.495313 0.40625 0.49375 0.401563 0.49375 0.4 0.492188 0.392188 0.492188 0.390625 0.490625 0.3875 0.490625 0.385938 0.489063 0.384375 0.489063 0.382812 0.4875 0.38125 0.4875 0.378125 0.484375 0.376563 0.484375 0.375 0.482813 0.373438 0.482813 0.371875 0.48125 0.370313 0.48125 0.367188 0.478125 0.367188 0.475 0.365625 0.473438 0.747833
0 0.592188 0.259375 0.590625 0.260938 0.589063 0.260938 0.5875 0.2625 0.584375 0.2625 0.582813 0.264063 0.576563 0.264063 0.575 0.265625 0.571875 0.265625 0.570313 0.267188 0.56875 0.267188 0.567188 0.26875 0.560938 0.26875 0.559375 0.270313 0.545313 0.270313 0.54375 0.271875 0.529688 0.271875 0.528125 0.273438 0.5125 0.273438 0.510938 0.275 0.495313 0.275 0.49375 0.276563 0.3875 0.276563 0.385938 0.275 0.376563 0.275 0.375 0.273438 0.370313 0.273438 0.36875 0.271875 0.3625 0.271875 0.360938 0.270313 0.35625 0.270313 0.35625 0.2875 0.357813 0.2875 0.359375 0.289063 0.384375 0.289063 0.385938 0.290625 0.401563 0.290625 0.403125 0.292188 0.5 0.292188 0.501563 0.290625 0.515625 0.290625 0.517188 0.289063 0.545313 0.289063 0.546875 0.2875 0.55625 0.2875 0.557813 0.285938 0.564063 0.285938 0.565625 0.284375 0.571875 0.284375 0.573438 0.282813 0.58125 0.282813 0.582813 0.28125 0.584375 0.28125 0.585938 0.279688 0.5875 0.279688 0.592188 0.275 0.592188 0.273438 0.59375 0.271875 0.59375 0.26875 0.595313 0.267188 0.595313 0.265625 0.596875 0.264063 0.596875 0.259375 0.721203
0 0.595313 0.359375 0.59375 0.360938 0.590625 0.360938 0.589063 0.3625 0.5875 0.3625 0.585938 0.364063 0.584375 0.364063 0.582813 0.365625 0.58125 0.365625 0.578125 0.36875 0.575 0.36875 0.573438 0.370313 0.567188 0.370313 0.565625 0.371875 0.554688 0.371875 0.553125 0.373438 0.548438 0.373438 0.546875 0.375 0.539063 0.375 0.5375 0.376563 0.526563 0.376563 0.525 0.378125 0.50625 0.378125 0.504688 0.379688 0.4375 0.379688 0.435938 0.378125 0.420313 0.378125 0.41875 0.376563 0.4 0.376563 0.398438 0.375 0.3875 0.375 0.385938 0.373438 0.38125 0.373438 0.379688 0.371875 0.375 0.371875 0.373438 0.370313 0.36875 0.370313 0.367188 0.36875 0.365625 0.36875 0.364063 0.367188 0.3625 0.367188 0.359375 0.364063 0.359375 0.371875 0.3625 0.375 0.3625 0.376563 0.364063 0.378125 0.365625 0.378125 0.367188 0.379688 0.36875 0.379688 0.371875 0.382812 0.373438 0.382812 0.375 0.384375 0.378125 0.384375 0.379688 0.385938 0.385938 0.385938 0.3875 0.3875 0.392188 0.3875 0.39375 0.389063 0.396875 0.389063 0.398438 0.390625 0.404688 0.390625 0.40625 0.392188 0.426563 0.392188 0.428125 0.39375 0.445312 0.39375 0.446875 0.395313 0.485938 0.395313 0.4875 0.39375 0.51875 0.39375 0.520313 0.392188 0.528125 0.392188 0.529688 0.390625 0.535938 0.390625 0.5375 0.389063 0.542188 0.389063 0.54375 0.3875 0.554688 0.3875 0.55625 0.385938 0.560938 0.385938 0.5625 0.384375 0.567188 0.384375 0.56875 0.382812 0.573438 0.382812 0.575 0.38125 0.576563 0.38125 0.578125 0.379688 0.579688 0.379688 0.58125 0.378125 0.585938 0.378125 0.5875 0.376563 0.589063 0.376563 0.589063 0.375 0.592188 0.371875 0.59375 0.371875 0.595313 0.370313 0.59375 0.36875 0.59375 0.364063 0.595313 0.3625 0.681291
0 0.585938 0.41875 0.582813 0.41875 0.576563 0.425 0.575 0.425 0.573438 0.426563 0.571875 0.426563 0.570313 0.428125 0.567188 0.428125 0.565625 0.429688 0.5625 0.429688 0.560938 0.43125 0.559375 0.43125 0.557813 0.432813 0.55 0.432813 0.548438 0.434375 0.540625 0.434375 0.539063 0.435938 0.534375 0.435938 0.532813 0.4375 0.525 0.4375 0.523438 0.439063 0.498438 0.439063 0.496875 0.440625 0.432813 0.440625 0.43125 0.439063 0.414062 0.439063 0.4125 0.4375 0.40625 0.4375 0.404688 0.435938 0.4 0.435938 0.398438 0.434375 0.396875 0.434375 0.395313 0.432813 0.382812 0.432813 0.38125 0.43125 0.379688 0.43125 0.375 0.426563 0.370313 0.426563 0.36875 0.425 0.367188 0.425 0.364063 0.421875 0.364063 0.434375 0.365625 0.435938 0.367188 0.435938 0.370313 0.439063 0.371875 0.439063 0.373438 0.440625 0.376563 0.440625 0.378125 0.442188 0.38125 0.442188 0.382812 0.44375 0.385938 0.44375 0.3875 0.445312 0.392188 0.445312 0.39375 0.446875 0.398438 0.446875 0.4 0.448438 0.40625 0.448438 0.407813 0.45 0.415625 0.45 0.417188 0.451563 0.426563 0.451563 0.428125 0.453125 0.445312 0.453125 0.446875 0.454688 0.464063 0.454688 0.465625 0.45625 0.476562 0.45625 0.478125 0.454688 0.496875 0.454688 0.498438 0.453125 0.510938 0.453125 0.5125 0.451563 0.523438 0.451563 0.525 0.45 0.539063 0.45 0.540625 0.448438 0.546875 0.448438 0.548438 0.446875 0.551563 0.446875 0.553125 0.445312 0.55625 0.445312 0.559375 0.442188 0.564063 0.442188 0.565625 0.440625 0.56875 0.440625 0.570313 0.439063 0.571875 0.439063 0.575 0.435938 0.576563 0.435938 0.585938 0.426563 0.585938 0.41875 0.589063 0.415625 0.589063 0.4125 0.589063 0.415625 0.350532
0 0.589063 0.276563 0.589063 0.278125 0.584375 0.282813 0.579688 0.282813 0.578125 0.284375 0.571875 0.284375 0.570313 0.285938 0.56875 0.285938 0.567188 0.2875 0.560938 0.2875 0.559375 0.289063 0.545313 0.289063 0.54375 0.290625 0.521875 0.290625 0.520313 0.292188 0.5125 0.292188 0.510938 0.29375 0.498438 0.29375 0.496875 0.295313 0.40625 0.295313 0.404688 0.29375 0.39375 0.29375 0.392188 0.292188 0.3875 0.292188 0.385938 0.290625 0.373438 0.290625 0.371875 0.289063 0.3625 0.289063 0.3625 0.303125 0.364063 0.303125 0.365625 0.304688 0.36875 0.304688 0.370313 0.30625 0.375 0.30625 0.376563 0.307813 0.389063 0.307813 0.390625 0.309375 0.423438 0.309375 0.425 0.310937 0.464063 0.310937 0.465625 0.309375 0.503125 0.309375 0.504688 0.307813 0.540625 0.307813 0.542188 0.30625 0.548438 0.30625 0.55 0.304688 0.554688 0.304688 0.55625 0.303125 0.5625 0.303125 0.564063 0.301563 0.571875 0.301563 0.573438 0.3 0.576563 0.3 0.579688 0.296875 0.58125 0.296875 0.582813 0.295313 0.584375 0.295313 0.585938 0.29375 0.585938 0.292188 0.589063 0.289063 0.589063 0.2875 0.590625 0.285938 0.590625 0.28125 0.592188 0.279688 0.592188 0.276563 0.254512
