0 0.541667 0.170312 0.539583 0.171875 0.5375 0.171875 0.535417 0.173437 0.529167 0.173437 0.527083 0.175 0.522917 0.175 0.520833 0.176562 0.51875 0.176562 0.516667 0.178125 0.514583 0.178125 0.5125 0.179688 0.510417 0.179688 0.50625 0.182812 0.504167 0.182812 0.495833 0.189062 0.49375 0.189062 0.491667 0.190625 0.491667 0.192187 0.483333 0.198437 0.483333 0.2 0.479167 0.203125 0.479167 0.204687 0.477083 0.20625 0.477083 0.209375 0.475 0.210938 0.475 0.235937 0.477083 0.2375 0.477083 0.239062 0.479167 0.240625 0.479167 0.242187 0.48125 0.24375 0.48125 0.246875 0.483333 0.248437 0.483333 0.25 0.485417 0.251563 0.485417 0.253125 0.491667 0.257812 0.491667 0.259375 0.502083 0.267187 0.504167 0.267187 0.5125 0.273438 0.514583 0.273438 0.520833 0.278125 0.525 0.278125 0.527083 0.279687 0.53125 0.279687 0.5375 0.284375 0.545833 0.284375 0.547917 0.285937 0.554167 0.285937 0.55625 0.2875 0.558333 0.2875 0.560417 0.289062 0.5625 0.289062 0.564583 0.290625 0.575 0.290625 0.577083 0.292187 0.61875 0.292187 0.620833 0.290625 0.63125 0.290625 0.633333 0.289062 0.6375 0.289062 0.639583 0.2875 0.641667 0.2875 0.64375 0.285937 0.65 0.285937 0.652083 0.284375 0.65625 0.284375 0.660417 0.28125 0.6625 0.28125 0.664583 0.279687 0.66875 0.279687 0.679167 0.271875 0.68125 0.271875 0.689583 0.265625 0.689583 0.264062 0.697917 0.257812 0.697917 0.25625 0.702083 0.253125 0.702083 0.251563 0.704167 0.25 0.704167 0.24375 0.70625 0.242187 0.70625 0.221875 0.704167 0.220312 0.704167 0.217187 0.702083 0.215625 0.702083 0.214062 0.7 0.2125 0.7 0.210938 0.695833 0.207812 0.695833 0.20625 0.679167 0.19375 0.677083 0.19375 0.670833 0.189062 0.66875 0.189062 0.664583 0.185937 0.6625 0.185937 0.658333 0.182812 0.65625 0.182812 0.654167 0.18125 0.652083 0.18125 0.65 0.179688 0.647917 0.179688 0.645833 0.178125 0.64375 0.178125 0.641667 0.176562 0.639583 0.176562 0.6375 0.175 0.63125 0.175 0.629167 0.173437 0.625 0.173437 0.622917 0.171875 0.61875 0.171875 0.616667 0.170312 0.978768
0 0.452083 0.275 0.452083 0.278125 0.45 0.279687 0.45 0.307812 0.452083 0.309375 0.452083 0.3125 0.454167 0.314062 0.454167 0.315625 0.45625 0.317187 0.45625 0.320312 0.458333 0.321875 0.458333 0.323437 0.460417 0.325 0.460417 0.326562 0.466667 0.33125 0.466667 0.332812 0.46875 0.334375 0.46875 0.335938 0.477083 0.342187 0.479167 0.342187 0.4875 0.348437 0.489583 0.348437 0.495833 0.353125 0.5 0.353125 0.502083 0.354687 0.504167 0.354687 0.50625 0.35625 0.508333 0.35625 0.5125 0.359375 0.51875 0.359375 0.520833 0.360937 0.529167 0.360937 0.53125 0.3625 0.535417 0.3625 0.5375 0.364062 0.541667 0.364062 0.54375 0.365625 0.5625 0.365625 0.564583 0.367188 0.585417 0.367188 0.5875 0.365625 0.6 0.365625 0.602083 0.364062 0.604167 0.364062 0.60625 0.3625 0.608333 0.3625 0.610417 0.360937 0.61875 0.360937 0.620833 0.359375 0.625 0.359375 0.629167 0.35625 0.63125 0.35625 0.633333 0.354687 0.635417 0.354687 0.6375 0.353125 0.639583 0.353125 0.652083 0.34375 0.654167 0.34375 0.6625 0.3375 0.6625 0.335938 0.66875 0.33125 0.66875 0.328125 0.670833 0.326562 0.670833 0.323437 0.672917 0.321875 0.672917 0.31875 0.677083 0.315625 0.677083 0.314062 0.679167 0.3125 0.679167 0.307812 0.677083 0.307812 0.675 0.309375 0.675 0.310937 0.672917 0.3125 0.670833 0.3125 0.66875 0.314062 0.66875 0.315625 0.666667 0.317187 0.666667 0.320312 0.658333 0.326562 0.658333 0.328125 0.64375 0.339062 0.641667 0.339062 0.635417 0.34375 0.633333 0.34375 0.63125 0.345312 0.627083 0.345312 0.622917 0.348437 0.61875 0.348437 0.616667 0.35 0.610417 0.35 0.608333 0.351562 0.597917 0.351562 0.595833 0.353125 0.589583 0.353125 0.5875 0.354687 0.58125 0.354687 0.579167 0.35625 0.560417 0.35625 0.558333 0.354687 0.552083 0.354687 0.55 0.353125 0.54375 0.353125 0.541667 0.351562 0.533333 0.351562 0.53125 0.35 0.525 0.35 0.522917 0.348437 0.520833 0.348437 0.51875 0.346875 0.516667 0.346875 0.514583 0.345312 0.510417 0.345312 0.508333 0.34375 0.50625 0.34375 0.504167 0.342187 0.502083 0.342187 0.497917 0.339062 0.495833 0.339062 0.49375 0.3375 0.491667 0.3375 0.485417 0.332812 0.483333 0.332812 0.479167 0.329687 0.479167 0.328125 0.470833 0.321875 0.470833 0.320312 0.46875 0.320312 0.464583 0.317187 0.464583 0.314062 0.4625 0.3125 0.4625 0.310937 0.460417 0.309375 0.460417 0.307812 0.458333 0.30625 0.458333 0.304688 0.45625 0.303125 0.45625 0.298437 0.454167 0.296875 0.454167 0.275 0.977116
0 0.677083 0.290625 0.679167 0.290625 0.679167 0.289062 0.677083 0.289062 0.677083 0.290625 0.672917 0.295312 0.670833 0.29375 0.66875 0.29375 0.666667 0.295312 0.6625 0.295312 0.660417 0.296875 0.658333 0.296875 0.654167 0.3 0.65 0.3 0.647917 0.301562 0.64375 0.301562 0.641667 0.303125 0.639583 0.303125 0.6375 0.304688 0.633333 0.304688 0.63125 0.30625 0.614583 0.30625 0.6125 0.307812 0.583333 0.307812 0.58125 0.30625 0.564583 0.30625 0.5625 0.304688 0.55625 0.304688 0.554167 0.303125 0.552083 0.303125 0.55 0.301562 0.54375 0.301562 0.541667 0.3 0.535417 0.3 0.533333 0.298437 0.53125 0.298437 0.527083 0.295312 0.522917 0.295312 0.520833 0.29375 0.51875 0.29375 0.516667 0.292187 0.514583 0.292187 0.510417 0.289062 0.508333 0.289062 0.497917 0.28125 0.495833 0.28125 0.4875 0.275 0.4875 0.273438 0.485417 0.273438 0.483333 0.271875 0.483333 0.270312 0.479167 0.267187 0.479167 0.265625 0.477083 0.264062 0.475 0.264062 0.472917 0.2625 0.472917 0.260937 0.470833 0.259375 0.470833 0.239062 0.46875 0.240625 0.46875 0.264062 0.470833 0.264062 0.475 0.267187 0.475 0.273438 0.477083 0.275 0.477083 0.276562 0.483333 0.28125 0.483333 0.282812 0.489583 0.2875 0.489583 0.289062 0.49375 0.292187 0.495833 0.292187 0.5 0.295312 0.5 0.296875 0.502083 0.298437 0.504167 0.298437 0.50625 0.3 0.508333 0.3 0.514583 0.304688 0.51875 0.304688 0.520833 0.30625 0.522917 0.30625 0.529167 0.310937 0.5375 0.310937 0.539583 0.3125 0.545833 0.3125 0.547917 0.314062 0.55 0.314062 0.552083 0.315625 0.554167 0.315625 0.55625 0.317187 0.585417 0.317187 0.5875 0.31875 0.589583 0.317187 0.620833 0.317187 0.622917 0.315625 0.627083 0.315625 0.629167 0.314062 0.63125 0.314062 0.633333 0.3125 0.635417 0.3125 0.6375 0.310937 0.64375 0.310937 0.645833 0.309375 0.647917 0.309375 0.652083 0.30625 0.654167 0.30625 0.65625 0.304688 0.658333 0.304688 0.660417 0.303125 0.6625 0.303125 0.6625 0.301562 0.666667 0.298437 0.66875 0.298437 0.672917 0.295312 0.96892
0 0.472917 0.23125 0.472917 0.251563 0.475 0.253125 0.475 0.254688 0.477083 0.25625 0.477083 0.257812 0.479167 0.259375 0.479167 0.2625 0.48125 0.264062 0.48125 0.265625 0.485417 0.26875 0.485417 0.270312 0.4875 0.271875 0.489583 0.271875 0.491667 0.273438 0.491667 0.275 0.497917 0.279687 0.5 0.279687 0.502083 0.28125 0.502083 0.282812 0.504167 0.284375 0.50625 0.284375 0.5125 0.289062 0.514583 0.289062 0.516667 0.290625 0.51875 0.290625 0.520833 0.292187 0.525 0.292187 0.529167 0.295312 0.53125 0.295312 0.533333 0.296875 0.5375 0.296875 0.539583 0.298437 0.545833 0.298437 0.547917 0.3 0.55 0.3 0.552083 0.301562 0.55625 0.301562 0.558333 0.303125 0.56875 0.303125 0.570833 0.304688 0.620833 0.304688 0.622917 0.303125 0.635417 0.303125 0.6375 0.301562 0.639583 0.301562 0.64375 0.298437 0.645833 0.298437 0.647917 0.296875 0.654167 0.296875 0.660417 0.292187 0.664583 0.292187 0.666667 0.290625 0.670833 0.290625 0.672917 0.289062 0.672917 0.2875 0.675 0.285937 0.677083 0.285937 0.6875 0.278125 0.6875 0.276562 0.689583 0.275 0.689583 0.273438 0.695833 0.26875 0.695833 0.2625 0.69375 0.264062 0.69375 0.265625 0.6875 0.270312 0.685417 0.270312 0.685417 0.271875 0.68125 0.275 0.679167 0.275 0.670833 0.28125 0.66875 0.28125 0.666667 0.282812 0.660417 0.282812 0.654167 0.2875 0.65 0.2875 0.647917 0.289062 0.639583 0.289062 0.6375 0.290625 0.635417 0.290625 0.633333 0.292187 0.629167 0.292187 0.627083 0.29375 0.56875 0.29375 0.566667 0.292187 0.5625 0.292187 0.560417 0.290625 0.558333 0.290625 0.55625 0.289062 0.55 0.289062 0.547917 0.2875 0.541667 0.2875 0.539583 0.285937 0.5375 0.285937 0.533333 0.282812 0.529167 0.282812 0.527083 0.28125 0.522917 0.28125 0.520833 0.279687 0.51875 0.279687 0.514583 0.276562 0.5125 0.276562 0.502083 0.26875 0.5 0.26875 0.495833 0.265625 0.495833 0.264062 0.49375 0.264062 0.489583 0.260937 0.489583 0.259375 0.479167 0.251563 0.479167 0.245312 0.477083 0.24375 0.477083 0.239062 0.472917 0.235937 0.961158
0 0.6375 0.364062 0.635417 0.364062 0.635417 0.367188 0.6375 0.365625 0.6375 0.364062 0.64375 0.359375 0.454167 0.3375 0.454167 0.342187 0.475 0.357812 0.477083 0.357812 0.485417 0.364062 0.489583 0.364062 0.49375 0.367188 0.495833 0.367188 0.497917 0.36875 0.5 0.36875 0.502083 0.370312 0.50625 0.370312 0.508333 0.371875 0.510417 0.371875 0.5125 0.373437 0.514583 0.373437 0.516667 0.375 0.522917 0.375 0.525 0.376562 0.541667 0.376562 0.54375 0.378125 0.552083 0.378125 0.554167 0.379687 0.575 0.379687 0.577083 0.378125 0.583333 0.378125 0.585417 0.376562 0.608333 0.376562 0.610417 0.375 0.6125 0.375 0.614583 0.373437 0.614583 0.371875 0.616667 0.370312 0.633333 0.370312 0.63125 0.370312 0.629167 0.371875 0.627083 0.371875 0.625 0.373437 0.61875 0.373437 0.6125 0.378125 0.608333 0.378125 0.60625 0.379687 0.59375 0.379687 0.591667 0.38125 0.589583 0.38125 0.445833 0.329687 0.445833 0.315625 0.44375 0.314062 0.445833 0.3125 0.445833 0.307812 0.44375 0.30625 0.44375 0.301562 0.44375 0.304688 0.441667 0.30625 0.441667 0.323437 0.44375 0.325 0.44375 0.329687 0.445833 0.329687 0.589583 0.38125 0.5875 0.382812 0.585417 0.382812 0.583333 0.384375 0.572917 0.384375 0.570833 0.385937 0.533333 0.385937 0.53125 0.384375 0.527083 0.384375 0.525 0.382812 0.522917 0.382812 0.520833 0.38125 0.5125 0.38125 0.510417 0.379687 0.50625 0.379687 0.504167 0.378125 0.5 0.378125 0.495833 0.375 0.49375 0.375 0.491667 0.373437 0.4875 0.373437 0.485417 0.371875 0.483333 0.371875 0.479167 0.36875 0.477083 0.36875 0.460417 0.35625 0.460417 0.354687 0.458333 0.353125 0.458333 0.351562 0.452083 0.346875 0.452083 0.342187 0.45 0.340625 0.45 0.3375 0.452083 0.335938 0.454167 0.3375 0.64375 0.359375 0.64375 0.359375 0.960286
0 0.660417 0.321875 0.660417 0.320312 0.660417 0.321875 0.654167 0.325 0.652083 0.325 0.65 0.326562 0.647917 0.326562 0.645833 0.328125 0.64375 0.328125 0.639583 0.33125 0.6375 0.33125 0.635417 0.332812 0.633333 0.332812 0.63125 0.334375 0.629167 0.334375 0.625 0.3375 0.620833 0.3375 0.61875 0.339062 0.608333 0.339062 0.60625 0.340625 0.595833 0.340625 0.59375 0.342187 0.5625 0.342187 0.560417 0.340625 0.554167 0.340625 0.552083 0.339062 0.5375 0.339062 0.535417 0.3375 0.53125 0.3375 0.529167 0.335938 0.525 0.335938 0.520833 0.332812 0.516667 0.332812 0.514583 0.33125 0.510417 0.33125 0.504167 0.326562 0.502083 0.326562 0.5 0.325 0.497917 0.325 0.475 0.307812 0.475 0.30625 0.470833 0.303125 0.470833 0.3 0.466667 0.296875 0.466667 0.29375 0.464583 0.292187 0.464583 0.2875 0.4625 0.285937 0.4625 0.265625 0.460417 0.265625 0.460417 0.270312 0.458333 0.271875 0.458333 0.298437 0.460417 0.3 0.460417 0.304688 0.4625 0.30625 0.4625 0.307812 0.466667 0.310937 0.466667 0.314062 0.472917 0.31875 0.472917 0.320312 0.491667 0.334375 0.49375 0.334375 0.495833 0.335938 0.497917 0.335938 0.504167 0.340625 0.508333 0.340625 0.510417 0.342187 0.514583 0.342187 0.51875 0.345312 0.520833 0.345312 0.522917 0.346875 0.527083 0.346875 0.529167 0.348437 0.5375 0.348437 0.539583 0.35 0.54375 0.35 0.545833 0.351562 0.591667 0.351562 0.59375 0.35 0.597917 0.35 0.6 0.348437 0.608333 0.348437 0.610417 0.346875 0.620833 0.346875 0.627083 0.342187 0.63125 0.342187 0.633333 0.340625 0.635417 0.340625 0.641667 0.335938 0.64375 0.335938 0.647917 0.332812 0.647917 0.33125 0.652083 0.328125 0.654167 0.328125 0.654167 0.325 0.898151
0 0.460417 0.257812 0.460417 0.285937 0.4625 0.285937 0.464583 0.2875 0.464583 0.289062 0.466667 0.290625 0.466667 0.296875 0.472917 0.301562 0.472917 0.303125 0.477083 0.30625 0.477083 0.307812 0.485417 0.314062 0.485417 0.315625 0.4875 0.315625 0.495833 0.321875 0.497917 0.321875 0.50625 0.328125 0.510417 0.328125 0.5125 0.329687 0.514583 0.329687 0.516667 0.33125 0.51875 0.33125 0.520833 0.332812 0.522917 0.332812 0.525 0.334375 0.529167 0.334375 0.53125 0.335938 0.535417 0.335938 0.5375 0.3375 0.54375 0.3375 0.545833 0.339062 0.552083 0.339062 0.554167 0.340625 0.564583 0.340625 0.566667 0.342187 0.59375 0.342187 0.595833 0.340625 0.6 0.340625 0.602083 0.339062 0.610417 0.339062 0.6125 0.3375 0.614583 0.3375 0.616667 0.335938 0.622917 0.335938 0.625 0.334375 0.629167 0.334375 0.635417 0.329687 0.639583 0.329687 0.641667 0.328125 0.645833 0.328125 0.645833 0.326562 0.65 0.323437 0.652083 0.323437 0.65625 0.320312 0.652083 0.320312 0.65 0.321875 0.645833 0.321875 0.645833 0.323437 0.64375 0.325 0.641667 0.325 0.639583 0.326562 0.63125 0.326562 0.629167 0.328125 0.622917 0.328125 0.620833 0.329687 0.616667 0.329687 0.614583 0.33125 0.608333 0.33125 0.60625 0.332812 0.566667 0.332812 0.564583 0.33125 0.55625 0.33125 0.554167 0.329687 0.55 0.329687 0.547917 0.328125 0.54375 0.328125 0.541667 0.326562 0.533333 0.326562 0.53125 0.325 0.529167 0.325 0.527083 0.323437 0.525 0.323437 0.522917 0.321875 0.520833 0.321875 0.51875 0.320312 0.516667 0.320312 0.514583 0.31875 0.5125 0.31875 0.50625 0.314062 0.504167 0.314062 0.502083 0.3125 0.5 0.3125 0.479167 0.296875 0.479167 0.295312 0.472917 0.290625 0.472917 0.289062 0.470833 0.2875 0.470833 0.28125 0.46875 0.279687 0.46875 0.275 0.466667 0.273438 0.466667 0.267187 0.464583 0.265625 0.464583 0.257812 0.886953
0 0.685417 0.289062 0.685417 0.289062 0.679167 0.29375 0.677083 0.29375 0.677083 0.295312 0.670833 0.3 0.66875 0.3 0.666667 0.301562 0.666667 0.303125 0.664583 0.304688 0.6625 0.304688 0.658333 0.307812 0.654167 0.307812 0.647917 0.3125 0.645833 0.3125 0.64375 0.314062 0.635417 0.314062 0.633333 0.315625 0.63125 0.315625 0.629167 0.317187 0.627083 0.317187 0.625 0.31875 0.620833 0.31875 0.61875 0.320312 0.560417 0.320312 0.558333 0.31875 0.552083 0.31875 0.547917 0.315625 0.54375 0.315625 0.541667 0.314062 0.53125 0.314062 0.529167 0.3125 0.527083 0.3125 0.520833 0.307812 0.516667 0.307812 0.514583 0.30625 0.5125 0.30625 0.50625 0.301562 0.502083 0.301562 0.4875 0.290625 0.4875 0.289062 0.485417 0.289062 0.48125 0.285937 0.48125 0.284375 0.479167 0.282812 0.479167 0.279687 0.477083 0.278125 0.475 0.278125 0.472917 0.276562 0.472917 0.273438 0.470833 0.271875 0.470833 0.264062 0.46875 0.2625 0.46875 0.260937 0.46875 0.28125 0.470833 0.282812 0.470833 0.284375 0.472917 0.285937 0.472917 0.289062 0.475 0.290625 0.475 0.292187 0.485417 0.3 0.485417 0.301562 0.4875 0.301562 0.502083 0.3125 0.504167 0.3125 0.50625 0.314062 0.508333 0.314062 0.510417 0.315625 0.5125 0.315625 0.51875 0.320312 0.520833 0.320312 0.522917 0.321875 0.529167 0.321875 0.53125 0.323437 0.533333 0.323437 0.535417 0.325 0.539583 0.325 0.541667 0.326562 0.545833 0.326562 0.547917 0.328125 0.558333 0.328125 0.560417 0.329687 0.579167 0.329687 0.58125 0.33125 0.597917 0.33125 0.6 0.329687 0.614583 0.329687 0.616667 0.328125 0.627083 0.328125 0.629167 0.326562 0.63125 0.326562 0.633333 0.325 0.6375 0.325 0.639583 0.323437 0.641667 0.323437 0.64375 0.321875 0.645833 0.321875 0.647917 0.320312 0.65 0.320312 0.652083 0.31875 0.654167 0.31875 0.65625 0.317187 0.658333 0.317187 0.670833 0.307812 0.670833 0.30625 0.675 0.303125 0.677083 0.303125 0.677083 0.301562 0.679167 0.3 0.679167 0.29375 0.869852
0 0.4375 0.30625 0.4375 0.34375 0.439583 0.345312 0.439583 0.346875 0.441667 0.348437 0.441667 0.35 0.44375 0.351562 0.44375 0.354687 0.45 0.359375 0.45 0.360937 0.452083 0.3625 0.452083 0.364062 0.454167 0.365625 0.45625 0.365625 0.460417 0.36875 0.460417 0.370312 0.4625 0.371875 0.464583 0.371875 0.472917 0.378125 0.475 0.378125 0.477083 0.379687 0.479167 0.379687 0.485417 0.384375 0.489583 0.384375 0.491667 0.385937 0.495833 0.385937 0.497917 0.3875 0.5 0.3875 0.502083 0.389062 0.504167 0.389062 0.50625 0.390625 0.510417 0.390625 0.5125 0.392187 0.522917 0.392187 0.525 0.39375 0.533333 0.39375 0.535417 0.395312 0.5625 0.395312 0.564583 0.39375 0.572917 0.39375 0.575 0.392187 0.5875 0.392187 0.589583 0.390625 0.595833 0.390625 0.602083 0.385937 0.60625 0.385937 0.608333 0.384375 0.6125 0.384375 0.614583 0.382812 0.614583 0.38125 0.616667 0.379687 0.61875 0.379687 0.622917 0.376562 0.616667 0.376562 0.6125 0.379687 0.610417 0.379687 0.608333 0.38125 0.6 0.38125 0.597917 0.382812 0.591667 0.382812 0.589583 0.384375 0.585417 0.384375 0.583333 0.385937 0.579167 0.385937 0.577083 0.3875 0.533333 0.3875 0.53125 0.385937 0.527083 0.385937 0.525 0.384375 0.522917 0.384375 0.520833 0.382812 0.5125 0.382812 0.510417 0.38125 0.504167 0.38125 0.502083 0.379687 0.5 0.379687 0.495833 0.376562 0.491667 0.376562 0.489583 0.375 0.485417 0.375 0.479167 0.370312 0.477083 0.370312 0.45625 0.354687 0.45625 0.353125 0.454167 0.351562 0.454167 0.35 0.45 0.346875 0.45 0.345312 0.447917 0.34375 0.447917 0.339062 0.445833 0.3375 0.445833 0.332812 0.44375 0.33125 0.44375 0.328125 0.441667 0.326562 0.441667 0.314062 0.439583 0.3125 0.439583 0.307812 0.796254
0 0.44375 0.290625 0.44375 0.315625 0.445833 0.315625 0.45 0.31875 0.45 0.326562 0.452083 0.328125 0.452083 0.33125 0.454167 0.332812 0.454167 0.334375 0.45625 0.335938 0.45625 0.339062 0.458333 0.340625 0.458333 0.342187 0.460417 0.34375 0.460417 0.345312 0.472917 0.354687 0.475 0.354687 0.48125 0.359375 0.483333 0.359375 0.4875 0.3625 0.489583 0.3625 0.49375 0.365625 0.495833 0.365625 0.497917 0.367188 0.502083 0.367188 0.504167 0.36875 0.50625 0.36875 0.508333 0.370312 0.510417 0.370312 0.5125 0.371875 0.516667 0.371875 0.51875 0.373437 0.525 0.373437 0.527083 0.375 0.541667 0.375 0.54375 0.376562 0.55 0.376562 0.552083 0.378125 0.577083 0.378125 0.579167 0.376562 0.583333 0.376562 0.585417 0.375 0.602083 0.375 0.604167 0.373437 0.608333 0.373437 0.610417 0.371875 0.6125 0.371875 0.616667 0.36875 0.620833 0.36875 0.622917 0.367188 0.627083 0.367188 0.629167 0.365625 0.63125 0.365625 0.63125 0.364062 0.633333 0.3625 0.635417 0.3625 0.6375 0.360937 0.639583 0.360937 0.641667 0.359375 0.641667 0.357812 0.645833 0.354687 0.647917 0.354687 0.65 0.353125 0.652083 0.353125 0.652083 0.351562 0.654167 0.35 0.654167 0.348437 0.65625 0.346875 0.652083 0.346875 0.652083 0.35 0.65 0.351562 0.645833 0.351562 0.64375 0.353125 0.64375 0.354687 0.639583 0.357812 0.63125 0.357812 0.625 0.3625 0.620833 0.3625 0.61875 0.364062 0.608333 0.364062 0.60625 0.365625 0.604167 0.365625 0.602083 0.367188 0.597917 0.367188 0.595833 0.36875 0.579167 0.36875 0.577083 0.370312 0.564583 0.370312 0.5625 0.36875 0.545833 0.36875 0.54375 0.367188 0.539583 0.367188 0.5375 0.365625 0.535417 0.365625 0.533333 0.364062 0.522917 0.364062 0.520833 0.3625 0.514583 0.3625 0.5125 0.360937 0.510417 0.360937 0.50625 0.357812 0.502083 0.357812 0.5 0.35625 0.497917 0.35625 0.49375 0.353125 0.491667 0.353125 0.489583 0.351562 0.4875 0.351562 0.479167 0.345312 0.477083 0.345312 0.464583 0.335938 0.464583 0.334375 0.4625 0.332812 0.4625 0.33125 0.460417 0.329687 0.458333 0.329687 0.45625 0.328125 0.45625 0.326562 0.454167 0.325 0.454167 0.320312 0.452083 0.31875 0.452083 0.315625 0.447917 0.3125 0.447917 0.3 0.445833 0.298437 0.445833 0.290625 0.75463
0 0.44375 0.292187 0.44375 0.317187 0.447917 0.320312 0.447917 0.323437 0.45 0.325 0.45 0.329687 0.452083 0.33125 0.452083 0.334375 0.454167 0.335938 0.454167 0.3375 0.45625 0.339062 0.45625 0.340625 0.458333 0.342187 0.458333 0.34375 0.46875 0.351562 0.46875 0.353125 0.470833 0.353125 0.475 0.35625 0.477083 0.35625 0.483333 0.360937 0.485417 0.360937 0.489583 0.364062 0.491667 0.364062 0.49375 0.365625 0.495833 0.365625 0.497917 0.367188 0.5 0.367188 0.502083 0.36875 0.50625 0.36875 0.508333 0.370312 0.510417 0.370312 0.5125 0.371875 0.514583 0.371875 0.516667 0.373437 0.525 0.373437 0.527083 0.375 0.539583 0.375 0.541667 0.376562 0.547917 0.376562 0.55 0.378125 0.579167 0.378125 0.58125 0.376562 0.585417 0.376562 0.5875 0.375 0.604167 0.375 0.60625 0.373437 0.610417 0.373437 0.614583 0.370312 0.616667 0.370312 0.61875 0.36875 0.620833 0.36875 0.622917 0.367188 0.629167 0.367188 0.635417 0.3625 0.6375 0.3625 0.65 0.353125 0.652083 0.353125 0.654167 0.351562 0.654167 0.348437 0.65625 0.346875 0.654167 0.345312 0.652083 0.346875 0.652083 0.348437 0.647917 0.351562 0.64375 0.351562 0.64375 0.354687 0.641667 0.35625 0.6375 0.35625 0.635417 0.357812 0.63125 0.357812 0.625 0.3625 0.61875 0.3625 0.616667 0.364062 0.608333 0.364062 0.60625 0.365625 0.604167 0.365625 0.602083 0.367188 0.597917 0.367188 0.595833 0.36875 0.575 0.36875 0.572917 0.370312 0.56875 0.370312 0.566667 0.36875 0.545833 0.36875 0.54375 0.367188 0.539583 0.367188 0.5375 0.365625 0.535417 0.365625 0.533333 0.364062 0.522917 0.364062 0.520833 0.3625 0.514583 0.3625 0.5125 0.360937 0.510417 0.360937 0.50625 0.357812 0.502083 0.357812 0.5 0.35625 0.497917 0.35625 0.49375 0.353125 0.491667 0.353125 0.4875 0.35 0.485417 0.35 0.479167 0.345312 0.477083 0.345312 0.470833 0.340625 0.470833 0.339062 0.46875 0.339062 0.464583 0.335938 0.464583 0.334375 0.4625 0.332812 0.4625 0.33125 0.454167 0.325 0.454167 0.31875 0.452083 0.317187 0.452083 0.314062 0.447917 0.310937 0.447917 0.303125 0.445833 0.301562 0.445833 0.292187 0.440911
