0 0.4 0.109375 0.397917 0.110937 0.391667 0.110937 0.389583 0.1125 0.38125 0.1125 0.379167 0.114062 0.375 0.114062 0.372917 0.115625 0.36875 0.115625 0.366667 0.117187 0.3625 0.117187 0.360417 0.11875 0.35625 0.11875 0.354167 0.120312 0.352083 0.120312 0.35 0.121875 0.345833 0.121875 0.34375 0.123437 0.341667 0.123437 0.339583 0.125 0.3375 0.125 0.335417 0.126562 0.333333 0.126562 0.33125 0.128125 0.329167 0.128125 0.325 0.13125 0.322917 0.13125 0.322917 0.132812 0.320833 0.134375 0.31875 0.134375 0.304167 0.145312 0.304167 0.146875 0.297917 0.151562 0.297917 0.153125 0.295833 0.154687 0.295833 0.15625 0.29375 0.157812 0.29375 0.159375 0.291667 0.160937 0.291667 0.19375 0.29375 0.195312 0.29375 0.196875 0.295833 0.198437 0.295833 0.2 0.297917 0.201562 0.297917 0.204687 0.3 0.20625 0.3 0.207812 0.302083 0.209375 0.302083 0.210938 0.308333 0.215625 0.308333 0.217187 0.325 0.229687 0.327083 0.229687 0.335417 0.235937 0.339583 0.235937 0.34375 0.239062 0.345833 0.239062 0.347917 0.240625 0.35 0.240625 0.352083 0.242187 0.354167 0.242187 0.35625 0.24375 0.358333 0.24375 0.360417 0.245312 0.3625 0.245312 0.364583 0.246875 0.366667 0.246875 0.36875 0.248437 0.372917 0.248437 0.375 0.25 0.379167 0.25 0.38125 0.251563 0.383333 0.251563 0.385417 0.253125 0.389583 0.253125 0.391667 0.254688 0.397917 0.254688 0.4 0.25625 0.40625 0.25625 0.408333 0.257812 0.414583 0.257812 0.416667 0.259375 0.422917 0.259375 0.425 0.260937 0.435417 0.260937 0.4375 0.2625 0.514583 0.2625 0.516667 0.260937 0.527083 0.260937 0.529167 0.259375 0.533333 0.259375 0.535417 0.257812 0.539583 0.257812 0.541667 0.25625 0.547917 0.25625 0.55 0.254688 0.55625 0.254688 0.558333 0.253125 0.560417 0.253125 0.5625 0.251563 0.564583 0.251563 0.566667 0.25 0.570833 0.25 0.572917 0.248437 0.575 0.248437 0.577083 0.246875 0.579167 0.246875 0.583333 0.24375 0.585417 0.24375 0.5875 0.242187 0.589583 0.242187 0.591667 0.240625 0.59375 0.240625 0.6 0.235937 0.602083 0.235937 0.614583 0.226562 0.614583 0.225 0.620833 0.220312 0.620833 0.21875 0.622917 0.217187 0.622917 0.214062 0.625 0.2125 0.625 0.209375 0.627083 0.207812 0.627083 0.204687 0.629167 0.203125 0.629167 0.196875 0.63125 0.195312 0.63125 0.184375 0.633333 0.182812 0.633333 0.178125 0.63125 0.176562 0.63125 0.171875 0.629167 0.170312 0.629167 0.16875 0.627083 0.167187 0.627083 0.164062 0.622917 0.160937 0.622917 0.159375 0.616667 0.154687 0.616667 0.153125 0.604167 0.14375 0.602083 0.14375 0.591667 0.135937 0.589583 0.135937 0.5875 0.134375 0.585417 0.134375 0.583333 0.132812 0.58125 0.132812 0.577083 0.129687 0.575 0.129687 0.572917 0.128125 0.570833 0.128125 0.56875 0.126562 0.566667 0.126562 0.564583 0.125 0.5625 0.125 0.560417 0.123437 0.55625 0.123437 0.554167 0.121875 0.55 0.121875 0.547917 0.120312 0.545833 0.120312 0.54375 0.11875 0.539583 0.11875 0.5375 0.117187 0.53125 0.117187 0.529167 0.115625 0.525 0.115625 0.522917 0.114062 0.51875 0.114062 0.516667 0.1125 0.5125 0.1125 0.510417 0.110937 0.502083 0.110937 0.5 0.109375 0.986317
0 0.56875 0.453125 0.570833 0.453125 0.570833 0.451562 0.56875 0.453125 0.564583 0.457812 0.5625 0.45625 0.560417 0.45625 0.558333 0.457812 0.55625 0.457812 0.547917 0.464062 0.54375 0.464062 0.539583 0.467187 0.5375 0.467187 0.535417 0.46875 0.533333 0.46875 0.53125 0.470312 0.520833 0.470312 0.514583 0.475 0.508333 0.475 0.50625 0.476562 0.433333 0.476562 0.43125 0.475 0.425 0.475 0.422917 0.473437 0.420833 0.473437 0.41875 0.471875 0.416667 0.471875 0.414583 0.470312 0.408333 0.470312 0.40625 0.46875 0.404167 0.46875 0.402083 0.467187 0.4 0.467187 0.395833 0.464062 0.391667 0.464062 0.389583 0.4625 0.3875 0.4625 0.385417 0.460937 0.383333 0.460937 0.379167 0.457812 0.377083 0.457812 0.3625 0.446875 0.3625 0.445312 0.360417 0.445312 0.354167 0.440625 0.354167 0.439062 0.352083 0.439062 0.345833 0.434375 0.345833 0.43125 0.34375 0.429688 0.34375 0.428125 0.339583 0.425 0.339583 0.421875 0.3375 0.420312 0.3375 0.417187 0.335417 0.415625 0.335417 0.4125 0.333333 0.4125 0.333333 0.429688 0.335417 0.429688 0.339583 0.432812 0.339583 0.434375 0.341667 0.435937 0.341667 0.4375 0.34375 0.439062 0.34375 0.440625 0.35 0.445312 0.35 0.448437 0.352083 0.45 0.352083 0.451562 0.364583 0.460937 0.366667 0.460937 0.375 0.467187 0.379167 0.467187 0.385417 0.471875 0.3875 0.471875 0.389583 0.473437 0.395833 0.473437 0.402083 0.478125 0.404167 0.478125 0.40625 0.479687 0.416667 0.479687 0.41875 0.48125 0.420833 0.48125 0.422917 0.482812 0.425 0.482812 0.427083 0.484375 0.429167 0.484375 0.43125 0.485937 0.497917 0.485937 0.5 0.484375 0.504167 0.484375 0.508333 0.48125 0.5125 0.48125 0.514583 0.479687 0.522917 0.479687 0.525 0.478125 0.529167 0.478125 0.533333 0.475 0.535417 0.475 0.5375 0.473437 0.539583 0.473437 0.541667 0.471875 0.54375 0.471875 0.55 0.467187 0.552083 0.467187 0.55625 0.464062 0.55625 0.4625 0.558333 0.460937 0.560417 0.460937 0.564583 0.457812 0.982945
0 0.64375 0.260937 0.64375 0.254688 0.64375 0.260937 0.6375 0.26875 0.635417 0.26875 0.635417 0.273438 0.63125 0.276562 0.629167 0.276562 0.620833 0.282812 0.61875 0.282812 0.6125 0.2875 0.610417 0.2875 0.608333 0.289062 0.60625 0.289062 0.6 0.29375 0.597917 0.29375 0.595833 0.295312 0.59375 0.295312 0.591667 0.296875 0.589583 0.296875 0.5875 0.298437 0.585417 0.298437 0.583333 0.3 0.58125 0.3 0.579167 0.301562 0.575 0.301562 0.572917 0.303125 0.56875 0.303125 0.564583 0.30625 0.560417 0.30625 0.558333 0.307812 0.552083 0.307812 0.55 0.309375 0.539583 0.309375 0.5375 0.310937 0.53125 0.310937 0.529167 0.3125 0.51875 0.3125 0.516667 0.314062 0.45625 0.314062 0.454167 0.3125 0.439583 0.3125 0.4375 0.310937 0.429167 0.310937 0.427083 0.309375 0.416667 0.309375 0.414583 0.307812 0.40625 0.307812 0.404167 0.30625 0.402083 0.30625 0.4 0.304688 0.397917 0.304688 0.395833 0.303125 0.389583 0.303125 0.3875 0.301562 0.385417 0.301562 0.383333 0.3 0.38125 0.3 0.379167 0.298437 0.377083 0.298437 0.375 0.296875 0.372917 0.296875 0.370833 0.295312 0.36875 0.295312 0.366667 0.29375 0.364583 0.29375 0.3625 0.292187 0.358333 0.292187 0.354167 0.289062 0.352083 0.289062 0.347917 0.285937 0.345833 0.285937 0.339583 0.28125 0.3375 0.28125 0.33125 0.276562 0.329167 0.276562 0.327083 0.275 0.325 0.275 0.320833 0.271875 0.320833 0.270312 0.314583 0.265625 0.314583 0.264062 0.3125 0.2625 0.3125 0.260937 0.304167 0.254688 0.304167 0.25 0.302083 0.248437 0.302083 0.254688 0.304167 0.25625 0.304167 0.257812 0.308333 0.260937 0.308333 0.265625 0.310417 0.267187 0.310417 0.270312 0.314583 0.273438 0.314583 0.275 0.316667 0.276562 0.316667 0.278125 0.325 0.284375 0.325 0.285937 0.345833 0.301562 0.347917 0.301562 0.35 0.303125 0.352083 0.303125 0.354167 0.304688 0.35625 0.304688 0.360417 0.307812 0.3625 0.307812 0.364583 0.309375 0.366667 0.309375 0.36875 0.310937 0.370833 0.310937 0.372917 0.3125 0.375 0.3125 0.377083 0.314062 0.379167 0.314062 0.38125 0.315625 0.383333 0.315625 0.385417 0.317187 0.391667 0.317187 0.39375 0.31875 0.395833 0.31875 0.397917 0.320312 0.4 0.320312 0.402083 0.321875 0.40625 0.321875 0.408333 0.323437 0.416667 0.323437 0.41875 0.325 0.427083 0.325 0.429167 0.326562 0.4375 0.326562 0.439583 0.328125 0.45 0.328125 0.452083 0.329687 0.51875 0.329687 0.520833 0.328125 0.529167 0.328125 0.53125 0.326562 0.539583 0.326562 0.541667 0.325 0.554167 0.325 0.55625 0.323437 0.558333 0.323437 0.560417 0.321875 0.5625 0.321875 0.564583 0.320312 0.566667 0.320312 0.56875 0.31875 0.575 0.31875 0.577083 0.317187 0.579167 0.317187 0.583333 0.314062 0.585417 0.314062 0.5875 0.3125 0.589583 0.3125 0.591667 0.310937 0.59375 0.310937 0.595833 0.309375 0.597917 0.309375 0.60625 0.303125 0.608333 0.303125 0.608333 0.301562 0.6125 0.298437 0.614583 0.298437 0.622917 0.292187 0.622917 0.290625 0.625 0.289062 0.625 0.2875 0.627083 0.285937 0.629167 0.285937 0.63125 0.284375 0.63125 0.279687 0.635417 0.276562 0.635417 0.273438 0.6375 0.271875 0.6375 0.26875 0.97708
0 0.310417 0.296875 0.310417 0.3 0.30625 0.303125 0.30625 0.334375 0.308333 0.335938 0.308333 0.3375 0.310417 0.339062 0.310417 0.340625 0.3125 0.342187 0.3125 0.34375 0.316667 0.346875 0.316667 0.348437 0.31875 0.35 0.31875 0.351562 0.322917 0.354687 0.322917 0.35625 0.325 0.357812 0.325 0.359375 0.333333 0.365625 0.333333 0.367188 0.3375 0.370312 0.339583 0.370312 0.352083 0.379687 0.354167 0.379687 0.360417 0.384375 0.3625 0.384375 0.364583 0.385937 0.366667 0.385937 0.36875 0.3875 0.370833 0.3875 0.375 0.390625 0.379167 0.390625 0.38125 0.392187 0.385417 0.392187 0.3875 0.39375 0.389583 0.39375 0.39375 0.396875 0.397917 0.396875 0.4 0.398438 0.408333 0.398438 0.410417 0.4 0.41875 0.4 0.420833 0.401562 0.422917 0.401562 0.425 0.403125 0.43125 0.403125 0.433333 0.404687 0.4625 0.404687 0.464583 0.40625 0.5 0.40625 0.502083 0.404687 0.520833 0.404687 0.522917 0.403125 0.525 0.403125 0.527083 0.401562 0.529167 0.401562 0.53125 0.4 0.539583 0.4 0.541667 0.398438 0.545833 0.398438 0.547917 0.396875 0.55 0.396875 0.554167 0.39375 0.55625 0.39375 0.558333 0.392187 0.5625 0.392187 0.56875 0.3875 0.570833 0.3875 0.572917 0.385937 0.575 0.385937 0.577083 0.384375 0.579167 0.384375 0.5875 0.378125 0.589583 0.378125 0.589583 0.376562 0.59375 0.373437 0.595833 0.373437 0.595833 0.371875 0.6 0.36875 0.6 0.367188 0.60625 0.3625 0.60625 0.360937 0.614583 0.354687 0.614583 0.353125 0.616667 0.351562 0.616667 0.348437 0.61875 0.346875 0.61875 0.34375 0.620833 0.342187 0.620833 0.335938 0.622917 0.334375 0.622917 0.320312 0.620833 0.320312 0.61875 0.321875 0.61875 0.334375 0.616667 0.335938 0.616667 0.3375 0.610417 0.342187 0.610417 0.345312 0.608333 0.346875 0.608333 0.348437 0.602083 0.353125 0.602083 0.354687 0.597917 0.357812 0.595833 0.357812 0.59375 0.359375 0.59375 0.360937 0.589583 0.364062 0.5875 0.364062 0.579167 0.370312 0.575 0.370312 0.572917 0.371875 0.570833 0.371875 0.564583 0.376562 0.560417 0.376562 0.558333 0.378125 0.55625 0.378125 0.554167 0.379687 0.552083 0.379687 0.55 0.38125 0.547917 0.38125 0.545833 0.382812 0.539583 0.382812 0.5375 0.384375 0.533333 0.384375 0.53125 0.385937 0.527083 0.385937 0.525 0.3875 0.51875 0.3875 0.516667 0.389062 0.50625 0.389062 0.504167 0.390625 0.495833 0.390625 0.49375 0.392187 0.45625 0.392187 0.454167 0.390625 0.445833 0.390625 0.44375 0.389062 0.43125 0.389062 0.429167 0.3875 0.420833 0.3875 0.41875 0.385937 0.4125 0.385937 0.410417 0.384375 0.408333 0.384375 0.40625 0.382812 0.402083 0.382812 0.4 0.38125 0.395833 0.38125 0.39375 0.379687 0.391667 0.379687 0.389583 0.378125 0.3875 0.378125 0.385417 0.376562 0.383333 0.376562 0.38125 0.375 0.377083 0.375 0.375 0.373437 0.372917 0.373437 0.36875 0.370312 0.366667 0.370312 0.364583 0.36875 0.3625 0.36875 0.35625 0.364062 0.354167 0.364062 0.34375 0.35625 0.341667 0.35625 0.3375 0.353125 0.3375 0.351562 0.329167 0.345312 0.329167 0.34375 0.327083 0.342187 0.327083 0.340625 0.322917 0.3375 0.322917 0.335938 0.320833 0.334375 0.320833 0.33125 0.31875 0.329687 0.31875 0.328125 0.316667 0.326562 0.316667 0.320312 0.314583 0.31875 0.314583 0.310937 0.3125 0.309375 0.3125 0.298437 0.976669
0 0.545833 0.48125 0.54375 0.482812 0.539583 0.482812 0.5375 0.484375 0.545833 0.484375 0.547917 0.482812 0.545833 0.48125 0.552083 0.478125 0.554167 0.478125 0.554167 0.476562 0.560417 0.471875 0.535417 0.4875 0.533333 0.4875 0.53125 0.489062 0.525 0.489062 0.522917 0.490625 0.520833 0.490625 0.51875 0.492187 0.5125 0.492187 0.510417 0.49375 0.50625 0.49375 0.504167 0.495312 0.49375 0.495312 0.491667 0.496875 0.48125 0.496875 0.479167 0.498437 0.46875 0.498437 0.466667 0.496875 0.439583 0.496875 0.4375 0.495312 0.427083 0.495312 0.425 0.49375 0.41875 0.49375 0.416667 0.492187 0.4125 0.492187 0.410417 0.490625 0.408333 0.490625 0.40625 0.489062 0.4 0.489062 0.397917 0.4875 0.395833 0.4875 0.39375 0.485937 0.391667 0.485937 0.3875 0.482812 0.385417 0.482812 0.383333 0.48125 0.38125 0.48125 0.372917 0.475 0.370833 0.475 0.3625 0.46875 0.360417 0.46875 0.35625 0.465625 0.35625 0.464062 0.354167 0.4625 0.354167 0.460937 0.347917 0.45625 0.347917 0.454687 0.345833 0.453125 0.345833 0.451562 0.341667 0.448437 0.341667 0.446875 0.339583 0.445312 0.339583 0.44375 0.3375 0.442187 0.3375 0.439062 0.335417 0.4375 0.335417 0.434375 0.333333 0.432812 0.333333 0.428125 0.33125 0.426562 0.33125 0.423437 0.33125 0.448437 0.333333 0.45 0.333333 0.453125 0.335417 0.454687 0.335417 0.45625 0.3375 0.457812 0.3375 0.459375 0.341667 0.4625 0.341667 0.464062 0.34375 0.465625 0.34375 0.467187 0.352083 0.473437 0.352083 0.475 0.35625 0.478125 0.358333 0.478125 0.36875 0.485937 0.370833 0.485937 0.377083 0.490625 0.379167 0.490625 0.38125 0.492187 0.383333 0.492187 0.385417 0.49375 0.3875 0.49375 0.391667 0.496875 0.395833 0.496875 0.397917 0.498437 0.402083 0.498437 0.404167 0.5 0.40625 0.5 0.408333 0.501562 0.410417 0.501562 0.4125 0.503125 0.41875 0.503125 0.420833 0.504687 0.435417 0.504687 0.4375 0.50625 0.479167 0.50625 0.48125 0.504687 0.49375 0.504687 0.495833 0.503125 0.5 0.503125 0.502083 0.501562 0.504167 0.501562 0.50625 0.5 0.510417 0.5 0.5125 0.498437 0.516667 0.498437 0.51875 0.496875 0.520833 0.496875 0.527083 0.492187 0.529167 0.492187 0.53125 0.490625 0.533333 0.490625 0.535417 0.489062 0.535417 0.4875 0.560417 0.471875 0.5625 0.470312 0.560417 0.471875 0.554167 0.476562 0.552083 0.476562 0.552083 0.478125 0.969182
0 0.31875 0.301562 0.31875 0.307812 0.320833 0.309375 0.320833 0.310937 0.325 0.314062 0.325 0.317187 0.327083 0.31875 0.327083 0.320312 0.333333 0.325 0.333333 0.326562 0.345833 0.335938 0.347917 0.335938 0.354167 0.340625 0.35625 0.340625 0.360417 0.34375 0.360417 0.345312 0.3625 0.346875 0.364583 0.346875 0.366667 0.348437 0.36875 0.348437 0.372917 0.351562 0.377083 0.351562 0.379167 0.353125 0.38125 0.353125 0.383333 0.354687 0.385417 0.354687 0.389583 0.357812 0.39375 0.357812 0.395833 0.359375 0.402083 0.359375 0.404167 0.360937 0.40625 0.360937 0.408333 0.3625 0.410417 0.3625 0.4125 0.364062 0.420833 0.364062 0.422917 0.365625 0.433333 0.365625 0.435417 0.367188 0.439583 0.367188 0.441667 0.36875 0.445833 0.36875 0.447917 0.370312 0.504167 0.370312 0.50625 0.36875 0.510417 0.36875 0.5125 0.367188 0.514583 0.367188 0.516667 0.365625 0.525 0.365625 0.527083 0.364062 0.539583 0.364062 0.541667 0.3625 0.54375 0.3625 0.545833 0.360937 0.547917 0.360937 0.55 0.359375 0.554167 0.359375 0.55625 0.357812 0.5625 0.357812 0.56875 0.353125 0.570833 0.353125 0.572917 0.351562 0.577083 0.351562 0.583333 0.346875 0.585417 0.346875 0.604167 0.332812 0.604167 0.33125 0.610417 0.326562 0.610417 0.325 0.614583 0.321875 0.614583 0.31875 0.6125 0.317187 0.608333 0.320312 0.60625 0.320312 0.597917 0.326562 0.595833 0.326562 0.591667 0.329687 0.589583 0.329687 0.585417 0.332812 0.58125 0.332812 0.579167 0.334375 0.577083 0.334375 0.575 0.335938 0.572917 0.335938 0.570833 0.3375 0.56875 0.3375 0.566667 0.339062 0.5625 0.339062 0.560417 0.340625 0.554167 0.340625 0.55 0.34375 0.547917 0.34375 0.545833 0.345312 0.533333 0.345312 0.53125 0.346875 0.520833 0.346875 0.51875 0.348437 0.510417 0.348437 0.508333 0.35 0.489583 0.35 0.4875 0.351562 0.472917 0.351562 0.470833 0.35 0.45 0.35 0.447917 0.348437 0.439583 0.348437 0.4375 0.346875 0.427083 0.346875 0.425 0.345312 0.414583 0.345312 0.4125 0.34375 0.408333 0.34375 0.40625 0.342187 0.404167 0.342187 0.402083 0.340625 0.397917 0.340625 0.395833 0.339062 0.389583 0.339062 0.3875 0.3375 0.385417 0.3375 0.383333 0.335938 0.38125 0.335938 0.379167 0.334375 0.377083 0.334375 0.375 0.332812 0.36875 0.332812 0.3625 0.328125 0.360417 0.328125 0.358333 0.326562 0.35625 0.326562 0.352083 0.323437 0.35 0.323437 0.345833 0.320312 0.34375 0.320312 0.335417 0.314062 0.333333 0.314062 0.329167 0.310937 0.329167 0.309375 0.327083 0.307812 0.325 0.307812 0.322917 0.30625 0.322917 0.304688 0.320833 0.303125 0.320833 0.301562 0.968317
0 0.635417 0.176562 0.635417 0.19375 0.633333 0.195312 0.633333 0.2 0.63125 0.201562 0.63125 0.203125 0.629167 0.204687 0.629167 0.20625 0.627083 0.207812 0.627083 0.2125 0.625 0.214062 0.625 0.21875 0.622917 0.220312 0.622917 0.221875 0.620833 0.223437 0.61875 0.223437 0.61875 0.225 0.6 0.239062 0.597917 0.239062 0.59375 0.242187 0.591667 0.242187 0.5875 0.245312 0.585417 0.245312 0.583333 0.246875 0.58125 0.246875 0.579167 0.248437 0.577083 0.248437 0.575 0.25 0.572917 0.25 0.570833 0.251563 0.56875 0.251563 0.566667 0.253125 0.564583 0.253125 0.5625 0.254688 0.558333 0.254688 0.55625 0.25625 0.552083 0.25625 0.55 0.257812 0.54375 0.257812 0.541667 0.259375 0.5375 0.259375 0.535417 0.260937 0.529167 0.260937 0.527083 0.2625 0.514583 0.2625 0.5125 0.264062 0.435417 0.264062 0.433333 0.2625 0.422917 0.2625 0.420833 0.260937 0.414583 0.260937 0.4125 0.259375 0.408333 0.259375 0.40625 0.257812 0.397917 0.257812 0.395833 0.25625 0.389583 0.25625 0.3875 0.254688 0.385417 0.254688 0.383333 0.253125 0.379167 0.253125 0.377083 0.251563 0.372917 0.251563 0.370833 0.25 0.366667 0.25 0.364583 0.248437 0.3625 0.248437 0.358333 0.245312 0.354167 0.245312 0.352083 0.24375 0.35 0.24375 0.347917 0.242187 0.345833 0.242187 0.341667 0.239062 0.339583 0.239062 0.3375 0.2375 0.335417 0.2375 0.333333 0.235937 0.33125 0.235937 0.325 0.23125 0.322917 0.23125 0.320833 0.229687 0.320833 0.228125 0.31875 0.226562 0.316667 0.226562 0.3125 0.223437 0.3125 0.221875 0.304167 0.215625 0.304167 0.214062 0.295833 0.207812 0.295833 0.2 0.29375 0.198437 0.29375 0.195312 0.291667 0.195312 0.291667 0.215625 0.29375 0.217187 0.29375 0.221875 0.295833 0.223437 0.295833 0.225 0.297917 0.226562 0.297917 0.228125 0.3 0.229687 0.3 0.23125 0.302083 0.232812 0.302083 0.234375 0.30625 0.2375 0.30625 0.239062 0.308333 0.240625 0.308333 0.242187 0.31875 0.25 0.31875 0.251563 0.320833 0.253125 0.322917 0.253125 0.33125 0.259375 0.333333 0.259375 0.3375 0.2625 0.339583 0.2625 0.34375 0.265625 0.345833 0.265625 0.347917 0.267187 0.35 0.267187 0.354167 0.270312 0.35625 0.270312 0.358333 0.271875 0.360417 0.271875 0.3625 0.273438 0.366667 0.273438 0.36875 0.275 0.370833 0.275 0.375 0.278125 0.379167 0.278125 0.38125 0.279687 0.385417 0.279687 0.3875 0.28125 0.391667 0.28125 0.39375 0.282812 0.397917 0.282812 0.4 0.284375 0.404167 0.284375 0.40625 0.285937 0.414583 0.285937 0.416667 0.2875 0.422917 0.2875 0.425 0.289062 0.43125 0.289062 0.433333 0.290625 0.439583 0.290625 0.441667 0.292187 0.458333 0.292187 0.460417 0.29375 0.510417 0.29375 0.5125 0.292187 0.529167 0.292187 0.53125 0.290625 0.5375 0.290625 0.539583 0.289062 0.545833 0.289062 0.547917 0.2875 0.554167 0.2875 0.55625 0.285937 0.564583 0.285937 0.566667 0.284375 0.572917 0.284375 0.579167 0.279687 0.583333 0.279687 0.585417 0.278125 0.589583 0.278125 0.597917 0.271875 0.604167 0.271875 0.614583 0.264062 0.616667 0.264062 0.627083 0.25625 0.629167 0.25625 0.63125 0.254688 0.63125 0.253125 0.639583 0.246875 0.639583 0.245312 0.641667 0.24375 0.641667 0.242187 0.64375 0.240625 0.64375 0.239062 0.645833 0.2375 0.645833 0.235937 0.647917 0.234375 0.647917 0.232812 0.65 0.23125 0.65 0.228125 0.652083 0.226562 0.652083 0.220312 0.654167 0.21875 0.654167 0.201562 0.652083 0.2 0.652083 0.196875 0.65 0.195312 0.65 0.19375 0.647917 0.192187 0.647917 0.190625 0.645833 0.189062 0.645833 0.185937 0.64375 0.184375 0.64375 0.182812 0.641667 0.182812 0.6375 0.179688 0.6375 0.176562 0.965718
0 0.304167 0.260937 0.304167 0.276562 0.308333 0.279687 0.308333 0.284375 0.310417 0.285937 0.310417 0.289062 0.3125 0.290625 0.3125 0.292187 0.322917 0.3 0.322917 0.301562 0.34375 0.317187 0.345833 0.317187 0.352083 0.321875 0.354167 0.321875 0.35625 0.323437 0.358333 0.323437 0.3625 0.326562 0.364583 0.326562 0.36875 0.329687 0.372917 0.329687 0.375 0.33125 0.377083 0.33125 0.379167 0.332812 0.38125 0.332812 0.383333 0.334375 0.385417 0.334375 0.3875 0.335938 0.391667 0.335938 0.39375 0.3375 0.397917 0.3375 0.4 0.339062 0.404167 0.339062 0.40625 0.340625 0.410417 0.340625 0.4125 0.342187 0.416667 0.342187 0.41875 0.34375 0.429167 0.34375 0.43125 0.345312 0.441667 0.345312 0.44375 0.346875 0.45625 0.346875 0.458333 0.348437 0.5 0.348437 0.502083 0.346875 0.514583 0.346875 0.516667 0.345312 0.529167 0.345312 0.53125 0.34375 0.541667 0.34375 0.54375 0.342187 0.545833 0.342187 0.547917 0.340625 0.552083 0.340625 0.554167 0.339062 0.558333 0.339062 0.560417 0.3375 0.5625 0.3375 0.564583 0.335938 0.56875 0.335938 0.570833 0.334375 0.572917 0.334375 0.575 0.332812 0.577083 0.332812 0.579167 0.33125 0.58125 0.33125 0.583333 0.329687 0.585417 0.329687 0.5875 0.328125 0.589583 0.328125 0.59375 0.325 0.595833 0.325 0.60625 0.317187 0.608333 0.317187 0.629167 0.301562 0.629167 0.296875 0.63125 0.295312 0.63125 0.292187 0.635417 0.289062 0.635417 0.285937 0.6375 0.284375 0.6375 0.282812 0.635417 0.28125 0.635417 0.284375 0.633333 0.285937 0.633333 0.2875 0.63125 0.289062 0.629167 0.289062 0.60625 0.30625 0.604167 0.30625 0.597917 0.310937 0.595833 0.310937 0.59375 0.3125 0.591667 0.3125 0.589583 0.314062 0.5875 0.314062 0.583333 0.317187 0.58125 0.317187 0.579167 0.31875 0.577083 0.31875 0.575 0.320312 0.56875 0.320312 0.566667 0.321875 0.564583 0.321875 0.5625 0.323437 0.560417 0.323437 0.558333 0.325 0.554167 0.325 0.552083 0.326562 0.539583 0.326562 0.5375 0.328125 0.529167 0.328125 0.527083 0.329687 0.520833 0.329687 0.51875 0.33125 0.452083 0.33125 0.45 0.329687 0.439583 0.329687 0.4375 0.328125 0.43125 0.328125 0.429167 0.326562 0.41875 0.326562 0.416667 0.325 0.408333 0.325 0.40625 0.323437 0.402083 0.323437 0.4 0.321875 0.397917 0.321875 0.395833 0.320312 0.391667 0.320312 0.389583 0.31875 0.383333 0.31875 0.38125 0.317187 0.379167 0.317187 0.377083 0.315625 0.375 0.315625 0.372917 0.314062 0.370833 0.314062 0.36875 0.3125 0.366667 0.3125 0.364583 0.310937 0.3625 0.310937 0.360417 0.309375 0.358333 0.309375 0.354167 0.30625 0.352083 0.30625 0.347917 0.303125 0.345833 0.303125 0.314583 0.279687 0.314583 0.278125 0.3125 0.276562 0.3125 0.275 0.308333 0.271875 0.308333 0.270312 0.30625 0.26875 0.30625 0.264062 0.304167 0.2625 0.954197
0 0.302083 0.235937 0.302083 0.2375 0.3 0.239062 0.3 0.240625 0.302083 0.242187 0.302083 0.246875 0.30625 0.25 0.30625 0.251563 0.308333 0.253125 0.308333 0.254688 0.310417 0.25625 0.310417 0.257812 0.3125 0.259375 0.3125 0.260937 0.31875 0.265625 0.31875 0.267187 0.327083 0.273438 0.329167 0.273438 0.335417 0.278125 0.3375 0.278125 0.345833 0.284375 0.347917 0.284375 0.35 0.285937 0.352083 0.285937 0.35625 0.289062 0.358333 0.289062 0.360417 0.290625 0.3625 0.290625 0.364583 0.292187 0.36875 0.292187 0.372917 0.295312 0.375 0.295312 0.377083 0.296875 0.379167 0.296875 0.38125 0.298437 0.385417 0.298437 0.3875 0.3 0.389583 0.3 0.391667 0.301562 0.395833 0.301562 0.397917 0.303125 0.4 0.303125 0.402083 0.304688 0.408333 0.304688 0.410417 0.30625 0.41875 0.30625 0.420833 0.307812 0.427083 0.307812 0.429167 0.309375 0.4375 0.309375 0.439583 0.310937 0.45 0.310937 0.452083 0.3125 0.51875 0.3125 0.520833 0.310937 0.527083 0.310937 0.529167 0.309375 0.535417 0.309375 0.5375 0.307812 0.552083 0.307812 0.554167 0.30625 0.558333 0.30625 0.560417 0.304688 0.5625 0.304688 0.564583 0.303125 0.566667 0.303125 0.56875 0.301562 0.572917 0.301562 0.575 0.3 0.579167 0.3 0.583333 0.296875 0.5875 0.296875 0.589583 0.295312 0.591667 0.295312 0.59375 0.29375 0.595833 0.29375 0.6 0.290625 0.602083 0.290625 0.608333 0.285937 0.610417 0.285937 0.6125 0.284375 0.614583 0.284375 0.63125 0.271875 0.63125 0.270312 0.633333 0.26875 0.633333 0.267187 0.639583 0.2625 0.639583 0.259375 0.641667 0.257812 0.641667 0.25625 0.64375 0.254688 0.64375 0.251563 0.645833 0.25 0.645833 0.240625 0.64375 0.240625 0.64375 0.24375 0.641667 0.245312 0.641667 0.246875 0.635417 0.251563 0.635417 0.253125 0.622917 0.2625 0.620833 0.2625 0.6125 0.26875 0.610417 0.26875 0.604167 0.273438 0.602083 0.273438 0.6 0.275 0.597917 0.275 0.59375 0.278125 0.591667 0.278125 0.589583 0.279687 0.5875 0.279687 0.585417 0.28125 0.58125 0.28125 0.577083 0.284375 0.575 0.284375 0.572917 0.285937 0.56875 0.285937 0.566667 0.2875 0.55625 0.2875 0.554167 0.289062 0.545833 0.289062 0.54375 0.290625 0.541667 0.290625 0.539583 0.292187 0.533333 0.292187 0.53125 0.29375 0.50625 0.29375 0.504167 0.295312 0.466667 0.295312 0.464583 0.29375 0.441667 0.29375 0.439583 0.292187 0.433333 0.292187 0.43125 0.290625 0.427083 0.290625 0.425 0.289062 0.416667 0.289062 0.414583 0.2875 0.404167 0.2875 0.402083 0.285937 0.4 0.285937 0.397917 0.284375 0.39375 0.284375 0.391667 0.282812 0.3875 0.282812 0.385417 0.28125 0.38125 0.28125 0.379167 0.279687 0.377083 0.279687 0.375 0.278125 0.372917 0.278125 0.370833 0.276562 0.36875 0.276562 0.366667 0.275 0.3625 0.275 0.360417 0.273438 0.358333 0.273438 0.35625 0.271875 0.354167 0.271875 0.35 0.26875 0.345833 0.26875 0.34375 0.267187 0.341667 0.267187 0.335417 0.2625 0.333333 0.2625 0.322917 0.254688 0.320833 0.254688 0.3125 0.248437 0.3125 0.246875 0.310417 0.245312 0.308333 0.245312 0.30625 0.24375 0.30625 0.240625 0.304167 0.239062 0.304167 0.2375 0.949506
0 0.327083 0.378125 0.327083 0.378125 0.320833 0.373437 0.335417 0.384375 0.335417 0.389062 0.34375 0.395312 0.34375 0.396875 0.345833 0.398438 0.347917 0.398438 0.35 0.4 0.35 0.401562 0.352083 0.403125 0.354167 0.403125 0.3625 0.409375 0.364583 0.409375 0.366667 0.410937 0.370833 0.410937 0.375 0.414062 0.375 0.415625 0.377083 0.415625 0.379167 0.417187 0.385417 0.417187 0.39375 0.423437 0.40625 0.423437 0.408333 0.425 0.4125 0.425 0.416667 0.428125 0.41875 0.428125 0.420833 0.429688 0.435417 0.429688 0.4375 0.43125 0.504167 0.43125 0.50625 0.429688 0.520833 0.429688 0.522917 0.428125 0.525 0.428125 0.529167 0.425 0.53125 0.425 0.533333 0.423437 0.54375 0.423437 0.547917 0.420312 0.55 0.420312 0.552083 0.41875 0.554167 0.41875 0.55625 0.417187 0.560417 0.417187 0.566667 0.4125 0.56875 0.4125 0.570833 0.410937 0.572917 0.410937 0.58125 0.404687 0.583333 0.404687 0.585417 0.403125 0.5875 0.403125 0.589583 0.401562 0.589583 0.4 0.591667 0.398438 0.59375 0.398438 0.595833 0.396875 0.595833 0.395312 0.597917 0.39375 0.597917 0.392187 0.604167 0.3875 0.604167 0.385937 0.60625 0.384375 0.60625 0.382812 0.608333 0.38125 0.608333 0.379687 0.610417 0.378125 0.610417 0.376562 0.6125 0.375 0.6125 0.373437 0.614583 0.371875 0.614583 0.36875 0.61875 0.365625 0.61875 0.360937 0.620833 0.359375 0.620833 0.35625 0.61875 0.354687 0.61875 0.35 0.61875 0.351562 0.616667 0.353125 0.616667 0.35625 0.614583 0.357812 0.614583 0.359375 0.6125 0.360937 0.6125 0.364062 0.5875 0.382812 0.585417 0.382812 0.583333 0.384375 0.58125 0.384375 0.577083 0.3875 0.575 0.3875 0.570833 0.390625 0.56875 0.390625 0.566667 0.392187 0.564583 0.392187 0.560417 0.395312 0.558333 0.395312 0.55625 0.396875 0.554167 0.396875 0.55 0.4 0.547917 0.4 0.545833 0.401562 0.54375 0.401562 0.539583 0.404687 0.535417 0.404687 0.533333 0.40625 0.527083 0.40625 0.520833 0.410937 0.516667 0.410937 0.514583 0.4125 0.508333 0.4125 0.50625 0.414062 0.497917 0.414062 0.495833 0.415625 0.489583 0.415625 0.4875 0.417187 0.48125 0.417187 0.479167 0.41875 0.441667 0.41875 0.439583 0.417187 0.433333 0.417187 0.43125 0.415625 0.425 0.415625 0.422917 0.414062 0.410417 0.414062 0.408333 0.4125 0.4 0.4125 0.397917 0.410937 0.39375 0.410937 0.389583 0.407812 0.383333 0.407812 0.38125 0.40625 0.377083 0.40625 0.370833 0.401562 0.36875 0.401562 0.366667 0.4 0.3625 0.4 0.35625 0.395312 0.354167 0.395312 0.352083 0.39375 0.35 0.39375 0.345833 0.390625 0.345833 0.389062 0.341667 0.389062 0.335417 0.384375 0.320833 0.373437 0.320833 0.370312 0.31875 0.370312 0.31875 0.373437 0.320833 0.373437 0.93078
0 0.320833 0.376562 0.320833 0.389062 0.325 0.392187 0.325 0.395312 0.327083 0.396875 0.327083 0.398438 0.329167 0.4 0.329167 0.401562 0.341667 0.410937 0.34375 0.410937 0.352083 0.417187 0.354167 0.417187 0.360417 0.421875 0.3625 0.421875 0.364583 0.423437 0.366667 0.423437 0.36875 0.425 0.370833 0.425 0.377083 0.429688 0.383333 0.429688 0.385417 0.43125 0.3875 0.43125 0.391667 0.434375 0.395833 0.434375 0.397917 0.435937 0.402083 0.435937 0.404167 0.4375 0.408333 0.4375 0.410417 0.439062 0.4125 0.439062 0.414583 0.440625 0.420833 0.440625 0.422917 0.442187 0.441667 0.442187 0.44375 0.44375 0.45 0.44375 0.452083 0.445312 0.458333 0.445312 0.460417 0.446875 0.483333 0.446875 0.485417 0.445312 0.49375 0.445312 0.495833 0.44375 0.502083 0.44375 0.504167 0.442187 0.525 0.442187 0.527083 0.440625 0.53125 0.440625 0.535417 0.4375 0.539583 0.4375 0.541667 0.435937 0.547917 0.435937 0.552083 0.432812 0.554167 0.432812 0.55625 0.43125 0.560417 0.43125 0.564583 0.428125 0.566667 0.428125 0.575 0.421875 0.577083 0.421875 0.585417 0.415625 0.5875 0.415625 0.589583 0.414062 0.589583 0.4125 0.604167 0.401562 0.604167 0.398438 0.60625 0.396875 0.60625 0.392187 0.608333 0.390625 0.610417 0.390625 0.6125 0.389062 0.6125 0.382812 0.610417 0.382812 0.610417 0.385937 0.602083 0.392187 0.602083 0.39375 0.591667 0.401562 0.591667 0.403125 0.589583 0.404687 0.5875 0.404687 0.585417 0.40625 0.583333 0.40625 0.575 0.4125 0.572917 0.4125 0.570833 0.414062 0.56875 0.414062 0.5625 0.41875 0.560417 0.41875 0.558333 0.420312 0.554167 0.420312 0.552083 0.421875 0.55 0.421875 0.547917 0.423437 0.545833 0.423437 0.54375 0.425 0.539583 0.425 0.5375 0.426562 0.53125 0.426562 0.529167 0.428125 0.527083 0.428125 0.522917 0.43125 0.516667 0.43125 0.514583 0.432812 0.49375 0.432812 0.491667 0.434375 0.454167 0.434375 0.452083 0.432812 0.425 0.432812 0.422917 0.43125 0.41875 0.43125 0.414583 0.428125 0.4125 0.428125 0.410417 0.426562 0.4 0.426562 0.397917 0.425 0.39375 0.425 0.3875 0.420312 0.38125 0.420312 0.379167 0.41875 0.377083 0.41875 0.370833 0.414062 0.366667 0.414062 0.3625 0.410937 0.360417 0.410937 0.354167 0.40625 0.352083 0.40625 0.3375 0.395312 0.3375 0.39375 0.329167 0.3875 0.329167 0.385937 0.322917 0.38125 0.322917 0.379687 0.320833 0.378125 0.906713
0 0.53125 0.403125 0.539583 0.403125 0.539583 0.401562 0.533333 0.401562 0.53125 0.403125 0.522917 0.407812 0.520833 0.40625 0.516667 0.40625 0.514583 0.407812 0.435417 0.407812 0.433333 0.40625 0.425 0.40625 0.420833 0.403125 0.416667 0.403125 0.414583 0.401562 0.402083 0.401562 0.4 0.4 0.395833 0.4 0.39375 0.398438 0.391667 0.398438 0.3875 0.395312 0.38125 0.395312 0.379167 0.39375 0.375 0.39375 0.36875 0.389062 0.3625 0.389062 0.360417 0.3875 0.358333 0.3875 0.35625 0.385937 0.35625 0.384375 0.354167 0.382812 0.35 0.382812 0.345833 0.379687 0.345833 0.378125 0.34375 0.376562 0.339583 0.376562 0.335417 0.373437 0.335417 0.371875 0.333333 0.371875 0.329167 0.36875 0.329167 0.367188 0.327083 0.365625 0.327083 0.364062 0.325 0.364062 0.320833 0.360937 0.320833 0.357812 0.31875 0.35625 0.314583 0.35625 0.3125 0.354687 0.3125 0.345312 0.3125 0.354687 0.314583 0.35625 0.314583 0.357812 0.316667 0.359375 0.316667 0.364062 0.322917 0.36875 0.322917 0.370312 0.327083 0.373437 0.327083 0.375 0.329167 0.376562 0.33125 0.376562 0.3375 0.38125 0.3375 0.382812 0.339583 0.382812 0.341667 0.384375 0.34375 0.384375 0.347917 0.3875 0.347917 0.389062 0.35 0.390625 0.354167 0.390625 0.3625 0.396875 0.366667 0.396875 0.36875 0.398438 0.370833 0.398438 0.377083 0.403125 0.38125 0.403125 0.383333 0.404687 0.3875 0.404687 0.389583 0.40625 0.391667 0.40625 0.395833 0.409375 0.410417 0.409375 0.4125 0.410937 0.41875 0.410937 0.420833 0.4125 0.427083 0.4125 0.429167 0.414062 0.495833 0.414062 0.497917 0.4125 0.502083 0.4125 0.504167 0.410937 0.5125 0.410937 0.514583 0.409375 0.520833 0.409375 0.522917 0.407812 0.90558
0 0.31875 0.3125 0.316667 0.314062 0.316667 0.31875 0.31875 0.320312 0.31875 0.328125 0.325 0.332812 0.325 0.334375 0.327083 0.335938 0.327083 0.339062 0.333333 0.34375 0.333333 0.345312 0.354167 0.360937 0.35625 0.360937 0.3625 0.365625 0.364583 0.365625 0.366667 0.367188 0.36875 0.367188 0.375 0.371875 0.379167 0.371875 0.38125 0.373437 0.383333 0.373437 0.385417 0.375 0.3875 0.375 0.389583 0.376562 0.391667 0.376562 0.39375 0.378125 0.397917 0.378125 0.4 0.379687 0.404167 0.379687 0.40625 0.38125 0.408333 0.38125 0.4125 0.384375 0.422917 0.384375 0.425 0.385937 0.439583 0.385937 0.441667 0.3875 0.45 0.3875 0.452083 0.389062 0.45625 0.389062 0.458333 0.390625 0.49375 0.390625 0.495833 0.389062 0.502083 0.389062 0.504167 0.3875 0.508333 0.3875 0.510417 0.385937 0.51875 0.385937 0.520833 0.384375 0.53125 0.384375 0.533333 0.382812 0.5375 0.382812 0.539583 0.38125 0.541667 0.38125 0.54375 0.379687 0.545833 0.379687 0.547917 0.378125 0.552083 0.378125 0.554167 0.376562 0.55625 0.376562 0.558333 0.375 0.560417 0.375 0.564583 0.371875 0.56875 0.371875 0.575 0.367188 0.577083 0.367188 0.579167 0.365625 0.58125 0.365625 0.589583 0.359375 0.591667 0.359375 0.59375 0.357812 0.59375 0.35625 0.60625 0.346875 0.60625 0.345312 0.608333 0.34375 0.608333 0.342187 0.6125 0.339062 0.6125 0.328125 0.610417 0.328125 0.610417 0.329687 0.608333 0.33125 0.608333 0.332812 0.591667 0.345312 0.589583 0.345312 0.583333 0.35 0.58125 0.35 0.577083 0.353125 0.575 0.353125 0.572917 0.354687 0.570833 0.354687 0.56875 0.35625 0.566667 0.35625 0.564583 0.357812 0.5625 0.357812 0.560417 0.359375 0.558333 0.359375 0.55625 0.360937 0.552083 0.360937 0.55 0.3625 0.547917 0.3625 0.545833 0.364062 0.539583 0.364062 0.5375 0.365625 0.529167 0.365625 0.527083 0.367188 0.520833 0.367188 0.51875 0.36875 0.5125 0.36875 0.510417 0.370312 0.502083 0.370312 0.5 0.371875 0.45 0.371875 0.447917 0.370312 0.439583 0.370312 0.4375 0.36875 0.43125 0.36875 0.429167 0.367188 0.420833 0.367188 0.41875 0.365625 0.410417 0.365625 0.408333 0.364062 0.40625 0.364062 0.404167 0.3625 0.4 0.3625 0.397917 0.360937 0.39375 0.360937 0.391667 0.359375 0.389583 0.359375 0.3875 0.357812 0.385417 0.357812 0.383333 0.35625 0.38125 0.35625 0.379167 0.354687 0.377083 0.354687 0.375 0.353125 0.372917 0.353125 0.370833 0.351562 0.36875 0.351562 0.364583 0.348437 0.3625 0.348437 0.35625 0.34375 0.354167 0.34375 0.345833 0.3375 0.34375 0.3375 0.33125 0.328125 0.33125 0.326562 0.327083 0.323437 0.327083 0.321875 0.320833 0.317187 0.320833 0.314062 0.89444
0 0.360417 0.432812 0.364583 0.432812 0.360417 0.432812 0.35625 0.428125 0.36875 0.435937 0.36875 0.439062 0.370833 0.440625 0.375 0.440625 0.377083 0.442187 0.377083 0.44375 0.38125 0.446875 0.385417 0.446875 0.3875 0.448437 0.389583 0.448437 0.395833 0.453125 0.404167 0.453125 0.40625 0.454687 0.408333 0.454687 0.4125 0.457812 0.414583 0.457812 0.416667 0.459375 0.427083 0.459375 0.429167 0.460937 0.433333 0.460937 0.435417 0.4625 0.508333 0.4625 0.510417 0.460937 0.514583 0.460937 0.516667 0.459375 0.529167 0.459375 0.535417 0.454687 0.5375 0.454687 0.539583 0.453125 0.54375 0.453125 0.545833 0.451562 0.547917 0.451562 0.552083 0.448437 0.55625 0.448437 0.558333 0.446875 0.560417 0.446875 0.56875 0.440625 0.570833 0.440625 0.570833 0.439062 0.577083 0.434375 0.579167 0.434375 0.579167 0.432812 0.5875 0.426562 0.5875 0.425 0.589583 0.423437 0.589583 0.421875 0.591667 0.420312 0.591667 0.41875 0.59375 0.417187 0.59375 0.415625 0.595833 0.414062 0.595833 0.4125 0.59375 0.4125 0.591667 0.414062 0.589583 0.414062 0.5625 0.434375 0.560417 0.434375 0.558333 0.435937 0.554167 0.435937 0.54375 0.44375 0.535417 0.44375 0.535417 0.445312 0.53125 0.448437 0.529167 0.448437 0.527083 0.45 0.516667 0.45 0.514583 0.451562 0.508333 0.451562 0.504167 0.454687 0.497917 0.454687 0.495833 0.45625 0.441667 0.45625 0.439583 0.454687 0.43125 0.454687 0.429167 0.453125 0.425 0.453125 0.422917 0.451562 0.410417 0.451562 0.408333 0.45 0.404167 0.45 0.397917 0.445312 0.39375 0.445312 0.391667 0.44375 0.385417 0.44375 0.377083 0.4375 0.372917 0.4375 0.370833 0.435937 0.36875 0.435937 0.35625 0.428125 0.35625 0.426562 0.354167 0.425 0.354167 0.423437 0.352083 0.421875 0.35 0.421875 0.345833 0.41875 0.345833 0.414062 0.345833 0.420312 0.347917 0.421875 0.35 0.421875 0.352083 0.423437 0.352083 0.428125 0.35625 0.428125 0.89192
0 0.35 0.43125 0.35 0.434375 0.354167 0.4375 0.354167 0.439062 0.35625 0.440625 0.358333 0.440625 0.360417 0.442187 0.360417 0.44375 0.364583 0.446875 0.366667 0.446875 0.370833 0.45 0.370833 0.451562 0.372917 0.453125 0.375 0.453125 0.377083 0.454687 0.379167 0.454687 0.385417 0.459375 0.389583 0.459375 0.391667 0.460937 0.39375 0.460937 0.395833 0.4625 0.397917 0.4625 0.4 0.464062 0.402083 0.464062 0.404167 0.465625 0.40625 0.465625 0.408333 0.467187 0.4125 0.467187 0.414583 0.46875 0.416667 0.46875 0.41875 0.470312 0.420833 0.470312 0.422917 0.471875 0.427083 0.471875 0.429167 0.473437 0.439583 0.473437 0.441667 0.475 0.485417 0.475 0.4875 0.473437 0.504167 0.473437 0.50625 0.471875 0.514583 0.471875 0.51875 0.46875 0.520833 0.46875 0.522917 0.467187 0.529167 0.467187 0.53125 0.465625 0.535417 0.465625 0.541667 0.460937 0.545833 0.460937 0.547917 0.459375 0.55 0.459375 0.55625 0.454687 0.558333 0.454687 0.560417 0.453125 0.5625 0.453125 0.5625 0.451562 0.566667 0.448437 0.56875 0.448437 0.572917 0.445312 0.572917 0.44375 0.577083 0.440625 0.579167 0.440625 0.579167 0.439062 0.58125 0.4375 0.58125 0.435937 0.583333 0.434375 0.585417 0.434375 0.585417 0.432812 0.5875 0.43125 0.5875 0.428125 0.585417 0.429688 0.585417 0.43125 0.58125 0.434375 0.579167 0.434375 0.577083 0.435937 0.577083 0.4375 0.572917 0.440625 0.570833 0.440625 0.560417 0.448437 0.558333 0.448437 0.55625 0.45 0.552083 0.45 0.55 0.451562 0.547917 0.451562 0.54375 0.454687 0.539583 0.454687 0.535417 0.457812 0.533333 0.457812 0.529167 0.460937 0.520833 0.460937 0.51875 0.4625 0.5125 0.4625 0.510417 0.464062 0.50625 0.464062 0.504167 0.465625 0.495833 0.465625 0.49375 0.467187 0.452083 0.467187 0.45 0.465625 0.441667 0.465625 0.439583 0.464062 0.4375 0.464062 0.435417 0.4625 0.427083 0.4625 0.425 0.460937 0.416667 0.460937 0.414583 0.459375 0.410417 0.459375 0.40625 0.45625 0.402083 0.45625 0.4 0.454687 0.395833 0.454687 0.391667 0.451562 0.389583 0.451562 0.3875 0.45 0.385417 0.45 0.383333 0.448437 0.38125 0.448437 0.377083 0.445312 0.375 0.445312 0.3625 0.435937 0.360417 0.435937 0.352083 0.429688 0.35 0.43125 0.345833 0.428125 0.345833 0.425 0.34375 0.421875 0.59375 0.421875 0.59375 0.415625 0.59375 0.421875 0.34375 0.421875 0.34375 0.421875 0.345833 0.425 0.345833 0.428125 0.859434
0 0.34375 0.445312 0.34375 0.45 0.352083 0.45625 0.352083 0.459375 0.354167 0.459375 0.358333 0.4625 0.358333 0.465625 0.360417 0.467187 0.3625 0.467187 0.36875 0.471875 0.370833 0.471875 0.372917 0.473437 0.375 0.473437 0.377083 0.475 0.377083 0.476562 0.379167 0.478125 0.38125 0.478125 0.383333 0.479687 0.385417 0.479687 0.391667 0.484375 0.39375 0.484375 0.395833 0.485937 0.4 0.485937 0.402083 0.4875 0.404167 0.4875 0.40625 0.489062 0.408333 0.489062 0.410417 0.490625 0.416667 0.490625 0.41875 0.492187 0.427083 0.492187 0.429167 0.49375 0.439583 0.49375 0.441667 0.495312 0.45 0.495312 0.452083 0.496875 0.4875 0.496875 0.489583 0.495312 0.491667 0.495312 0.49375 0.49375 0.502083 0.49375 0.504167 0.492187 0.514583 0.492187 0.516667 0.490625 0.520833 0.490625 0.525 0.4875 0.529167 0.4875 0.53125 0.485937 0.535417 0.485937 0.54375 0.479687 0.545833 0.479687 0.552083 0.475 0.554167 0.475 0.56875 0.464062 0.56875 0.4625 0.570833 0.460937 0.570833 0.459375 0.572917 0.457812 0.572917 0.45625 0.575 0.454687 0.577083 0.454687 0.577083 0.45 0.566667 0.457812 0.566667 0.459375 0.560417 0.464062 0.560417 0.465625 0.55625 0.46875 0.552083 0.46875 0.55 0.470312 0.547917 0.470312 0.541667 0.475 0.539583 0.475 0.5375 0.476562 0.533333 0.476562 0.527083 0.48125 0.525 0.48125 0.522917 0.482812 0.508333 0.482812 0.50625 0.484375 0.504167 0.484375 0.5 0.4875 0.495833 0.4875 0.49375 0.489062 0.439583 0.489062 0.4375 0.4875 0.43125 0.4875 0.429167 0.485937 0.427083 0.485937 0.425 0.484375 0.422917 0.484375 0.420833 0.482812 0.408333 0.482812 0.40625 0.48125 0.404167 0.48125 0.4 0.478125 0.397917 0.478125 0.395833 0.476562 0.391667 0.476562 0.389583 0.475 0.3875 0.475 0.385417 0.473437 0.383333 0.473437 0.379167 0.470312 0.377083 0.470312 0.375 0.46875 0.372917 0.46875 0.370833 0.467187 0.370833 0.465625 0.36875 0.465625 0.360417 0.459375 0.358333 0.459375 0.354167 0.45625 0.354167 0.453125 0.352083 0.451562 0.347917 0.451562 0.345833 0.45 0.345833 0.445312 0.768892
0 0.554167 0.434375 0.560417 0.434375 0.560417 0.432812 0.558333 0.432812 0.55625 0.434375 0.554167 0.434375 0.547917 0.439062 0.535417 0.439062 0.533333 0.440625 0.533333 0.442187 0.53125 0.44375 0.522917 0.44375 0.520833 0.445312 0.5 0.445312 0.497917 0.446875 0.485417 0.446875 0.483333 0.448437 0.460417 0.448437 0.458333 0.446875 0.45 0.446875 0.447917 0.445312 0.427083 0.445312 0.425 0.44375 0.416667 0.44375 0.414583 0.442187 0.4125 0.442187 0.410417 0.440625 0.408333 0.440625 0.40625 0.439062 0.4 0.439062 0.397917 0.4375 0.39375 0.4375 0.391667 0.435937 0.389583 0.435937 0.3875 0.434375 0.3875 0.432812 0.38125 0.432812 0.379167 0.43125 0.375 0.43125 0.370833 0.428125 0.370833 0.426562 0.360417 0.426562 0.3625 0.428125 0.364583 0.428125 0.375 0.435937 0.379167 0.435937 0.385417 0.440625 0.389583 0.440625 0.391667 0.442187 0.395833 0.442187 0.4 0.445312 0.402083 0.445312 0.404167 0.446875 0.410417 0.446875 0.4125 0.448437 0.41875 0.448437 0.420833 0.45 0.425 0.45 0.427083 0.451562 0.50625 0.451562 0.508333 0.45 0.5125 0.45 0.514583 0.448437 0.520833 0.448437 0.522917 0.446875 0.529167 0.446875 0.53125 0.445312 0.533333 0.445312 0.533333 0.44375 0.535417 0.442187 0.5375 0.442187 0.539583 0.440625 0.545833 0.440625 0.547917 0.439062 0.587759
