0 0.427083 0.117187 0.425 0.11875 0.414583 0.11875 0.4125 0.120312 0.40625 0.120312 0.404167 0.121875 0.4 0.121875 0.397917 0.123437 0.39375 0.123437 0.391667 0.125 0.385417 0.125 0.383333 0.126562 0.38125 0.126562 0.379167 0.128125 0.375 0.128125 0.372917 0.129687 0.36875 0.129687 0.366667 0.13125 0.364583 0.13125 0.3625 0.132812 0.360417 0.132812 0.358333 0.134375 0.35625 0.134375 0.354167 0.135937 0.352083 0.135937 0.34375 0.142187 0.341667 0.142187 0.329167 0.151562 0.329167 0.153125 0.327083 0.154687 0.325 0.154687 0.325 0.15625 0.320833 0.159375 0.320833 0.160937 0.31875 0.1625 0.31875 0.164062 0.316667 0.165625 0.316667 0.167187 0.314583 0.16875 0.314583 0.203125 0.316667 0.204687 0.316667 0.20625 0.320833 0.209375 0.320833 0.210938 0.322917 0.2125 0.322917 0.215625 0.325 0.217187 0.325 0.21875 0.33125 0.223437 0.33125 0.225 0.34375 0.234375 0.345833 0.234375 0.354167 0.240625 0.35625 0.240625 0.360417 0.24375 0.3625 0.24375 0.366667 0.246875 0.36875 0.246875 0.370833 0.248437 0.372917 0.248437 0.375 0.25 0.377083 0.25 0.38125 0.253125 0.383333 0.253125 0.385417 0.254688 0.389583 0.254688 0.391667 0.25625 0.39375 0.25625 0.395833 0.257812 0.4 0.257812 0.402083 0.259375 0.40625 0.259375 0.408333 0.260937 0.4125 0.260937 0.414583 0.2625 0.420833 0.2625 0.422917 0.264062 0.427083 0.264062 0.429167 0.265625 0.435417 0.265625 0.4375 0.267187 0.447917 0.267187 0.45 0.26875 0.464583 0.26875 0.466667 0.270312 0.479167 0.270312 0.48125 0.271875 0.514583 0.271875 0.516667 0.270312 0.529167 0.270312 0.53125 0.26875 0.54375 0.26875 0.545833 0.267187 0.55625 0.267187 0.558333 0.265625 0.564583 0.265625 0.566667 0.264062 0.570833 0.264062 0.572917 0.2625 0.579167 0.2625 0.58125 0.260937 0.583333 0.260937 0.585417 0.259375 0.5875 0.259375 0.589583 0.257812 0.591667 0.257812 0.59375 0.25625 0.595833 0.25625 0.597917 0.254688 0.6 0.254688 0.602083 0.253125 0.604167 0.253125 0.60625 0.251563 0.608333 0.251563 0.6125 0.248437 0.614583 0.248437 0.622917 0.242187 0.625 0.242187 0.6375 0.232812 0.6375 0.229687 0.639583 0.228125 0.639583 0.225 0.641667 0.223437 0.641667 0.221875 0.64375 0.220312 0.64375 0.217187 0.645833 0.215625 0.645833 0.209375 0.647917 0.207812 0.647917 0.196875 0.65 0.195312 0.65 0.185937 0.647917 0.184375 0.647917 0.178125 0.645833 0.176562 0.645833 0.173437 0.64375 0.171875 0.64375 0.170312 0.641667 0.16875 0.641667 0.167187 0.635417 0.1625 0.635417 0.160937 0.633333 0.159375 0.63125 0.159375 0.616667 0.148438 0.614583 0.148438 0.610417 0.145312 0.608333 0.145312 0.60625 0.14375 0.604167 0.14375 0.602083 0.142187 0.6 0.142187 0.595833 0.139062 0.59375 0.139062 0.591667 0.1375 0.589583 0.1375 0.5875 0.135937 0.585417 0.135937 0.583333 0.134375 0.58125 0.134375 0.579167 0.132812 0.575 0.132812 0.572917 0.13125 0.570833 0.13125 0.56875 0.129687 0.566667 0.129687 0.564583 0.128125 0.5625 0.128125 0.560417 0.126562 0.558333 0.126562 0.55625 0.125 0.554167 0.125 0.552083 0.123437 0.547917 0.123437 0.545833 0.121875 0.539583 0.121875 0.5375 0.120312 0.533333 0.120312 0.53125 0.11875 0.520833 0.11875 0.51875 0.117187 0.989562
0 0.3125 0.18125 0.3125 0.221875 0.314583 0.223437 0.314583 0.226562 0.316667 0.228125 0.316667 0.229687 0.31875 0.23125 0.31875 0.234375 0.322917 0.2375 0.322917 0.240625 0.325 0.242187 0.325 0.24375 0.33125 0.248437 0.33125 0.25 0.335417 0.253125 0.335417 0.254688 0.3375 0.254688 0.339583 0.25625 0.339583 0.257812 0.341667 0.259375 0.34375 0.259375 0.352083 0.265625 0.354167 0.265625 0.3625 0.271875 0.366667 0.271875 0.370833 0.275 0.372917 0.275 0.377083 0.278125 0.379167 0.278125 0.38125 0.279687 0.385417 0.279687 0.389583 0.282812 0.391667 0.282812 0.39375 0.284375 0.397917 0.284375 0.4 0.285937 0.404167 0.285937 0.40625 0.2875 0.410417 0.2875 0.414583 0.290625 0.41875 0.290625 0.420833 0.292187 0.427083 0.292187 0.429167 0.29375 0.4375 0.29375 0.439583 0.295312 0.441667 0.295312 0.44375 0.296875 0.454167 0.296875 0.45625 0.298437 0.475 0.298437 0.477083 0.3 0.535417 0.3 0.5375 0.298437 0.55625 0.298437 0.558333 0.296875 0.56875 0.296875 0.570833 0.295312 0.575 0.295312 0.577083 0.29375 0.579167 0.29375 0.58125 0.292187 0.5875 0.292187 0.589583 0.290625 0.595833 0.290625 0.602083 0.285937 0.604167 0.285937 0.60625 0.284375 0.6125 0.284375 0.61875 0.279687 0.620833 0.279687 0.622917 0.278125 0.627083 0.278125 0.629167 0.276562 0.629167 0.275 0.63125 0.273438 0.633333 0.273438 0.635417 0.271875 0.6375 0.271875 0.654167 0.259375 0.654167 0.257812 0.65625 0.25625 0.65625 0.254688 0.660417 0.251563 0.660417 0.25 0.664583 0.246875 0.664583 0.245312 0.666667 0.24375 0.666667 0.240625 0.66875 0.239062 0.66875 0.232812 0.670833 0.23125 0.670833 0.207812 0.66875 0.20625 0.66875 0.203125 0.666667 0.201562 0.666667 0.2 0.664583 0.198437 0.664583 0.196875 0.6625 0.195312 0.6625 0.19375 0.660417 0.192187 0.660417 0.190625 0.654167 0.185937 0.654167 0.184375 0.652083 0.185937 0.652083 0.20625 0.65 0.207812 0.65 0.2125 0.647917 0.214062 0.647917 0.215625 0.645833 0.217187 0.645833 0.21875 0.64375 0.220312 0.64375 0.225 0.641667 0.226562 0.641667 0.229687 0.639583 0.23125 0.639583 0.232812 0.620833 0.246875 0.61875 0.246875 0.6125 0.251563 0.610417 0.251563 0.608333 0.253125 0.60625 0.253125 0.602083 0.25625 0.6 0.25625 0.597917 0.257812 0.595833 0.257812 0.59375 0.259375 0.589583 0.259375 0.5875 0.260937 0.585417 0.260937 0.583333 0.2625 0.58125 0.2625 0.579167 0.264062 0.575 0.264062 0.572917 0.265625 0.56875 0.265625 0.566667 0.267187 0.5625 0.267187 0.560417 0.26875 0.55 0.26875 0.547917 0.270312 0.533333 0.270312 0.53125 0.271875 0.51875 0.271875 0.516667 0.273438 0.477083 0.273438 0.475 0.271875 0.464583 0.271875 0.4625 0.270312 0.447917 0.270312 0.445833 0.26875 0.433333 0.26875 0.43125 0.267187 0.427083 0.267187 0.425 0.265625 0.420833 0.265625 0.41875 0.264062 0.4125 0.264062 0.410417 0.2625 0.40625 0.2625 0.404167 0.260937 0.4 0.260937 0.397917 0.259375 0.395833 0.259375 0.39375 0.257812 0.389583 0.257812 0.3875 0.25625 0.383333 0.25625 0.379167 0.253125 0.377083 0.253125 0.375 0.251563 0.372917 0.251563 0.370833 0.25 0.36875 0.25 0.366667 0.248437 0.364583 0.248437 0.360417 0.245312 0.358333 0.245312 0.347917 0.2375 0.345833 0.2375 0.327083 0.223437 0.327083 0.221875 0.322917 0.21875 0.322917 0.217187 0.320833 0.215625 0.320833 0.2125 0.31875 0.210938 0.31875 0.207812 0.314583 0.204687 0.314583 0.2 0.3125 0.198437 0.969159
0 0.3375 0.304688 0.3375 0.314062 0.339583 0.315625 0.339583 0.317187 0.341667 0.31875 0.341667 0.321875 0.347917 0.326562 0.347917 0.328125 0.352083 0.33125 0.352083 0.332812 0.354167 0.334375 0.35625 0.334375 0.360417 0.3375 0.360417 0.339062 0.3625 0.340625 0.364583 0.340625 0.36875 0.34375 0.36875 0.345312 0.370833 0.346875 0.372917 0.346875 0.379167 0.351562 0.38125 0.351562 0.383333 0.353125 0.385417 0.353125 0.3875 0.354687 0.389583 0.354687 0.395833 0.359375 0.4 0.359375 0.402083 0.360937 0.404167 0.360937 0.40625 0.3625 0.408333 0.3625 0.410417 0.364062 0.4125 0.364062 0.414583 0.365625 0.420833 0.365625 0.422917 0.367188 0.425 0.367188 0.427083 0.36875 0.429167 0.36875 0.43125 0.370312 0.435417 0.370312 0.4375 0.371875 0.447917 0.371875 0.45 0.373437 0.45625 0.373437 0.458333 0.375 0.464583 0.375 0.466667 0.376562 0.527083 0.376562 0.529167 0.375 0.535417 0.375 0.5375 0.373437 0.541667 0.373437 0.54375 0.371875 0.552083 0.371875 0.554167 0.370312 0.5625 0.370312 0.566667 0.367188 0.56875 0.367188 0.570833 0.365625 0.575 0.365625 0.577083 0.364062 0.579167 0.364062 0.58125 0.3625 0.583333 0.3625 0.5875 0.359375 0.591667 0.359375 0.59375 0.357812 0.595833 0.357812 0.595833 0.35625 0.597917 0.354687 0.6 0.354687 0.604167 0.351562 0.60625 0.351562 0.622917 0.339062 0.622917 0.3375 0.629167 0.332812 0.629167 0.326562 0.627083 0.326562 0.627083 0.328125 0.622917 0.33125 0.620833 0.33125 0.61875 0.332812 0.616667 0.332812 0.614583 0.334375 0.6125 0.334375 0.60625 0.339062 0.604167 0.339062 0.602083 0.340625 0.6 0.340625 0.597917 0.342187 0.595833 0.342187 0.59375 0.34375 0.591667 0.34375 0.589583 0.345312 0.5875 0.345312 0.585417 0.346875 0.579167 0.346875 0.577083 0.348437 0.575 0.348437 0.572917 0.35 0.570833 0.35 0.56875 0.351562 0.5625 0.351562 0.560417 0.353125 0.547917 0.353125 0.545833 0.354687 0.539583 0.354687 0.5375 0.35625 0.529167 0.35625 0.527083 0.357812 0.470833 0.357812 0.46875 0.35625 0.458333 0.35625 0.45625 0.354687 0.45 0.354687 0.447917 0.353125 0.439583 0.353125 0.4375 0.351562 0.429167 0.351562 0.427083 0.35 0.425 0.35 0.422917 0.348437 0.420833 0.348437 0.41875 0.346875 0.4125 0.346875 0.410417 0.345312 0.40625 0.345312 0.404167 0.34375 0.402083 0.34375 0.4 0.342187 0.397917 0.342187 0.395833 0.340625 0.39375 0.340625 0.391667 0.339062 0.389583 0.339062 0.3875 0.3375 0.385417 0.3375 0.383333 0.335938 0.38125 0.335938 0.377083 0.332812 0.375 0.332812 0.36875 0.328125 0.366667 0.328125 0.3625 0.325 0.360417 0.325 0.345833 0.314062 0.345833 0.3125 0.34375 0.310937 0.341667 0.310937 0.3375 0.307812 0.961417
0 0.66875 0.245312 0.66875 0.2375 0.66875 0.245312 0.6625 0.253125 0.660417 0.254688 0.660417 0.25625 0.658333 0.257812 0.658333 0.259375 0.65625 0.260937 0.654167 0.260937 0.652083 0.2625 0.652083 0.264062 0.64375 0.270312 0.641667 0.270312 0.63125 0.278125 0.629167 0.278125 0.625 0.28125 0.622917 0.28125 0.620833 0.282812 0.61875 0.282812 0.614583 0.285937 0.6125 0.285937 0.610417 0.2875 0.608333 0.2875 0.60625 0.289062 0.602083 0.289062 0.597917 0.292187 0.595833 0.292187 0.59375 0.29375 0.5875 0.29375 0.585417 0.295312 0.579167 0.295312 0.577083 0.296875 0.572917 0.296875 0.570833 0.298437 0.564583 0.298437 0.5625 0.3 0.545833 0.3 0.54375 0.301562 0.46875 0.301562 0.466667 0.3 0.45 0.3 0.447917 0.298437 0.441667 0.298437 0.439583 0.296875 0.4375 0.296875 0.435417 0.295312 0.425 0.295312 0.422917 0.29375 0.41875 0.29375 0.416667 0.292187 0.414583 0.292187 0.4125 0.290625 0.410417 0.290625 0.408333 0.289062 0.404167 0.289062 0.402083 0.2875 0.397917 0.2875 0.395833 0.285937 0.39375 0.285937 0.391667 0.284375 0.389583 0.284375 0.3875 0.282812 0.385417 0.282812 0.383333 0.28125 0.379167 0.28125 0.375 0.278125 0.372917 0.278125 0.370833 0.276562 0.36875 0.276562 0.366667 0.275 0.364583 0.275 0.35625 0.26875 0.354167 0.26875 0.352083 0.267187 0.35 0.267187 0.347917 0.265625 0.347917 0.264062 0.345833 0.2625 0.34375 0.2625 0.329167 0.251563 0.329167 0.25 0.327083 0.248437 0.327083 0.246875 0.325 0.246875 0.320833 0.24375 0.320833 0.2375 0.31875 0.2375 0.31875 0.242187 0.320833 0.24375 0.320833 0.246875 0.322917 0.246875 0.325 0.248437 0.325 0.254688 0.327083 0.25625 0.327083 0.259375 0.33125 0.2625 0.33125 0.264062 0.335417 0.267187 0.335417 0.26875 0.34375 0.275 0.34375 0.276562 0.345833 0.278125 0.347917 0.278125 0.352083 0.28125 0.352083 0.282812 0.354167 0.284375 0.35625 0.284375 0.364583 0.290625 0.366667 0.290625 0.370833 0.29375 0.372917 0.29375 0.375 0.295312 0.377083 0.295312 0.379167 0.296875 0.38125 0.296875 0.385417 0.3 0.3875 0.3 0.389583 0.301562 0.391667 0.301562 0.39375 0.303125 0.395833 0.303125 0.397917 0.304688 0.4 0.304688 0.402083 0.30625 0.40625 0.30625 0.408333 0.307812 0.414583 0.307812 0.416667 0.309375 0.41875 0.309375 0.420833 0.310937 0.425 0.310937 0.427083 0.3125 0.433333 0.3125 0.435417 0.314062 0.44375 0.314062 0.445833 0.315625 0.45 0.315625 0.452083 0.317187 0.460417 0.317187 0.4625 0.31875 0.48125 0.31875 0.483333 0.320312 0.535417 0.320312 0.5375 0.31875 0.55 0.31875 0.552083 0.317187 0.55625 0.317187 0.558333 0.315625 0.564583 0.315625 0.566667 0.314062 0.577083 0.314062 0.579167 0.3125 0.58125 0.3125 0.583333 0.310937 0.5875 0.310937 0.589583 0.309375 0.591667 0.309375 0.59375 0.307812 0.6 0.307812 0.602083 0.30625 0.604167 0.30625 0.608333 0.303125 0.610417 0.303125 0.6125 0.301562 0.614583 0.301562 0.616667 0.3 0.61875 0.3 0.622917 0.296875 0.625 0.296875 0.633333 0.290625 0.635417 0.290625 0.645833 0.282812 0.645833 0.28125 0.652083 0.276562 0.652083 0.275 0.65625 0.271875 0.65625 0.26875 0.660417 0.265625 0.660417 0.2625 0.6625 0.260937 0.6625 0.253125 0.961295
0 0.56875 0.482812 0.56875 0.482812 0.558333 0.489062 0.552083 0.489062 0.547917 0.492187 0.545833 0.492187 0.54375 0.49375 0.539583 0.49375 0.5375 0.495312 0.53125 0.495312 0.529167 0.496875 0.525 0.496875 0.522917 0.498437 0.516667 0.498437 0.514583 0.5 0.50625 0.5 0.504167 0.501562 0.460417 0.501562 0.458333 0.5 0.445833 0.5 0.44375 0.498437 0.4375 0.498437 0.435417 0.496875 0.43125 0.496875 0.429167 0.495312 0.425 0.495312 0.422917 0.49375 0.416667 0.49375 0.4125 0.490625 0.410417 0.490625 0.408333 0.489062 0.40625 0.489062 0.404167 0.4875 0.402083 0.4875 0.4 0.485937 0.397917 0.485937 0.39375 0.482812 0.391667 0.482812 0.375 0.470312 0.375 0.46875 0.366667 0.4625 0.366667 0.460937 0.364583 0.459375 0.364583 0.457812 0.360417 0.454687 0.360417 0.453125 0.35625 0.45 0.35625 0.446875 0.354167 0.445312 0.354167 0.442187 0.352083 0.440625 0.352083 0.435937 0.35 0.434375 0.35 0.43125 0.347917 0.429688 0.347917 0.423437 0.347917 0.451562 0.35 0.453125 0.35 0.454687 0.352083 0.45625 0.352083 0.459375 0.354167 0.460937 0.354167 0.4625 0.35625 0.464062 0.35625 0.465625 0.360417 0.46875 0.360417 0.470312 0.366667 0.475 0.366667 0.476562 0.385417 0.490625 0.3875 0.490625 0.391667 0.49375 0.39375 0.49375 0.397917 0.496875 0.4 0.496875 0.402083 0.498437 0.404167 0.498437 0.40625 0.5 0.408333 0.5 0.4125 0.503125 0.416667 0.503125 0.41875 0.504687 0.427083 0.504687 0.429167 0.50625 0.433333 0.50625 0.435417 0.507812 0.4375 0.507812 0.439583 0.509375 0.452083 0.509375 0.454167 0.510937 0.49375 0.510937 0.495833 0.509375 0.502083 0.509375 0.504167 0.507812 0.508333 0.507812 0.510417 0.50625 0.514583 0.50625 0.516667 0.504687 0.525 0.504687 0.527083 0.503125 0.53125 0.503125 0.5375 0.498437 0.539583 0.498437 0.541667 0.496875 0.545833 0.496875 0.547917 0.495312 0.547917 0.49375 0.55 0.492187 0.552083 0.492187 0.554167 0.490625 0.55625 0.490625 0.558333 0.489062 0.960341
0 0.327083 0.2625 0.327083 0.270312 0.329167 0.271875 0.329167 0.273438 0.33125 0.275 0.33125 0.278125 0.335417 0.28125 0.335417 0.282812 0.339583 0.285937 0.339583 0.2875 0.341667 0.289062 0.341667 0.290625 0.36875 0.310937 0.370833 0.310937 0.372917 0.3125 0.375 0.3125 0.377083 0.314062 0.379167 0.314062 0.38125 0.315625 0.383333 0.315625 0.385417 0.317187 0.3875 0.317187 0.389583 0.31875 0.391667 0.31875 0.39375 0.320312 0.395833 0.320312 0.397917 0.321875 0.4 0.321875 0.402083 0.323437 0.40625 0.323437 0.408333 0.325 0.4125 0.325 0.414583 0.326562 0.41875 0.326562 0.420833 0.328125 0.422917 0.328125 0.425 0.329687 0.43125 0.329687 0.433333 0.33125 0.441667 0.33125 0.44375 0.332812 0.45 0.332812 0.452083 0.334375 0.45625 0.334375 0.458333 0.335938 0.470833 0.335938 0.472917 0.3375 0.54375 0.3375 0.545833 0.335938 0.552083 0.335938 0.554167 0.334375 0.558333 0.334375 0.560417 0.332812 0.566667 0.332812 0.56875 0.33125 0.577083 0.33125 0.579167 0.329687 0.58125 0.329687 0.583333 0.328125 0.585417 0.328125 0.5875 0.326562 0.591667 0.326562 0.59375 0.325 0.597917 0.325 0.6 0.323437 0.602083 0.323437 0.604167 0.321875 0.60625 0.321875 0.610417 0.31875 0.6125 0.31875 0.614583 0.317187 0.616667 0.317187 0.625 0.310937 0.627083 0.310937 0.629167 0.309375 0.63125 0.309375 0.63125 0.307812 0.641667 0.3 0.641667 0.298437 0.64375 0.296875 0.645833 0.296875 0.645833 0.295312 0.647917 0.29375 0.647917 0.292187 0.65 0.290625 0.65 0.289062 0.654167 0.285937 0.654167 0.282812 0.65625 0.28125 0.65625 0.278125 0.658333 0.276562 0.660417 0.276562 0.660417 0.271875 0.6625 0.270312 0.660417 0.26875 0.660417 0.265625 0.660417 0.275 0.658333 0.276562 0.654167 0.276562 0.654167 0.278125 0.652083 0.279687 0.652083 0.28125 0.647917 0.284375 0.645833 0.284375 0.64375 0.285937 0.64375 0.2875 0.639583 0.290625 0.6375 0.290625 0.63125 0.295312 0.629167 0.295312 0.620833 0.301562 0.616667 0.301562 0.614583 0.303125 0.6125 0.303125 0.608333 0.30625 0.60625 0.30625 0.604167 0.307812 0.6 0.307812 0.597917 0.309375 0.59375 0.309375 0.589583 0.3125 0.585417 0.3125 0.583333 0.314062 0.579167 0.314062 0.577083 0.315625 0.566667 0.315625 0.564583 0.317187 0.560417 0.317187 0.558333 0.31875 0.552083 0.31875 0.55 0.320312 0.535417 0.320312 0.533333 0.321875 0.483333 0.321875 0.48125 0.320312 0.460417 0.320312 0.458333 0.31875 0.452083 0.31875 0.45 0.317187 0.445833 0.317187 0.44375 0.315625 0.433333 0.315625 0.43125 0.314062 0.425 0.314062 0.422917 0.3125 0.420833 0.3125 0.41875 0.310937 0.414583 0.310937 0.4125 0.309375 0.408333 0.309375 0.40625 0.307812 0.4 0.307812 0.395833 0.304688 0.39375 0.304688 0.391667 0.303125 0.3875 0.303125 0.385417 0.301562 0.383333 0.301562 0.377083 0.296875 0.375 0.296875 0.372917 0.295312 0.370833 0.295312 0.36875 0.29375 0.366667 0.29375 0.360417 0.289062 0.358333 0.289062 0.3375 0.273438 0.3375 0.271875 0.335417 0.270312 0.333333 0.270312 0.33125 0.26875 0.33125 0.267187 0.329167 0.265625 0.329167 0.2625 0.327083 0.2625 0.322917 0.254688 0.322917 0.253125 0.322917 0.254688 0.960165
0 0.360417 0.426562 0.360417 0.432812 0.366667 0.4375 0.366667 0.440625 0.377083 0.448437 0.377083 0.45 0.383333 0.454687 0.385417 0.454687 0.39375 0.460937 0.395833 0.460937 0.4 0.464062 0.402083 0.464062 0.40625 0.467187 0.408333 0.467187 0.410417 0.46875 0.4125 0.46875 0.414583 0.470312 0.41875 0.470312 0.420833 0.471875 0.422917 0.471875 0.425 0.473437 0.427083 0.473437 0.429167 0.475 0.435417 0.475 0.4375 0.476562 0.441667 0.476562 0.44375 0.478125 0.447917 0.478125 0.45 0.479687 0.458333 0.479687 0.460417 0.48125 0.504167 0.48125 0.50625 0.479687 0.520833 0.479687 0.522917 0.478125 0.529167 0.478125 0.533333 0.475 0.5375 0.475 0.539583 0.473437 0.545833 0.473437 0.547917 0.471875 0.55 0.471875 0.554167 0.46875 0.55625 0.46875 0.558333 0.467187 0.5625 0.467187 0.564583 0.465625 0.566667 0.465625 0.572917 0.460937 0.575 0.460937 0.585417 0.453125 0.5875 0.453125 0.589583 0.451562 0.589583 0.45 0.59375 0.446875 0.595833 0.446875 0.595833 0.44375 0.6 0.440625 0.602083 0.440625 0.602083 0.4375 0.604167 0.435937 0.604167 0.434375 0.602083 0.435937 0.602083 0.4375 0.597917 0.440625 0.595833 0.440625 0.595833 0.442187 0.5875 0.448437 0.585417 0.448437 0.58125 0.451562 0.579167 0.451562 0.575 0.454687 0.572917 0.454687 0.570833 0.45625 0.56875 0.45625 0.566667 0.457812 0.564583 0.457812 0.564583 0.459375 0.5625 0.460937 0.55625 0.460937 0.554167 0.4625 0.55 0.4625 0.545833 0.465625 0.54375 0.465625 0.541667 0.467187 0.533333 0.467187 0.53125 0.46875 0.522917 0.46875 0.520833 0.470312 0.514583 0.470312 0.5125 0.471875 0.50625 0.471875 0.504167 0.473437 0.477083 0.473437 0.475 0.471875 0.46875 0.471875 0.466667 0.470312 0.4625 0.470312 0.460417 0.46875 0.452083 0.46875 0.45 0.467187 0.435417 0.467187 0.43125 0.464062 0.429167 0.464062 0.427083 0.4625 0.422917 0.4625 0.420833 0.460937 0.416667 0.460937 0.4125 0.457812 0.410417 0.457812 0.408333 0.45625 0.40625 0.45625 0.404167 0.454687 0.4 0.454687 0.39375 0.45 0.391667 0.45 0.385417 0.445312 0.383333 0.445312 0.370833 0.435937 0.370833 0.434375 0.36875 0.432812 0.364583 0.432812 0.3625 0.43125 0.3625 0.428125 0.360417 0.426562 0.352083 0.415625 0.352083 0.415625 0.954561
0 0.34375 0.382812 0.34375 0.384375 0.345833 0.385937 0.347917 0.384375 0.345833 0.382812 0.34375 0.382812 0.3375 0.376562 0.629167 0.379687 0.627083 0.38125 0.627083 0.382812 0.625 0.384375 0.625 0.385937 0.622917 0.3875 0.622917 0.389062 0.620833 0.390625 0.620833 0.392187 0.616667 0.395312 0.616667 0.396875 0.6125 0.4 0.6125 0.401562 0.604167 0.407812 0.604167 0.409375 0.602083 0.409375 0.59375 0.415625 0.591667 0.415625 0.589583 0.417187 0.5875 0.417187 0.585417 0.41875 0.583333 0.41875 0.58125 0.420312 0.58125 0.421875 0.579167 0.421875 0.577083 0.423437 0.570833 0.423437 0.56875 0.425 0.566667 0.425 0.560417 0.429688 0.552083 0.429688 0.55 0.43125 0.545833 0.43125 0.54375 0.432812 0.541667 0.432812 0.539583 0.434375 0.5375 0.434375 0.535417 0.435937 0.510417 0.435937 0.508333 0.4375 0.460417 0.4375 0.458333 0.435937 0.44375 0.435937 0.441667 0.434375 0.439583 0.434375 0.4375 0.432812 0.435417 0.432812 0.433333 0.43125 0.429167 0.43125 0.427083 0.429688 0.416667 0.429688 0.4125 0.426562 0.410417 0.426562 0.40625 0.423437 0.4 0.423437 0.397917 0.421875 0.39375 0.421875 0.39375 0.420312 0.389583 0.417187 0.385417 0.417187 0.375 0.409375 0.372917 0.409375 0.35625 0.396875 0.35625 0.395312 0.35 0.390625 0.35 0.3875 0.354167 0.3875 0.354167 0.389062 0.35625 0.390625 0.35625 0.392187 0.358333 0.39375 0.3625 0.39375 0.370833 0.4 0.372917 0.4 0.633333 0.365625 0.635417 0.367188 0.635417 0.359375 0.633333 0.359375 0.633333 0.365625 0.372917 0.4 0.375 0.401562 0.377083 0.401562 0.383333 0.40625 0.3875 0.40625 0.389583 0.407812 0.391667 0.407812 0.395833 0.410937 0.397917 0.410937 0.4 0.4125 0.404167 0.4125 0.40625 0.414062 0.410417 0.414062 0.4125 0.415625 0.414583 0.415625 0.416667 0.417187 0.41875 0.417187 0.420833 0.41875 0.43125 0.41875 0.433333 0.420312 0.44375 0.420312 0.445833 0.421875 0.45 0.421875 0.452083 0.423437 0.4625 0.423437 0.464583 0.425 0.491667 0.425 0.49375 0.423437 0.502083 0.423437 0.504167 0.421875 0.510417 0.421875 0.5125 0.420312 0.516667 0.420312 0.51875 0.41875 0.53125 0.41875 0.533333 0.417187 0.5375 0.417187 0.541667 0.414062 0.54375 0.414062 0.545833 0.4125 0.547917 0.4125 0.55 0.410937 0.55625 0.410937 0.558333 0.409375 0.560417 0.409375 0.564583 0.40625 0.566667 0.40625 0.56875 0.404687 0.570833 0.404687 0.572917 0.403125 0.575 0.403125 0.577083 0.401562 0.579167 0.401562 0.58125 0.4 0.583333 0.4 0.5875 0.396875 0.589583 0.396875 0.591667 0.395312 0.59375 0.395312 0.597917 0.392187 0.6 0.392187 0.604167 0.389062 0.60625 0.389062 0.627083 0.373437 0.627083 0.371875 0.629167 0.370312 0.629167 0.379687 0.3375 0.376562 0.3375 0.371875 0.3375 0.376562 0.951768
0 0.652083 0.296875 0.652083 0.290625 0.652083 0.296875 0.647917 0.301562 0.645833 0.3 0.64375 0.3 0.641667 0.301562 0.641667 0.303125 0.6375 0.30625 0.635417 0.30625 0.633333 0.307812 0.633333 0.309375 0.629167 0.3125 0.627083 0.3125 0.625 0.314062 0.622917 0.314062 0.614583 0.320312 0.610417 0.320312 0.60625 0.323437 0.604167 0.323437 0.602083 0.325 0.6 0.325 0.597917 0.326562 0.59375 0.326562 0.591667 0.328125 0.5875 0.328125 0.583333 0.33125 0.58125 0.33125 0.579167 0.332812 0.56875 0.332812 0.566667 0.334375 0.560417 0.334375 0.558333 0.335938 0.55625 0.335938 0.554167 0.3375 0.54375 0.3375 0.541667 0.339062 0.46875 0.339062 0.466667 0.3375 0.458333 0.3375 0.45625 0.335938 0.45 0.335938 0.447917 0.334375 0.441667 0.334375 0.439583 0.332812 0.429167 0.332812 0.427083 0.33125 0.422917 0.33125 0.420833 0.329687 0.41875 0.329687 0.416667 0.328125 0.4125 0.328125 0.410417 0.326562 0.404167 0.326562 0.402083 0.325 0.4 0.325 0.397917 0.323437 0.395833 0.323437 0.391667 0.320312 0.3875 0.320312 0.385417 0.31875 0.383333 0.31875 0.38125 0.317187 0.379167 0.317187 0.375 0.314062 0.370833 0.314062 0.3625 0.307812 0.360417 0.307812 0.345833 0.296875 0.345833 0.295312 0.34375 0.295312 0.339583 0.292187 0.339583 0.290625 0.33125 0.284375 0.33125 0.282812 0.329167 0.28125 0.329167 0.273438 0.327083 0.273438 0.327083 0.289062 0.329167 0.290625 0.329167 0.29375 0.33125 0.295312 0.33125 0.296875 0.339583 0.303125 0.339583 0.304688 0.341667 0.30625 0.341667 0.307812 0.34375 0.309375 0.345833 0.309375 0.347917 0.310937 0.347917 0.3125 0.360417 0.321875 0.3625 0.321875 0.36875 0.326562 0.370833 0.326562 0.377083 0.33125 0.379167 0.33125 0.383333 0.334375 0.385417 0.334375 0.3875 0.335938 0.389583 0.335938 0.391667 0.3375 0.39375 0.3375 0.395833 0.339062 0.397917 0.339062 0.4 0.340625 0.404167 0.340625 0.40625 0.342187 0.408333 0.342187 0.410417 0.34375 0.414583 0.34375 0.416667 0.345312 0.420833 0.345312 0.422917 0.346875 0.427083 0.346875 0.429167 0.348437 0.433333 0.348437 0.435417 0.35 0.441667 0.35 0.44375 0.351562 0.452083 0.351562 0.454167 0.353125 0.464583 0.353125 0.466667 0.354687 0.48125 0.354687 0.483333 0.35625 0.51875 0.35625 0.520833 0.354687 0.533333 0.354687 0.535417 0.353125 0.54375 0.353125 0.545833 0.351562 0.558333 0.351562 0.560417 0.35 0.564583 0.35 0.566667 0.348437 0.570833 0.348437 0.572917 0.346875 0.575 0.346875 0.577083 0.345312 0.585417 0.345312 0.589583 0.342187 0.591667 0.342187 0.59375 0.340625 0.595833 0.340625 0.597917 0.339062 0.602083 0.339062 0.608333 0.334375 0.610417 0.334375 0.616667 0.329687 0.61875 0.329687 0.620833 0.328125 0.622917 0.328125 0.639583 0.315625 0.639583 0.314062 0.645833 0.309375 0.645833 0.304688 0.647917 0.303125 0.647917 0.301562 0.949154
0 0.3375 0.38125 0.3375 0.390625 0.339583 0.390625 0.341667 0.392187 0.341667 0.396875 0.34375 0.398438 0.34375 0.401562 0.345833 0.403125 0.345833 0.404687 0.347917 0.40625 0.35 0.40625 0.35625 0.410937 0.35625 0.4125 0.364583 0.41875 0.366667 0.41875 0.372917 0.423437 0.375 0.423437 0.38125 0.428125 0.383333 0.428125 0.385417 0.429688 0.3875 0.429688 0.39375 0.434375 0.395833 0.434375 0.397917 0.435937 0.402083 0.435937 0.404167 0.4375 0.40625 0.4375 0.410417 0.440625 0.4125 0.440625 0.414583 0.442187 0.422917 0.442187 0.425 0.44375 0.427083 0.44375 0.429167 0.445312 0.43125 0.445312 0.433333 0.446875 0.439583 0.446875 0.441667 0.448437 0.460417 0.448437 0.4625 0.45 0.48125 0.45 0.483333 0.451562 0.502083 0.451562 0.504167 0.45 0.51875 0.45 0.520833 0.448437 0.541667 0.448437 0.54375 0.446875 0.545833 0.446875 0.547917 0.445312 0.55 0.445312 0.552083 0.44375 0.558333 0.44375 0.560417 0.442187 0.564583 0.442187 0.570833 0.4375 0.575 0.4375 0.577083 0.435937 0.579167 0.435937 0.583333 0.432812 0.585417 0.432812 0.589583 0.429688 0.591667 0.429688 0.602083 0.421875 0.604167 0.421875 0.614583 0.414062 0.614583 0.4125 0.620833 0.407812 0.620833 0.404687 0.622917 0.403125 0.622917 0.4 0.627083 0.396875 0.627083 0.385937 0.627083 0.392187 0.622917 0.395312 0.620833 0.395312 0.61875 0.396875 0.61875 0.4 0.616667 0.401562 0.616667 0.403125 0.614583 0.404687 0.6125 0.404687 0.608333 0.407812 0.608333 0.409375 0.60625 0.410937 0.604167 0.410937 0.6 0.414062 0.597917 0.414062 0.591667 0.41875 0.589583 0.41875 0.5875 0.420312 0.585417 0.420312 0.579167 0.425 0.575 0.425 0.572917 0.426562 0.56875 0.426562 0.564583 0.429688 0.5625 0.429688 0.560417 0.43125 0.558333 0.43125 0.55625 0.432812 0.55 0.432812 0.547917 0.434375 0.54375 0.434375 0.541667 0.435937 0.539583 0.435937 0.5375 0.4375 0.527083 0.4375 0.525 0.439062 0.454167 0.439062 0.452083 0.4375 0.44375 0.4375 0.441667 0.435937 0.439583 0.435937 0.4375 0.434375 0.433333 0.434375 0.43125 0.432812 0.420833 0.432812 0.41875 0.43125 0.416667 0.43125 0.414583 0.429688 0.4125 0.429688 0.410417 0.428125 0.408333 0.428125 0.40625 0.426562 0.402083 0.426562 0.4 0.425 0.397917 0.425 0.395833 0.423437 0.39375 0.423437 0.389583 0.420312 0.385417 0.420312 0.377083 0.414062 0.375 0.414062 0.366667 0.407812 0.364583 0.407812 0.3625 0.40625 0.3625 0.404687 0.360417 0.404687 0.35625 0.401562 0.35625 0.4 0.347917 0.39375 0.347917 0.392187 0.339583 0.385937 0.339583 0.382812 0.944804
0 0.372917 0.429688 0.372917 0.428125 0.36875 0.425 0.36875 0.428125 0.370833 0.429688 0.372917 0.429688 0.377083 0.43125 0.364583 0.421875 0.3625 0.420312 0.3625 0.421875 0.364583 0.421875 0.377083 0.43125 0.377083 0.434375 0.379167 0.435937 0.379167 0.4375 0.3875 0.44375 0.3875 0.445312 0.389583 0.446875 0.391667 0.446875 0.39375 0.448437 0.395833 0.448437 0.402083 0.453125 0.40625 0.453125 0.408333 0.454687 0.410417 0.454687 0.414583 0.457812 0.416667 0.457812 0.41875 0.459375 0.422917 0.459375 0.425 0.460937 0.427083 0.460937 0.429167 0.4625 0.43125 0.4625 0.433333 0.464062 0.435417 0.464062 0.4375 0.465625 0.454167 0.465625 0.45625 0.467187 0.460417 0.467187 0.4625 0.46875 0.464583 0.46875 0.466667 0.470312 0.46875 0.470312 0.470833 0.471875 0.510417 0.471875 0.514583 0.46875 0.51875 0.46875 0.520833 0.467187 0.525 0.467187 0.527083 0.465625 0.539583 0.465625 0.541667 0.464062 0.545833 0.464062 0.55 0.460937 0.552083 0.460937 0.554167 0.459375 0.560417 0.459375 0.566667 0.454687 0.56875 0.454687 0.570833 0.453125 0.572917 0.453125 0.575 0.451562 0.577083 0.451562 0.583333 0.446875 0.585417 0.446875 0.59375 0.440625 0.59375 0.439062 0.6 0.434375 0.6 0.432812 0.60625 0.428125 0.60625 0.425 0.610417 0.421875 0.610417 0.420312 0.608333 0.420312 0.60625 0.421875 0.604167 0.421875 0.5875 0.434375 0.585417 0.434375 0.579167 0.439062 0.577083 0.439062 0.575 0.440625 0.572917 0.440625 0.564583 0.446875 0.5625 0.446875 0.560417 0.448437 0.552083 0.448437 0.54375 0.454687 0.539583 0.454687 0.5375 0.45625 0.525 0.45625 0.522917 0.457812 0.51875 0.457812 0.516667 0.459375 0.5125 0.459375 0.510417 0.460937 0.458333 0.460937 0.45625 0.459375 0.452083 0.459375 0.45 0.457812 0.44375 0.457812 0.441667 0.45625 0.429167 0.45625 0.427083 0.454687 0.425 0.454687 0.422917 0.453125 0.420833 0.453125 0.41875 0.451562 0.414583 0.451562 0.4125 0.45 0.408333 0.45 0.402083 0.445312 0.4 0.445312 0.397917 0.44375 0.39375 0.44375 0.3875 0.439062 0.3875 0.4375 0.383333 0.4375 0.38125 0.435937 0.38125 0.434375 0.377083 0.43125 0.933962
0 0.335417 0.309375 0.335417 0.329687 0.339583 0.332812 0.339583 0.334375 0.341667 0.335938 0.341667 0.3375 0.34375 0.339062 0.34375 0.340625 0.345833 0.342187 0.345833 0.34375 0.35 0.346875 0.35 0.348437 0.360417 0.35625 0.360417 0.357812 0.370833 0.365625 0.372917 0.365625 0.379167 0.370312 0.38125 0.370312 0.383333 0.371875 0.385417 0.371875 0.3875 0.373437 0.389583 0.373437 0.395833 0.378125 0.4 0.378125 0.402083 0.379687 0.404167 0.379687 0.410417 0.384375 0.416667 0.384375 0.41875 0.385937 0.425 0.385937 0.429167 0.389062 0.433333 0.389062 0.435417 0.390625 0.447917 0.390625 0.45 0.392187 0.458333 0.392187 0.460417 0.39375 0.466667 0.39375 0.46875 0.395312 0.520833 0.395312 0.522917 0.39375 0.529167 0.39375 0.53125 0.392187 0.5375 0.392187 0.539583 0.390625 0.55 0.390625 0.552083 0.389062 0.55625 0.389062 0.558333 0.3875 0.560417 0.3875 0.5625 0.385937 0.564583 0.385937 0.566667 0.384375 0.570833 0.384375 0.572917 0.382812 0.575 0.382812 0.579167 0.379687 0.58125 0.379687 0.583333 0.378125 0.585417 0.378125 0.5875 0.376562 0.589583 0.376562 0.59375 0.373437 0.595833 0.373437 0.597917 0.371875 0.6 0.371875 0.608333 0.365625 0.610417 0.365625 0.6125 0.364062 0.6125 0.3625 0.620833 0.35625 0.620833 0.354687 0.622917 0.353125 0.622917 0.351562 0.627083 0.348437 0.627083 0.346875 0.629167 0.345312 0.629167 0.3375 0.627083 0.3375 0.627083 0.339062 0.625 0.340625 0.625 0.342187 0.622917 0.34375 0.620833 0.34375 0.610417 0.351562 0.608333 0.351562 0.604167 0.354687 0.602083 0.354687 0.595833 0.359375 0.59375 0.359375 0.591667 0.360937 0.589583 0.360937 0.5875 0.3625 0.585417 0.3625 0.583333 0.364062 0.58125 0.364062 0.577083 0.367188 0.572917 0.367188 0.570833 0.36875 0.566667 0.36875 0.564583 0.370312 0.5625 0.370312 0.560417 0.371875 0.55625 0.371875 0.554167 0.373437 0.545833 0.373437 0.54375 0.375 0.5375 0.375 0.535417 0.376562 0.525 0.376562 0.522917 0.378125 0.46875 0.378125 0.466667 0.376562 0.458333 0.376562 0.45625 0.375 0.447917 0.375 0.445833 0.373437 0.435417 0.373437 0.433333 0.371875 0.429167 0.371875 0.427083 0.370312 0.425 0.370312 0.422917 0.36875 0.41875 0.36875 0.416667 0.367188 0.4125 0.367188 0.410417 0.365625 0.408333 0.365625 0.40625 0.364062 0.404167 0.364062 0.402083 0.3625 0.4 0.3625 0.397917 0.360937 0.395833 0.360937 0.391667 0.357812 0.389583 0.357812 0.3875 0.35625 0.385417 0.35625 0.383333 0.354687 0.38125 0.354687 0.377083 0.351562 0.375 0.351562 0.345833 0.329687 0.345833 0.328125 0.3375 0.321875 0.3375 0.3125 0.335417 0.310937 0.931652
0 0.547917 0.409375 0.558333 0.409375 0.560417 0.407812 0.552083 0.407812 0.55 0.409375 0.547917 0.409375 0.539583 0.414062 0.458333 0.414062 0.45625 0.4125 0.445833 0.4125 0.44375 0.410937 0.441667 0.410937 0.439583 0.409375 0.435417 0.409375 0.433333 0.407812 0.420833 0.407812 0.41875 0.40625 0.414583 0.40625 0.410417 0.403125 0.408333 0.403125 0.40625 0.401562 0.4 0.401562 0.397917 0.4 0.395833 0.4 0.389583 0.395312 0.383333 0.395312 0.375 0.389062 0.370833 0.389062 0.36875 0.3875 0.366667 0.3875 0.364583 0.385937 0.364583 0.384375 0.3625 0.382812 0.360417 0.382812 0.354167 0.378125 0.354167 0.376562 0.352083 0.376562 0.345833 0.371875 0.345833 0.370312 0.339583 0.365625 0.339583 0.364062 0.3375 0.3625 0.3375 0.359375 0.335417 0.357812 0.333333 0.357812 0.333333 0.365625 0.335417 0.367188 0.335417 0.36875 0.339583 0.371875 0.339583 0.373437 0.345833 0.378125 0.345833 0.379687 0.360417 0.390625 0.3625 0.390625 0.370833 0.396875 0.372917 0.396875 0.375 0.398438 0.377083 0.398438 0.379167 0.4 0.379167 0.401562 0.38125 0.401562 0.383333 0.403125 0.385417 0.403125 0.3875 0.404687 0.389583 0.404687 0.39375 0.407812 0.395833 0.407812 0.397917 0.409375 0.404167 0.409375 0.40625 0.410937 0.410417 0.410937 0.414583 0.414062 0.416667 0.414062 0.41875 0.415625 0.427083 0.415625 0.429167 0.417187 0.439583 0.417187 0.441667 0.41875 0.447917 0.41875 0.45 0.420312 0.452083 0.420312 0.454167 0.421875 0.504167 0.421875 0.50625 0.420312 0.510417 0.420312 0.5125 0.41875 0.516667 0.41875 0.51875 0.417187 0.529167 0.417187 0.53125 0.415625 0.5375 0.415625 0.539583 0.414062 0.925718
0 0.327083 0.298437 0.327083 0.304688 0.325 0.30625 0.325 0.339062 0.327083 0.340625 0.327083 0.342187 0.329167 0.34375 0.329167 0.345312 0.33125 0.346875 0.33125 0.348437 0.333333 0.35 0.333333 0.351562 0.3375 0.354687 0.3375 0.35625 0.341667 0.359375 0.341667 0.360937 0.34375 0.3625 0.34375 0.364062 0.35 0.36875 0.35 0.370312 0.36875 0.384375 0.370833 0.384375 0.372917 0.385937 0.375 0.385937 0.38125 0.390625 0.383333 0.390625 0.385417 0.392187 0.3875 0.392187 0.389583 0.39375 0.391667 0.39375 0.395833 0.396875 0.397917 0.396875 0.4 0.398438 0.40625 0.398438 0.408333 0.4 0.410417 0.4 0.414583 0.403125 0.41875 0.403125 0.420833 0.404687 0.429167 0.404687 0.43125 0.40625 0.4375 0.40625 0.439583 0.407812 0.441667 0.407812 0.44375 0.409375 0.452083 0.409375 0.454167 0.410937 0.49375 0.410937 0.495833 0.4125 0.497917 0.4125 0.5 0.410937 0.50625 0.410937 0.508333 0.4125 0.510417 0.4125 0.5125 0.410937 0.541667 0.410937 0.54375 0.409375 0.545833 0.409375 0.55 0.40625 0.554167 0.40625 0.55625 0.404687 0.5625 0.404687 0.564583 0.403125 0.566667 0.403125 0.56875 0.401562 0.570833 0.401562 0.572917 0.4 0.575 0.4 0.577083 0.398438 0.58125 0.398438 0.585417 0.395312 0.5875 0.395312 0.589583 0.39375 0.591667 0.39375 0.59375 0.392187 0.595833 0.392187 0.597917 0.390625 0.597917 0.389062 0.6 0.3875 0.602083 0.3875 0.616667 0.376562 0.616667 0.375 0.622917 0.370312 0.622917 0.36875 0.629167 0.364062 0.629167 0.3625 0.63125 0.360937 0.63125 0.359375 0.633333 0.357812 0.633333 0.353125 0.635417 0.351562 0.635417 0.348437 0.6375 0.346875 0.6375 0.340625 0.639583 0.339062 0.639583 0.334375 0.6375 0.332812 0.6375 0.328125 0.635417 0.329687 0.635417 0.334375 0.633333 0.335938 0.633333 0.345312 0.627083 0.35 0.627083 0.353125 0.620833 0.357812 0.620833 0.359375 0.6125 0.365625 0.6125 0.367188 0.608333 0.370312 0.60625 0.370312 0.604167 0.371875 0.602083 0.371875 0.602083 0.373437 0.6 0.375 0.597917 0.375 0.595833 0.376562 0.59375 0.376562 0.591667 0.378125 0.589583 0.378125 0.585417 0.38125 0.583333 0.38125 0.58125 0.382812 0.577083 0.382812 0.572917 0.385937 0.570833 0.385937 0.56875 0.3875 0.566667 0.3875 0.564583 0.389062 0.560417 0.389062 0.558333 0.390625 0.554167 0.390625 0.552083 0.392187 0.547917 0.392187 0.545833 0.39375 0.535417 0.39375 0.533333 0.395312 0.525 0.395312 0.522917 0.396875 0.5125 0.396875 0.510417 0.398438 0.479167 0.398438 0.477083 0.396875 0.466667 0.396875 0.464583 0.395312 0.454167 0.395312 0.452083 0.39375 0.441667 0.39375 0.439583 0.392187 0.433333 0.392187 0.43125 0.390625 0.429167 0.390625 0.427083 0.389062 0.422917 0.389062 0.420833 0.3875 0.414583 0.3875 0.4125 0.385937 0.410417 0.385937 0.408333 0.384375 0.40625 0.384375 0.404167 0.382812 0.402083 0.382812 0.4 0.38125 0.397917 0.38125 0.395833 0.379687 0.39375 0.379687 0.389583 0.376562 0.3875 0.376562 0.385417 0.375 0.383333 0.375 0.379167 0.371875 0.377083 0.371875 0.370833 0.367188 0.36875 0.367188 0.35625 0.357812 0.35625 0.35625 0.345833 0.348437 0.345833 0.346875 0.34375 0.345312 0.34375 0.34375 0.341667 0.342187 0.341667 0.340625 0.339583 0.339062 0.339583 0.335938 0.3375 0.334375 0.3375 0.33125 0.335417 0.329687 0.335417 0.325 0.333333 0.323437 0.333333 0.31875 0.33125 0.317187 0.33125 0.304688 0.329167 0.303125 0.329167 0.298437 0.914236
0 0.352083 0.417187 0.35 0.41875 0.35 0.432812 0.35625 0.4375 0.35625 0.439062 0.358333 0.440625 0.358333 0.442187 0.360417 0.44375 0.360417 0.445312 0.364583 0.448437 0.364583 0.45 0.366667 0.451562 0.366667 0.453125 0.38125 0.464062 0.38125 0.465625 0.383333 0.467187 0.385417 0.467187 0.391667 0.471875 0.39375 0.471875 0.395833 0.473437 0.397917 0.473437 0.4 0.475 0.402083 0.475 0.40625 0.478125 0.408333 0.478125 0.410417 0.479687 0.414583 0.479687 0.416667 0.48125 0.41875 0.48125 0.425 0.485937 0.44375 0.485937 0.445833 0.4875 0.447917 0.4875 0.45 0.489062 0.452083 0.489062 0.45625 0.492187 0.504167 0.492187 0.50625 0.490625 0.510417 0.490625 0.5125 0.489062 0.514583 0.489062 0.516667 0.4875 0.525 0.4875 0.527083 0.485937 0.535417 0.485937 0.5375 0.484375 0.539583 0.484375 0.541667 0.482812 0.54375 0.482812 0.545833 0.48125 0.547917 0.48125 0.55 0.479687 0.554167 0.479687 0.5625 0.473437 0.564583 0.473437 0.566667 0.471875 0.56875 0.471875 0.570833 0.470312 0.570833 0.46875 0.575 0.465625 0.577083 0.465625 0.579167 0.464062 0.572917 0.464062 0.564583 0.470312 0.55625 0.470312 0.554167 0.471875 0.552083 0.471875 0.552083 0.473437 0.55 0.475 0.547917 0.475 0.545833 0.476562 0.535417 0.476562 0.533333 0.478125 0.53125 0.478125 0.529167 0.479687 0.527083 0.479687 0.525 0.48125 0.520833 0.48125 0.51875 0.482812 0.45625 0.482812 0.454167 0.48125 0.447917 0.48125 0.445833 0.479687 0.44375 0.479687 0.441667 0.478125 0.4375 0.478125 0.435417 0.476562 0.427083 0.476562 0.425 0.475 0.422917 0.475 0.41875 0.471875 0.416667 0.471875 0.414583 0.470312 0.410417 0.470312 0.408333 0.46875 0.40625 0.46875 0.4 0.464062 0.397917 0.464062 0.395833 0.4625 0.39375 0.4625 0.3875 0.457812 0.385417 0.457812 0.379167 0.453125 0.379167 0.451562 0.377083 0.45 0.375 0.45 0.370833 0.446875 0.370833 0.445312 0.36875 0.44375 0.366667 0.44375 0.364583 0.442187 0.364583 0.440625 0.3625 0.439062 0.3625 0.434375 0.360417 0.432812 0.360417 0.43125 0.358333 0.429688 0.358333 0.428125 0.35625 0.426562 0.35625 0.425 0.354167 0.423437 0.354167 0.41875 0.865447
0 0.55 0.446875 0.5625 0.446875 0.5625 0.445312 0.554167 0.445312 0.552083 0.446875 0.55 0.446875 0.3875 0.432812 0.389583 0.434375 0.389583 0.435937 0.391667 0.4375 0.397917 0.4375 0.4 0.439062 0.40625 0.439062 0.4125 0.44375 0.41875 0.44375 0.420833 0.445312 0.427083 0.445312 0.429167 0.446875 0.43125 0.446875 0.435417 0.45 0.445833 0.45 0.447917 0.451562 0.472917 0.451562 0.475 0.453125 0.50625 0.453125 0.508333 0.451562 0.539583 0.451562 0.541667 0.45 0.54375 0.45 0.545833 0.451562 0.54375 0.453125 0.5375 0.453125 0.535417 0.454687 0.527083 0.454687 0.525 0.45625 0.520833 0.45625 0.51875 0.457812 0.514583 0.457812 0.5125 0.459375 0.458333 0.459375 0.379167 0.429688 0.379167 0.428125 0.377083 0.428125 0.377083 0.429688 0.379167 0.429688 0.458333 0.459375 0.45625 0.457812 0.452083 0.457812 0.45 0.45625 0.445833 0.45625 0.44375 0.454687 0.435417 0.454687 0.433333 0.453125 0.425 0.453125 0.422917 0.451562 0.420833 0.451562 0.416667 0.448437 0.4125 0.448437 0.410417 0.446875 0.40625 0.446875 0.4 0.442187 0.397917 0.442187 0.395833 0.440625 0.39375 0.440625 0.391667 0.439062 0.391667 0.4375 0.389583 0.435937 0.385417 0.435937 0.38125 0.432812 0.3875 0.432812 0.863654
0 0.583333 0.465625 0.585417 0.465625 0.5875 0.464062 0.5875 0.4625 0.585417 0.4625 0.583333 0.464062 0.583333 0.465625 0.370833 0.457812 0.370833 0.460937 0.375 0.464062 0.377083 0.464062 0.379167 0.465625 0.379167 0.467187 0.383333 0.470312 0.3875 0.470312 0.3875 0.471875 0.391667 0.475 0.39375 0.475 0.395833 0.476562 0.4 0.476562 0.402083 0.478125 0.404167 0.478125 0.404167 0.479687 0.40625 0.48125 0.408333 0.48125 0.410417 0.482812 0.416667 0.482812 0.41875 0.484375 0.420833 0.484375 0.420833 0.485937 0.422917 0.4875 0.425 0.4875 0.427083 0.489062 0.445833 0.489062 0.447917 0.490625 0.452083 0.490625 0.45625 0.49375 0.464583 0.49375 0.466667 0.495312 0.491667 0.495312 0.49375 0.49375 0.50625 0.49375 0.508333 0.492187 0.510417 0.492187 0.5125 0.490625 0.514583 0.490625 0.516667 0.489062 0.533333 0.489062 0.535417 0.4875 0.539583 0.4875 0.545833 0.482812 0.554167 0.482812 0.55625 0.48125 0.558333 0.48125 0.560417 0.479687 0.560417 0.478125 0.5625 0.476562 0.564583 0.476562 0.56875 0.473437 0.570833 0.473437 0.577083 0.46875 0.3625 0.454687 0.3625 0.448437 0.360417 0.448437 0.360417 0.453125 0.3625 0.454687 0.577083 0.46875 0.579167 0.46875 0.58125 0.470312 0.577083 0.473437 0.577083 0.475 0.564583 0.484375 0.5625 0.484375 0.560417 0.485937 0.558333 0.485937 0.55625 0.4875 0.552083 0.4875 0.547917 0.490625 0.545833 0.490625 0.54375 0.492187 0.5375 0.492187 0.535417 0.49375 0.53125 0.49375 0.529167 0.495312 0.527083 0.495312 0.525 0.496875 0.51875 0.496875 0.516667 0.498437 0.508333 0.498437 0.50625 0.5 0.464583 0.5 0.4625 0.498437 0.44375 0.498437 0.441667 0.496875 0.435417 0.496875 0.433333 0.495312 0.43125 0.495312 0.429167 0.49375 0.427083 0.49375 0.425 0.492187 0.41875 0.492187 0.416667 0.490625 0.414583 0.490625 0.4125 0.489062 0.410417 0.489062 0.40625 0.485937 0.404167 0.485937 0.402083 0.484375 0.397917 0.484375 0.389583 0.478125 0.3875 0.478125 0.385417 0.476562 0.385417 0.475 0.38125 0.471875 0.379167 0.471875 0.377083 0.470312 0.377083 0.46875 0.36875 0.4625 0.36875 0.460937 0.366667 0.459375 0.366667 0.457812 0.370833 0.457812 0.696441
0 0.35 0.417187 0.35 0.432812 0.35625 0.4375 0.35625 0.440625 0.360417 0.44375 0.360417 0.446875 0.366667 0.451562 0.366667 0.453125 0.370833 0.45625 0.370833 0.457812 0.375 0.460937 0.377083 0.460937 0.379167 0.4625 0.379167 0.464062 0.385417 0.46875 0.3875 0.46875 0.39375 0.473437 0.397917 0.473437 0.4 0.475 0.402083 0.475 0.408333 0.479687 0.4125 0.479687 0.414583 0.48125 0.416667 0.48125 0.41875 0.482812 0.420833 0.482812 0.425 0.485937 0.4375 0.485937 0.439583 0.4875 0.447917 0.4875 0.454167 0.492187 0.508333 0.492187 0.510417 0.490625 0.5125 0.490625 0.514583 0.489062 0.516667 0.489062 0.51875 0.4875 0.529167 0.4875 0.53125 0.485937 0.5375 0.485937 0.539583 0.484375 0.541667 0.484375 0.545833 0.48125 0.55 0.48125 0.552083 0.479687 0.554167 0.479687 0.5625 0.473437 0.564583 0.473437 0.566667 0.471875 0.56875 0.471875 0.570833 0.470312 0.570833 0.46875 0.575 0.465625 0.579167 0.465625 0.579167 0.4625 0.577083 0.4625 0.575 0.464062 0.572917 0.464062 0.566667 0.46875 0.564583 0.46875 0.5625 0.470312 0.554167 0.470312 0.552083 0.471875 0.552083 0.473437 0.55 0.475 0.545833 0.475 0.54375 0.476562 0.535417 0.476562 0.533333 0.478125 0.529167 0.478125 0.527083 0.479687 0.525 0.479687 0.522917 0.48125 0.516667 0.48125 0.514583 0.482812 0.458333 0.482812 0.45625 0.48125 0.45 0.48125 0.447917 0.479687 0.44375 0.479687 0.441667 0.478125 0.4375 0.478125 0.435417 0.476562 0.427083 0.476562 0.425 0.475 0.422917 0.475 0.41875 0.471875 0.416667 0.471875 0.414583 0.470312 0.410417 0.470312 0.408333 0.46875 0.40625 0.46875 0.4 0.464062 0.397917 0.464062 0.395833 0.4625 0.39375 0.4625 0.385417 0.45625 0.383333 0.45625 0.379167 0.453125 0.379167 0.451562 0.377083 0.45 0.375 0.45 0.372917 0.448437 0.372917 0.446875 0.364583 0.440625 0.364583 0.439062 0.3625 0.4375 0.3625 0.434375 0.360417 0.432812 0.360417 0.43125 0.358333 0.429688 0.358333 0.428125 0.35625 0.426562 0.35625 0.423437 0.354167 0.421875 0.354167 0.41875 0.352083 0.417187 0.514877
0 0.327083 0.296875 0.327083 0.304688 0.325 0.30625 0.325 0.3375 0.327083 0.339062 0.327083 0.342187 0.33125 0.345312 0.33125 0.346875 0.333333 0.348437 0.333333 0.35 0.335417 0.351562 0.335417 0.353125 0.339583 0.35625 0.339583 0.357812 0.341667 0.359375 0.341667 0.360937 0.34375 0.3625 0.34375 0.364062 0.352083 0.370312 0.352083 0.371875 0.3625 0.379687 0.364583 0.379687 0.366667 0.38125 0.366667 0.382812 0.36875 0.384375 0.372917 0.384375 0.38125 0.390625 0.383333 0.390625 0.385417 0.392187 0.3875 0.392187 0.389583 0.39375 0.391667 0.39375 0.395833 0.396875 0.397917 0.396875 0.4 0.398438 0.40625 0.398438 0.408333 0.4 0.410417 0.4 0.414583 0.403125 0.416667 0.403125 0.41875 0.404687 0.429167 0.404687 0.43125 0.40625 0.4375 0.40625 0.439583 0.407812 0.441667 0.407812 0.44375 0.409375 0.45 0.409375 0.452083 0.410937 0.48125 0.410937 0.483333 0.4125 0.522917 0.4125 0.525 0.410937 0.539583 0.410937 0.541667 0.409375 0.545833 0.409375 0.55 0.40625 0.554167 0.40625 0.55625 0.404687 0.5625 0.404687 0.564583 0.403125 0.566667 0.403125 0.570833 0.4 0.572917 0.4 0.575 0.398438 0.579167 0.398438 0.58125 0.396875 0.583333 0.396875 0.589583 0.392187 0.59375 0.392187 0.614583 0.376562 0.614583 0.375 0.620833 0.370312 0.620833 0.36875 0.629167 0.3625 0.629167 0.360937 0.63125 0.359375 0.63125 0.351562 0.635417 0.348437 0.635417 0.346875 0.6375 0.345312 0.6375 0.328125 0.635417 0.329687 0.635417 0.334375 0.633333 0.335938 0.633333 0.342187 0.63125 0.34375 0.63125 0.345312 0.627083 0.348437 0.627083 0.353125 0.620833 0.357812 0.620833 0.359375 0.6125 0.365625 0.6125 0.367188 0.60625 0.371875 0.602083 0.371875 0.602083 0.373437 0.597917 0.376562 0.59375 0.376562 0.591667 0.378125 0.589583 0.378125 0.585417 0.38125 0.58125 0.38125 0.579167 0.382812 0.577083 0.382812 0.572917 0.385937 0.570833 0.385937 0.56875 0.3875 0.566667 0.3875 0.564583 0.389062 0.558333 0.389062 0.55625 0.390625 0.554167 0.390625 0.552083 0.392187 0.547917 0.392187 0.545833 0.39375 0.533333 0.39375 0.53125 0.395312 0.525 0.395312 0.522917 0.396875 0.5125 0.396875 0.510417 0.398438 0.48125 0.398438 0.479167 0.396875 0.466667 0.396875 0.464583 0.395312 0.452083 0.395312 0.45 0.39375 0.441667 0.39375 0.439583 0.392187 0.433333 0.392187 0.43125 0.390625 0.429167 0.390625 0.427083 0.389062 0.420833 0.389062 0.41875 0.3875 0.414583 0.3875 0.4125 0.385937 0.410417 0.385937 0.408333 0.384375 0.40625 0.384375 0.404167 0.382812 0.402083 0.382812 0.4 0.38125 0.397917 0.38125 0.395833 0.379687 0.39375 0.379687 0.389583 0.376562 0.3875 0.376562 0.385417 0.375 0.383333 0.375 0.379167 0.371875 0.377083 0.371875 0.372917 0.36875 0.370833 0.36875 0.35625 0.357812 0.35625 0.35625 0.345833 0.348437 0.345833 0.345312 0.341667 0.342187 0.341667 0.339062 0.339583 0.3375 0.339583 0.334375 0.3375 0.332812 0.3375 0.326562 0.335417 0.325 0.335417 0.321875 0.333333 0.320312 0.333333 0.317187 0.33125 0.315625 0.33125 0.304688 0.329167 0.303125 0.329167 0.296875 0.343311
0 0.583333 0.465625 0.585417 0.465625 0.5875 0.464062 0.585417 0.4625 0.585417 0.464062 0.583333 0.465625 0.370833 0.457812 0.370833 0.460937 0.375 0.464062 0.377083 0.464062 0.379167 0.465625 0.379167 0.467187 0.383333 0.470312 0.3875 0.470312 0.3875 0.471875 0.391667 0.475 0.39375 0.475 0.395833 0.476562 0.4 0.476562 0.408333 0.482812 0.416667 0.482812 0.41875 0.484375 0.420833 0.484375 0.420833 0.485937 0.422917 0.4875 0.425 0.4875 0.427083 0.489062 0.44375 0.489062 0.445833 0.490625 0.452083 0.490625 0.45625 0.49375 0.460417 0.49375 0.4625 0.495312 0.495833 0.495312 0.497917 0.49375 0.50625 0.49375 0.508333 0.492187 0.510417 0.492187 0.5125 0.490625 0.516667 0.490625 0.51875 0.489062 0.533333 0.489062 0.535417 0.4875 0.539583 0.4875 0.545833 0.482812 0.554167 0.482812 0.55625 0.48125 0.558333 0.48125 0.560417 0.479687 0.560417 0.478125 0.5625 0.476562 0.564583 0.476562 0.566667 0.475 0.56875 0.475 0.577083 0.46875 0.579167 0.46875 0.3625 0.454687 0.3625 0.45 0.360417 0.448437 0.360417 0.453125 0.3625 0.454687 0.579167 0.46875 0.58125 0.470312 0.577083 0.473437 0.577083 0.475 0.5625 0.485937 0.558333 0.485937 0.55625 0.4875 0.554167 0.4875 0.552083 0.489062 0.55 0.489062 0.545833 0.492187 0.539583 0.492187 0.5375 0.49375 0.53125 0.49375 0.529167 0.495312 0.527083 0.495312 0.525 0.496875 0.520833 0.496875 0.51875 0.498437 0.5125 0.498437 0.510417 0.5 0.460417 0.5 0.458333 0.498437 0.441667 0.498437 0.439583 0.496875 0.435417 0.496875 0.433333 0.495312 0.43125 0.495312 0.429167 0.49375 0.427083 0.49375 0.425 0.492187 0.41875 0.492187 0.416667 0.490625 0.4125 0.490625 0.40625 0.485937 0.404167 0.485937 0.402083 0.484375 0.397917 0.484375 0.389583 0.478125 0.3875 0.478125 0.385417 0.476562 0.385417 0.475 0.38125 0.471875 0.379167 0.471875 0.377083 0.470312 0.377083 0.46875 0.36875 0.4625 0.36875 0.460937 0.366667 0.459375 0.366667 0.457812 0.370833 0.457812 0.305336
