0 0.46875 0.184375 0.466667 0.185937 0.460417 0.185937 0.458333 0.1875 0.45625 0.1875 0.454167 0.189062 0.452083 0.189062 0.45 0.190625 0.447917 0.190625 0.445833 0.192187 0.44375 0.192187 0.435417 0.198437 0.433333 0.198437 0.425 0.204687 0.425 0.20625 0.41875 0.210938 0.41875 0.2125 0.416667 0.214062 0.416667 0.239062 0.422917 0.24375 0.422917 0.245312 0.425 0.246875 0.425 0.25 0.4375 0.259375 0.439583 0.259375 0.447917 0.265625 0.45 0.265625 0.452083 0.267187 0.454167 0.267187 0.45625 0.26875 0.458333 0.26875 0.460417 0.270312 0.4625 0.270312 0.464583 0.271875 0.466667 0.271875 0.46875 0.273438 0.475 0.273438 0.477083 0.275 0.485417 0.275 0.4875 0.276562 0.491667 0.276562 0.49375 0.278125 0.504167 0.278125 0.50625 0.279687 0.529167 0.279687 0.53125 0.278125 0.54375 0.278125 0.545833 0.276562 0.55 0.276562 0.552083 0.275 0.558333 0.275 0.560417 0.273438 0.566667 0.273438 0.56875 0.271875 0.570833 0.271875 0.572917 0.270312 0.575 0.270312 0.577083 0.26875 0.579167 0.26875 0.58125 0.267187 0.585417 0.267187 0.59375 0.260937 0.595833 0.260937 0.597917 0.259375 0.6 0.259375 0.6 0.257812 0.60625 0.253125 0.608333 0.253125 0.608333 0.251563 0.610417 0.25 0.610417 0.248437 0.6125 0.246875 0.6125 0.242187 0.614583 0.240625 0.614583 0.228125 0.6125 0.226562 0.6125 0.221875 0.610417 0.220312 0.610417 0.217187 0.608333 0.215625 0.608333 0.214062 0.6 0.207812 0.6 0.20625 0.59375 0.201562 0.591667 0.201562 0.5875 0.198437 0.585417 0.198437 0.58125 0.195312 0.579167 0.195312 0.577083 0.19375 0.575 0.19375 0.572917 0.192187 0.570833 0.192187 0.56875 0.190625 0.564583 0.190625 0.5625 0.189062 0.560417 0.189062 0.558333 0.1875 0.554167 0.1875 0.552083 0.185937 0.545833 0.185937 0.54375 0.184375 0.975986
0 0.402083 0.284375 0.402083 0.310937 0.40625 0.314062 0.40625 0.315625 0.408333 0.317187 0.408333 0.31875 0.416667 0.325 0.416667 0.326562 0.425 0.332812 0.425 0.334375 0.427083 0.334375 0.433333 0.339062 0.435417 0.339062 0.4375 0.340625 0.439583 0.340625 0.441667 0.342187 0.445833 0.342187 0.447917 0.34375 0.45 0.34375 0.454167 0.346875 0.45625 0.346875 0.458333 0.348437 0.46875 0.348437 0.470833 0.35 0.4875 0.35 0.489583 0.351562 0.520833 0.351562 0.522917 0.35 0.53125 0.35 0.533333 0.348437 0.54375 0.348437 0.545833 0.346875 0.55 0.346875 0.554167 0.34375 0.55625 0.34375 0.558333 0.342187 0.5625 0.342187 0.56875 0.3375 0.570833 0.3375 0.579167 0.33125 0.58125 0.33125 0.585417 0.328125 0.585417 0.326562 0.595833 0.31875 0.595833 0.307812 0.59375 0.307812 0.59375 0.310937 0.591667 0.3125 0.591667 0.315625 0.5875 0.31875 0.585417 0.31875 0.583333 0.320312 0.583333 0.321875 0.579167 0.325 0.575 0.325 0.56875 0.329687 0.566667 0.329687 0.564583 0.33125 0.560417 0.33125 0.55625 0.334375 0.554167 0.334375 0.552083 0.335938 0.547917 0.335938 0.545833 0.3375 0.539583 0.3375 0.5375 0.339062 0.529167 0.339062 0.527083 0.340625 0.520833 0.340625 0.51875 0.342187 0.5 0.342187 0.497917 0.340625 0.489583 0.340625 0.4875 0.339062 0.477083 0.339062 0.475 0.3375 0.466667 0.3375 0.464583 0.335938 0.460417 0.335938 0.45625 0.332812 0.452083 0.332812 0.45 0.33125 0.447917 0.33125 0.445833 0.329687 0.44375 0.329687 0.439583 0.326562 0.4375 0.326562 0.435417 0.325 0.433333 0.325 0.43125 0.323437 0.43125 0.321875 0.427083 0.31875 0.425 0.31875 0.422917 0.317187 0.422917 0.315625 0.416667 0.310937 0.416667 0.309375 0.414583 0.307812 0.414583 0.303125 0.4125 0.301562 0.4125 0.298437 0.410417 0.296875 0.410417 0.29375 0.408333 0.292187 0.408333 0.284375 0.971364
0 0.595833 0.271875 0.595833 0.271875 0.589583 0.276562 0.583333 0.276562 0.583333 0.278125 0.58125 0.279687 0.579167 0.279687 0.577083 0.28125 0.575 0.28125 0.572917 0.282812 0.566667 0.282812 0.5625 0.285937 0.558333 0.285937 0.55625 0.2875 0.547917 0.2875 0.545833 0.289062 0.539583 0.289062 0.5375 0.290625 0.497917 0.290625 0.495833 0.289062 0.4875 0.289062 0.485417 0.2875 0.475 0.2875 0.472917 0.285937 0.470833 0.285937 0.46875 0.284375 0.466667 0.284375 0.464583 0.282812 0.458333 0.282812 0.45625 0.28125 0.452083 0.28125 0.445833 0.276562 0.441667 0.276562 0.433333 0.270312 0.43125 0.270312 0.420833 0.2625 0.420833 0.257812 0.41875 0.25625 0.416667 0.25625 0.416667 0.264062 0.425 0.270312 0.425 0.271875 0.435417 0.279687 0.4375 0.279687 0.44375 0.284375 0.445833 0.284375 0.447917 0.285937 0.45 0.285937 0.454167 0.289062 0.45625 0.289062 0.458333 0.290625 0.464583 0.290625 0.466667 0.292187 0.46875 0.292187 0.470833 0.29375 0.475 0.29375 0.477083 0.295312 0.479167 0.295312 0.48125 0.296875 0.491667 0.296875 0.49375 0.298437 0.533333 0.298437 0.535417 0.296875 0.54375 0.296875 0.545833 0.295312 0.554167 0.295312 0.558333 0.292187 0.5625 0.292187 0.564583 0.290625 0.566667 0.290625 0.56875 0.289062 0.570833 0.289062 0.575 0.285937 0.579167 0.285937 0.58125 0.284375 0.583333 0.284375 0.583333 0.282812 0.589583 0.278125 0.589583 0.276562 0.962443
0 0.414583 0.232812 0.414583 0.251563 0.422917 0.257812 0.422917 0.259375 0.427083 0.2625 0.427083 0.264062 0.4375 0.271875 0.439583 0.271875 0.44375 0.275 0.445833 0.275 0.447917 0.276562 0.45 0.276562 0.452083 0.278125 0.45625 0.278125 0.460417 0.28125 0.464583 0.28125 0.466667 0.282812 0.470833 0.282812 0.472917 0.284375 0.479167 0.284375 0.48125 0.285937 0.489583 0.285937 0.491667 0.2875 0.497917 0.2875 0.5 0.289062 0.535417 0.289062 0.5375 0.2875 0.541667 0.2875 0.54375 0.285937 0.547917 0.285937 0.55 0.284375 0.560417 0.284375 0.564583 0.28125 0.56875 0.28125 0.570833 0.279687 0.572917 0.279687 0.575 0.278125 0.579167 0.278125 0.585417 0.273438 0.5875 0.273438 0.589583 0.271875 0.591667 0.271875 0.591667 0.270312 0.59375 0.26875 0.595833 0.26875 0.602083 0.264062 0.602083 0.2625 0.604167 0.260937 0.604167 0.257812 0.602083 0.259375 0.602083 0.260937 0.597917 0.264062 0.59375 0.264062 0.5875 0.26875 0.585417 0.26875 0.583333 0.270312 0.577083 0.270312 0.572917 0.273438 0.570833 0.273438 0.56875 0.275 0.566667 0.275 0.564583 0.276562 0.554167 0.276562 0.552083 0.278125 0.545833 0.278125 0.54375 0.279687 0.539583 0.279687 0.5375 0.28125 0.5 0.28125 0.497917 0.279687 0.49375 0.279687 0.491667 0.278125 0.485417 0.278125 0.483333 0.276562 0.472917 0.276562 0.470833 0.275 0.466667 0.275 0.4625 0.271875 0.458333 0.271875 0.45625 0.270312 0.454167 0.270312 0.452083 0.26875 0.45 0.26875 0.44375 0.264062 0.441667 0.264062 0.433333 0.257812 0.43125 0.257812 0.429167 0.25625 0.429167 0.254688 0.427083 0.254688 0.422917 0.251563 0.422917 0.25 0.420833 0.248437 0.420833 0.24375 0.416667 0.240625 0.416667 0.239062 0.414583 0.2375 0.960314
0 0.422917 0.276562 0.425 0.278125 0.425 0.279687 0.427083 0.28125 0.427083 0.284375 0.429167 0.284375 0.439583 0.292187 0.441667 0.292187 0.447917 0.296875 0.45 0.296875 0.452083 0.298437 0.45625 0.298437 0.458333 0.3 0.460417 0.3 0.4625 0.301562 0.464583 0.301562 0.466667 0.303125 0.470833 0.303125 0.472917 0.304688 0.479167 0.304688 0.48125 0.30625 0.485417 0.30625 0.4875 0.307812 0.497917 0.307812 0.5 0.309375 0.535417 0.309375 0.5375 0.307812 0.539583 0.307812 0.541667 0.30625 0.545833 0.30625 0.547917 0.304688 0.552083 0.304688 0.554167 0.303125 0.560417 0.303125 0.5625 0.301562 0.564583 0.301562 0.566667 0.3 0.56875 0.3 0.570833 0.298437 0.572917 0.298437 0.58125 0.292187 0.583333 0.292187 0.5875 0.289062 0.5875 0.2875 0.59375 0.282812 0.59375 0.28125 0.595833 0.279687 0.595833 0.276562 0.59375 0.278125 0.59375 0.28125 0.591667 0.282812 0.5875 0.282812 0.585417 0.284375 0.585417 0.285937 0.583333 0.2875 0.579167 0.2875 0.577083 0.289062 0.572917 0.289062 0.56875 0.292187 0.566667 0.292187 0.564583 0.29375 0.5625 0.29375 0.560417 0.295312 0.55625 0.295312 0.554167 0.296875 0.545833 0.296875 0.54375 0.298437 0.5375 0.298437 0.535417 0.3 0.525 0.3 0.522917 0.301562 0.508333 0.301562 0.50625 0.3 0.49375 0.3 0.491667 0.298437 0.483333 0.298437 0.48125 0.296875 0.475 0.296875 0.472917 0.295312 0.46875 0.295312 0.466667 0.29375 0.464583 0.29375 0.4625 0.292187 0.458333 0.292187 0.45625 0.290625 0.454167 0.290625 0.452083 0.289062 0.45 0.289062 0.447917 0.2875 0.445833 0.2875 0.44375 0.285937 0.441667 0.285937 0.4375 0.282812 0.435417 0.282812 0.433333 0.28125 0.43125 0.28125 0.429167 0.279687 0.429167 0.278125 0.427083 0.276562 0.422917 0.276562 0.41875 0.273438 0.420833 0.271875 0.41875 0.270312 0.41875 0.273438 0.955154
0 0.414583 0.271875 0.414583 0.279687 0.416667 0.28125 0.416667 0.282812 0.422917 0.2875 0.422917 0.289062 0.425 0.290625 0.425 0.292187 0.439583 0.303125 0.441667 0.303125 0.44375 0.304688 0.445833 0.304688 0.45 0.307812 0.452083 0.307812 0.454167 0.309375 0.458333 0.309375 0.460417 0.310937 0.4625 0.310937 0.464583 0.3125 0.466667 0.3125 0.46875 0.314062 0.475 0.314062 0.477083 0.315625 0.483333 0.315625 0.485417 0.317187 0.495833 0.317187 0.497917 0.31875 0.529167 0.31875 0.53125 0.317187 0.541667 0.317187 0.54375 0.315625 0.55 0.315625 0.554167 0.3125 0.55625 0.3125 0.558333 0.310937 0.564583 0.310937 0.566667 0.309375 0.56875 0.309375 0.575 0.304688 0.579167 0.304688 0.595833 0.292187 0.595833 0.285937 0.59375 0.285937 0.59375 0.2875 0.583333 0.295312 0.58125 0.295312 0.572917 0.301562 0.566667 0.301562 0.564583 0.303125 0.5625 0.303125 0.558333 0.30625 0.554167 0.30625 0.552083 0.307812 0.545833 0.307812 0.54375 0.309375 0.485417 0.309375 0.483333 0.307812 0.472917 0.307812 0.470833 0.30625 0.466667 0.30625 0.4625 0.303125 0.460417 0.303125 0.458333 0.301562 0.454167 0.301562 0.452083 0.3 0.447917 0.3 0.441667 0.295312 0.439583 0.295312 0.429167 0.2875 0.425 0.2875 0.422917 0.285937 0.422917 0.284375 0.420833 0.282812 0.420833 0.278125 0.41875 0.276562 0.41875 0.275 0.416667 0.273438 0.416667 0.271875 0.948388
0 0.59375 0.296875 0.59375 0.296875 0.589583 0.301562 0.585417 0.301562 0.585417 0.304688 0.583333 0.30625 0.579167 0.30625 0.577083 0.307812 0.575 0.307812 0.572917 0.309375 0.570833 0.309375 0.566667 0.3125 0.564583 0.3125 0.5625 0.314062 0.55625 0.314062 0.554167 0.315625 0.552083 0.315625 0.55 0.317187 0.547917 0.317187 0.545833 0.31875 0.539583 0.31875 0.5375 0.320312 0.489583 0.320312 0.4875 0.31875 0.479167 0.31875 0.477083 0.317187 0.475 0.317187 0.472917 0.315625 0.46875 0.315625 0.466667 0.314062 0.460417 0.314062 0.458333 0.3125 0.45625 0.3125 0.452083 0.309375 0.45 0.309375 0.447917 0.307812 0.44375 0.307812 0.441667 0.30625 0.439583 0.30625 0.4375 0.304688 0.4375 0.303125 0.435417 0.303125 0.427083 0.296875 0.427083 0.295312 0.425 0.295312 0.422917 0.29375 0.422917 0.292187 0.420833 0.290625 0.420833 0.2875 0.41875 0.285937 0.41875 0.284375 0.414583 0.28125 0.414583 0.279687 0.414583 0.295312 0.41875 0.298437 0.420833 0.298437 0.422917 0.3 0.422917 0.301562 0.425 0.303125 0.425 0.304688 0.433333 0.310937 0.435417 0.310937 0.441667 0.315625 0.44375 0.315625 0.445833 0.317187 0.45 0.317187 0.452083 0.31875 0.454167 0.31875 0.458333 0.321875 0.460417 0.321875 0.4625 0.323437 0.470833 0.323437 0.472917 0.325 0.48125 0.325 0.483333 0.326562 0.4875 0.326562 0.489583 0.328125 0.495833 0.328125 0.497917 0.329687 0.51875 0.329687 0.520833 0.328125 0.53125 0.328125 0.533333 0.326562 0.539583 0.326562 0.541667 0.325 0.545833 0.325 0.547917 0.323437 0.554167 0.323437 0.55625 0.321875 0.558333 0.321875 0.560417 0.320312 0.5625 0.320312 0.566667 0.317187 0.570833 0.317187 0.58125 0.309375 0.583333 0.309375 0.583333 0.307812 0.589583 0.303125 0.589583 0.301562 0.942581
0 0.402083 0.30625 0.402083 0.325 0.40625 0.328125 0.40625 0.329687 0.408333 0.33125 0.408333 0.332812 0.410417 0.334375 0.410417 0.335938 0.427083 0.348437 0.429167 0.348437 0.43125 0.35 0.433333 0.35 0.4375 0.353125 0.439583 0.353125 0.441667 0.354687 0.445833 0.354687 0.447917 0.35625 0.45 0.35625 0.452083 0.357812 0.454167 0.357812 0.45625 0.359375 0.464583 0.359375 0.466667 0.360937 0.48125 0.360937 0.483333 0.3625 0.51875 0.3625 0.520833 0.360937 0.533333 0.360937 0.535417 0.359375 0.541667 0.359375 0.54375 0.357812 0.545833 0.357812 0.547917 0.35625 0.55 0.35625 0.552083 0.354687 0.55625 0.354687 0.558333 0.353125 0.560417 0.353125 0.566667 0.348437 0.56875 0.348437 0.58125 0.339062 0.58125 0.335938 0.583333 0.334375 0.585417 0.334375 0.585417 0.329687 0.585417 0.33125 0.583333 0.332812 0.579167 0.332812 0.577083 0.334375 0.577083 0.335938 0.575 0.3375 0.572917 0.3375 0.570833 0.339062 0.56875 0.339062 0.56875 0.340625 0.564583 0.34375 0.5625 0.34375 0.560417 0.345312 0.554167 0.345312 0.55 0.348437 0.547917 0.348437 0.545833 0.35 0.539583 0.35 0.5375 0.351562 0.520833 0.351562 0.51875 0.353125 0.491667 0.353125 0.489583 0.351562 0.46875 0.351562 0.466667 0.35 0.458333 0.35 0.45625 0.348437 0.454167 0.348437 0.452083 0.346875 0.45 0.346875 0.447917 0.345312 0.44375 0.345312 0.441667 0.34375 0.439583 0.34375 0.435417 0.340625 0.433333 0.340625 0.429167 0.3375 0.427083 0.3375 0.414583 0.328125 0.414583 0.326562 0.4125 0.325 0.4125 0.323437 0.40625 0.31875 0.40625 0.317187 0.404167 0.315625 0.404167 0.309375 0.402083 0.307812 0.837076
0 0.59375 0.303125 0.59375 0.303125 0.5875 0.307812 0.585417 0.309375 0.585417 0.310937 0.583333 0.3125 0.58125 0.3125 0.579167 0.314062 0.577083 0.314062 0.577083 0.315625 0.572917 0.31875 0.56875 0.31875 0.566667 0.320312 0.564583 0.320312 0.558333 0.325 0.554167 0.325 0.552083 0.326562 0.54375 0.326562 0.541667 0.328125 0.535417 0.328125 0.533333 0.329687 0.527083 0.329687 0.525 0.33125 0.491667 0.33125 0.489583 0.329687 0.4875 0.329687 0.485417 0.328125 0.48125 0.328125 0.479167 0.326562 0.464583 0.326562 0.4625 0.325 0.460417 0.325 0.458333 0.323437 0.45625 0.323437 0.452083 0.320312 0.445833 0.320312 0.44375 0.31875 0.441667 0.31875 0.435417 0.314062 0.433333 0.314062 0.429167 0.310937 0.429167 0.309375 0.427083 0.307812 0.425 0.307812 0.422917 0.30625 0.422917 0.304688 0.420833 0.303125 0.420833 0.301562 0.41875 0.3 0.41875 0.298437 0.414583 0.295312 0.414583 0.292187 0.414583 0.304688 0.416667 0.30625 0.416667 0.307812 0.420833 0.310937 0.422917 0.310937 0.425 0.3125 0.425 0.314062 0.433333 0.320312 0.433333 0.321875 0.435417 0.321875 0.4375 0.323437 0.439583 0.323437 0.445833 0.328125 0.45 0.328125 0.452083 0.329687 0.454167 0.329687 0.45625 0.33125 0.458333 0.33125 0.4625 0.334375 0.466667 0.334375 0.46875 0.335938 0.483333 0.335938 0.485417 0.3375 0.491667 0.3375 0.49375 0.339062 0.522917 0.339062 0.525 0.3375 0.53125 0.3375 0.533333 0.335938 0.541667 0.335938 0.54375 0.334375 0.552083 0.334375 0.558333 0.329687 0.5625 0.329687 0.564583 0.328125 0.56875 0.328125 0.577083 0.321875 0.579167 0.321875 0.58125 0.320312 0.58125 0.31875 0.585417 0.315625 0.5875 0.315625 0.5875 0.310937 0.589583 0.309375 0.5875 0.307812 0.665631
0 0.59375 0.303125 0.59375 0.303125 0.5875 0.307812 0.579167 0.314062 0.577083 0.314062 0.577083 0.315625 0.572917 0.31875 0.56875 0.31875 0.566667 0.320312 0.564583 0.320312 0.558333 0.325 0.55625 0.325 0.554167 0.326562 0.545833 0.326562 0.54375 0.328125 0.535417 0.328125 0.533333 0.329687 0.527083 0.329687 0.525 0.33125 0.491667 0.33125 0.489583 0.329687 0.4875 0.329687 0.485417 0.328125 0.48125 0.328125 0.479167 0.326562 0.464583 0.326562 0.4625 0.325 0.458333 0.325 0.452083 0.320312 0.445833 0.320312 0.44375 0.31875 0.441667 0.31875 0.435417 0.314062 0.433333 0.314062 0.429167 0.310937 0.429167 0.309375 0.427083 0.307812 0.425 0.307812 0.422917 0.30625 0.422917 0.304688 0.420833 0.303125 0.420833 0.301562 0.414583 0.296875 0.414583 0.29375 0.414583 0.303125 0.416667 0.304688 0.416667 0.307812 0.420833 0.310937 0.422917 0.310937 0.425 0.3125 0.425 0.315625 0.427083 0.317187 0.429167 0.317187 0.433333 0.320312 0.433333 0.321875 0.435417 0.321875 0.4375 0.323437 0.439583 0.323437 0.44375 0.326562 0.44375 0.328125 0.447917 0.328125 0.45 0.329687 0.454167 0.329687 0.460417 0.334375 0.464583 0.334375 0.466667 0.335938 0.48125 0.335938 0.483333 0.3375 0.489583 0.3375 0.491667 0.339062 0.525 0.339062 0.527083 0.3375 0.533333 0.3375 0.535417 0.335938 0.541667 0.335938 0.54375 0.334375 0.552083 0.334375 0.558333 0.329687 0.5625 0.329687 0.564583 0.328125 0.56875 0.328125 0.575 0.323437 0.577083 0.323437 0.58125 0.320312 0.58125 0.31875 0.583333 0.317187 0.585417 0.317187 0.5875 0.315625 0.5875 0.3125 0.589583 0.310937 0.589583 0.309375 0.5875 0.307812 0.530432
