0 0.51875 0.10625 0.516667 0.107812 0.5125 0.107812 0.510417 0.109375 0.50625 0.109375 0.504167 0.110937 0.497917 0.110937 0.495833 0.1125 0.4875 0.1125 0.485417 0.114062 0.483333 0.114062 0.48125 0.115625 0.479167 0.115625 0.477083 0.117187 0.472917 0.117187 0.470833 0.11875 0.46875 0.11875 0.466667 0.120312 0.464583 0.120312 0.460417 0.123437 0.458333 0.123437 0.45625 0.125 0.454167 0.125 0.45 0.128125 0.447917 0.128125 0.441667 0.132812 0.439583 0.132812 0.429167 0.140625 0.429167 0.142187 0.422917 0.146875 0.422917 0.148438 0.41875 0.151562 0.41875 0.154687 0.416667 0.15625 0.416667 0.157812 0.414583 0.159375 0.414583 0.192187 0.416667 0.19375 0.416667 0.196875 0.420833 0.2 0.420833 0.201562 0.422917 0.203125 0.422917 0.204687 0.425 0.20625 0.425 0.209375 0.429167 0.2125 0.429167 0.214062 0.433333 0.217187 0.433333 0.21875 0.447917 0.229687 0.45 0.229687 0.45625 0.234375 0.458333 0.234375 0.4625 0.2375 0.464583 0.2375 0.46875 0.240625 0.470833 0.240625 0.472917 0.242187 0.477083 0.242187 0.48125 0.245312 0.483333 0.245312 0.485417 0.246875 0.489583 0.246875 0.491667 0.248437 0.497917 0.248437 0.5 0.25 0.502083 0.25 0.504167 0.251563 0.50625 0.251563 0.508333 0.253125 0.514583 0.253125 0.516667 0.254688 0.525 0.254688 0.527083 0.25625 0.533333 0.25625 0.535417 0.257812 0.54375 0.257812 0.545833 0.259375 0.583333 0.259375 0.585417 0.260937 0.5875 0.259375 0.61875 0.259375 0.620833 0.257812 0.627083 0.257812 0.629167 0.25625 0.6375 0.25625 0.639583 0.254688 0.647917 0.254688 0.65 0.253125 0.654167 0.253125 0.65625 0.251563 0.6625 0.251563 0.664583 0.25 0.666667 0.25 0.66875 0.248437 0.670833 0.248437 0.672917 0.246875 0.677083 0.246875 0.679167 0.245312 0.68125 0.245312 0.685417 0.242187 0.6875 0.242187 0.689583 0.240625 0.691667 0.240625 0.695833 0.2375 0.697917 0.2375 0.7 0.235937 0.702083 0.235937 0.708333 0.23125 0.710417 0.23125 0.720833 0.223437 0.720833 0.221875 0.725 0.21875 0.725 0.217187 0.729167 0.214062 0.729167 0.210938 0.73125 0.209375 0.73125 0.20625 0.733333 0.204687 0.733333 0.201562 0.735417 0.2 0.735417 0.175 0.733333 0.173437 0.733333 0.167187 0.73125 0.165625 0.73125 0.1625 0.729167 0.160937 0.729167 0.159375 0.725 0.15625 0.725 0.154687 0.722917 0.153125 0.722917 0.151562 0.7125 0.14375 0.7125 0.142187 0.704167 0.135937 0.702083 0.135937 0.69375 0.129687 0.691667 0.129687 0.6875 0.126562 0.685417 0.126562 0.683333 0.125 0.68125 0.125 0.679167 0.123437 0.677083 0.123437 0.675 0.121875 0.672917 0.121875 0.670833 0.120312 0.66875 0.120312 0.666667 0.11875 0.6625 0.11875 0.660417 0.117187 0.658333 0.117187 0.65625 0.115625 0.654167 0.115625 0.652083 0.114062 0.647917 0.114062 0.645833 0.1125 0.639583 0.1125 0.6375 0.110937 0.63125 0.110937 0.629167 0.109375 0.622917 0.109375 0.620833 0.107812 0.614583 0.107812 0.6125 0.10625 0.986936
0 0.404167 0.26875 0.404167 0.303125 0.40625 0.304688 0.40625 0.30625 0.408333 0.307812 0.408333 0.310937 0.410417 0.3125 0.410417 0.314062 0.4125 0.315625 0.4125 0.317187 0.425 0.326562 0.425 0.328125 0.429167 0.33125 0.43125 0.33125 0.435417 0.334375 0.4375 0.334375 0.445833 0.340625 0.447917 0.340625 0.452083 0.34375 0.454167 0.34375 0.458333 0.346875 0.460417 0.346875 0.4625 0.348437 0.466667 0.348437 0.472917 0.353125 0.475 0.353125 0.477083 0.354687 0.485417 0.354687 0.4875 0.35625 0.489583 0.35625 0.491667 0.357812 0.49375 0.357812 0.495833 0.359375 0.5 0.359375 0.502083 0.360937 0.516667 0.360937 0.51875 0.3625 0.535417 0.3625 0.5375 0.364062 0.5625 0.364062 0.564583 0.3625 0.577083 0.3625 0.579167 0.360937 0.597917 0.360937 0.6 0.359375 0.60625 0.359375 0.610417 0.35625 0.6125 0.35625 0.614583 0.354687 0.620833 0.354687 0.622917 0.353125 0.627083 0.353125 0.633333 0.348437 0.6375 0.348437 0.639583 0.346875 0.641667 0.346875 0.647917 0.342187 0.65 0.342187 0.660417 0.334375 0.6625 0.334375 0.664583 0.332812 0.664583 0.33125 0.66875 0.328125 0.670833 0.328125 0.672917 0.326562 0.672917 0.325 0.675 0.323437 0.675 0.321875 0.677083 0.320312 0.677083 0.31875 0.683333 0.314062 0.683333 0.3125 0.685417 0.310937 0.685417 0.307812 0.6875 0.30625 0.6875 0.3 0.689583 0.298437 0.689583 0.292187 0.691667 0.290625 0.691667 0.284375 0.689583 0.282812 0.689583 0.279687 0.6875 0.278125 0.685417 0.278125 0.685417 0.284375 0.683333 0.285937 0.683333 0.290625 0.68125 0.292187 0.68125 0.295312 0.679167 0.296875 0.679167 0.298437 0.677083 0.3 0.677083 0.301562 0.675 0.303125 0.675 0.304688 0.672917 0.30625 0.672917 0.307812 0.666667 0.3125 0.666667 0.314062 0.658333 0.320312 0.658333 0.321875 0.654167 0.325 0.652083 0.325 0.64375 0.33125 0.641667 0.33125 0.639583 0.332812 0.6375 0.332812 0.635417 0.334375 0.633333 0.334375 0.629167 0.3375 0.625 0.3375 0.622917 0.339062 0.61875 0.339062 0.614583 0.342187 0.6125 0.342187 0.610417 0.34375 0.60625 0.34375 0.604167 0.345312 0.59375 0.345312 0.591667 0.346875 0.585417 0.346875 0.583333 0.348437 0.575 0.348437 0.572917 0.35 0.533333 0.35 0.53125 0.348437 0.520833 0.348437 0.51875 0.346875 0.5125 0.346875 0.510417 0.345312 0.5 0.345312 0.497917 0.34375 0.489583 0.34375 0.4875 0.342187 0.485417 0.342187 0.48125 0.339062 0.477083 0.339062 0.475 0.3375 0.470833 0.3375 0.46875 0.335938 0.466667 0.335938 0.4625 0.332812 0.460417 0.332812 0.458333 0.33125 0.45625 0.33125 0.452083 0.328125 0.45 0.328125 0.445833 0.325 0.44375 0.325 0.429167 0.314062 0.429167 0.3125 0.422917 0.307812 0.422917 0.30625 0.420833 0.304688 0.420833 0.303125 0.414583 0.298437 0.414583 0.296875 0.4125 0.295312 0.4125 0.290625 0.410417 0.289062 0.410417 0.285937 0.408333 0.284375 0.408333 0.278125 0.40625 0.276562 0.40625 0.271875 0.404167 0.270312 0.975337
0 0.404167 0.203125 0.404167 0.234375 0.40625 0.235937 0.40625 0.2375 0.408333 0.239062 0.408333 0.240625 0.414583 0.245312 0.414583 0.246875 0.416667 0.248437 0.416667 0.25 0.427083 0.257812 0.427083 0.259375 0.429167 0.260937 0.43125 0.260937 0.435417 0.264062 0.435417 0.265625 0.4375 0.265625 0.44375 0.270312 0.445833 0.270312 0.447917 0.271875 0.45 0.271875 0.452083 0.273438 0.454167 0.273438 0.460417 0.278125 0.4625 0.278125 0.464583 0.279687 0.470833 0.279687 0.477083 0.284375 0.48125 0.284375 0.483333 0.285937 0.489583 0.285937 0.491667 0.2875 0.495833 0.2875 0.497917 0.289062 0.5 0.289062 0.502083 0.290625 0.50625 0.290625 0.508333 0.292187 0.51875 0.292187 0.520833 0.29375 0.589583 0.29375 0.591667 0.292187 0.602083 0.292187 0.604167 0.290625 0.6125 0.290625 0.616667 0.2875 0.61875 0.2875 0.620833 0.285937 0.629167 0.285937 0.63125 0.284375 0.633333 0.284375 0.635417 0.282812 0.6375 0.282812 0.639583 0.28125 0.641667 0.28125 0.64375 0.279687 0.645833 0.279687 0.647917 0.278125 0.65 0.278125 0.652083 0.276562 0.652083 0.275 0.654167 0.273438 0.65625 0.273438 0.658333 0.271875 0.6625 0.271875 0.6625 0.270312 0.658333 0.270312 0.65625 0.271875 0.652083 0.271875 0.652083 0.273438 0.65 0.275 0.645833 0.275 0.64375 0.276562 0.633333 0.276562 0.63125 0.278125 0.629167 0.278125 0.627083 0.279687 0.622917 0.279687 0.620833 0.28125 0.610417 0.28125 0.608333 0.282812 0.597917 0.282812 0.595833 0.284375 0.585417 0.284375 0.583333 0.285937 0.55 0.285937 0.547917 0.284375 0.535417 0.284375 0.533333 0.282812 0.522917 0.282812 0.520833 0.28125 0.508333 0.28125 0.50625 0.279687 0.5 0.279687 0.497917 0.278125 0.495833 0.278125 0.49375 0.276562 0.4875 0.276562 0.485417 0.275 0.479167 0.275 0.477083 0.273438 0.475 0.273438 0.470833 0.270312 0.466667 0.270312 0.464583 0.26875 0.4625 0.26875 0.460417 0.267187 0.458333 0.267187 0.454167 0.264062 0.452083 0.264062 0.447917 0.260937 0.445833 0.260937 0.422917 0.24375 0.422917 0.242187 0.416667 0.2375 0.416667 0.235937 0.414583 0.234375 0.414583 0.23125 0.4125 0.229687 0.4125 0.226562 0.410417 0.225 0.410417 0.223437 0.408333 0.221875 0.408333 0.21875 0.40625 0.217187 0.40625 0.210938 0.404167 0.209375 0.966846
0 0.410417 0.245312 0.410417 0.248437 0.4125 0.25 0.4125 0.251563 0.41875 0.25625 0.41875 0.259375 0.422917 0.2625 0.422917 0.264062 0.425 0.265625 0.425 0.267187 0.427083 0.26875 0.427083 0.270312 0.429167 0.271875 0.43125 0.271875 0.435417 0.275 0.435417 0.276562 0.439583 0.279687 0.441667 0.279687 0.45 0.285937 0.452083 0.285937 0.454167 0.2875 0.45625 0.2875 0.460417 0.290625 0.464583 0.290625 0.466667 0.292187 0.46875 0.292187 0.470833 0.29375 0.475 0.29375 0.477083 0.295312 0.479167 0.295312 0.48125 0.296875 0.483333 0.296875 0.485417 0.298437 0.491667 0.298437 0.49375 0.3 0.495833 0.3 0.497917 0.301562 0.5 0.301562 0.502083 0.303125 0.508333 0.303125 0.510417 0.304688 0.527083 0.304688 0.529167 0.30625 0.55 0.30625 0.552083 0.307812 0.564583 0.307812 0.566667 0.30625 0.5875 0.30625 0.589583 0.304688 0.604167 0.304688 0.60625 0.303125 0.6125 0.303125 0.614583 0.301562 0.616667 0.301562 0.61875 0.3 0.622917 0.3 0.625 0.298437 0.63125 0.298437 0.633333 0.296875 0.635417 0.296875 0.639583 0.29375 0.641667 0.29375 0.64375 0.292187 0.647917 0.292187 0.654167 0.2875 0.65625 0.2875 0.658333 0.285937 0.660417 0.285937 0.66875 0.279687 0.670833 0.279687 0.672917 0.278125 0.672917 0.276562 0.68125 0.270312 0.68125 0.267187 0.683333 0.265625 0.685417 0.265625 0.685417 0.2625 0.6875 0.260937 0.6875 0.257812 0.685417 0.257812 0.685417 0.259375 0.679167 0.264062 0.677083 0.264062 0.66875 0.270312 0.66875 0.271875 0.664583 0.275 0.6625 0.275 0.660417 0.276562 0.658333 0.276562 0.65625 0.278125 0.654167 0.278125 0.65 0.28125 0.647917 0.28125 0.645833 0.282812 0.641667 0.282812 0.639583 0.284375 0.6375 0.284375 0.633333 0.2875 0.629167 0.2875 0.627083 0.289062 0.616667 0.289062 0.614583 0.290625 0.6125 0.290625 0.610417 0.292187 0.60625 0.292187 0.604167 0.29375 0.591667 0.29375 0.589583 0.295312 0.51875 0.295312 0.516667 0.29375 0.508333 0.29375 0.50625 0.292187 0.502083 0.292187 0.5 0.290625 0.495833 0.290625 0.49375 0.289062 0.485417 0.289062 0.483333 0.2875 0.479167 0.2875 0.475 0.284375 0.472917 0.284375 0.470833 0.282812 0.466667 0.282812 0.464583 0.28125 0.460417 0.28125 0.45625 0.278125 0.454167 0.278125 0.452083 0.276562 0.45 0.276562 0.441667 0.270312 0.439583 0.270312 0.4375 0.26875 0.435417 0.26875 0.43125 0.265625 0.43125 0.264062 0.429167 0.2625 0.425 0.2625 0.422917 0.260937 0.422917 0.259375 0.420833 0.257812 0.420833 0.254688 0.41875 0.253125 0.416667 0.253125 0.414583 0.251563 0.414583 0.25 0.4125 0.248437 0.4125 0.245312 0.964355
0 0.4125 0.264062 0.4125 0.289062 0.414583 0.290625 0.414583 0.292187 0.416667 0.29375 0.416667 0.296875 0.41875 0.298437 0.41875 0.3 0.427083 0.30625 0.427083 0.307812 0.435417 0.314062 0.435417 0.315625 0.4375 0.315625 0.445833 0.321875 0.447917 0.321875 0.45625 0.328125 0.460417 0.328125 0.4625 0.329687 0.464583 0.329687 0.470833 0.334375 0.477083 0.334375 0.479167 0.335938 0.48125 0.335938 0.485417 0.339062 0.4875 0.339062 0.489583 0.340625 0.5 0.340625 0.502083 0.342187 0.508333 0.342187 0.510417 0.34375 0.514583 0.34375 0.516667 0.345312 0.525 0.345312 0.527083 0.346875 0.577083 0.346875 0.579167 0.345312 0.585417 0.345312 0.5875 0.34375 0.591667 0.34375 0.59375 0.342187 0.6 0.342187 0.602083 0.340625 0.610417 0.340625 0.6125 0.339062 0.614583 0.339062 0.61875 0.335938 0.622917 0.335938 0.625 0.334375 0.629167 0.334375 0.635417 0.329687 0.6375 0.329687 0.639583 0.328125 0.64375 0.328125 0.652083 0.321875 0.654167 0.321875 0.654167 0.320312 0.660417 0.315625 0.6625 0.315625 0.6625 0.3125 0.670833 0.30625 0.670833 0.3 0.666667 0.303125 0.666667 0.304688 0.664583 0.30625 0.6625 0.30625 0.660417 0.307812 0.658333 0.307812 0.65 0.314062 0.647917 0.314062 0.64375 0.317187 0.641667 0.317187 0.639583 0.31875 0.6375 0.31875 0.635417 0.320312 0.633333 0.320312 0.63125 0.321875 0.629167 0.321875 0.627083 0.323437 0.625 0.323437 0.622917 0.325 0.61875 0.325 0.616667 0.326562 0.614583 0.326562 0.6125 0.328125 0.608333 0.328125 0.60625 0.329687 0.6 0.329687 0.597917 0.33125 0.589583 0.33125 0.5875 0.332812 0.570833 0.332812 0.56875 0.334375 0.54375 0.334375 0.541667 0.332812 0.527083 0.332812 0.525 0.33125 0.514583 0.33125 0.5125 0.329687 0.504167 0.329687 0.502083 0.328125 0.495833 0.328125 0.49375 0.326562 0.491667 0.326562 0.489583 0.325 0.485417 0.325 0.483333 0.323437 0.479167 0.323437 0.477083 0.321875 0.475 0.321875 0.472917 0.320312 0.470833 0.320312 0.46875 0.31875 0.464583 0.31875 0.460417 0.315625 0.458333 0.315625 0.454167 0.3125 0.452083 0.3125 0.445833 0.307812 0.44375 0.307812 0.429167 0.296875 0.429167 0.295312 0.427083 0.295312 0.422917 0.292187 0.422917 0.290625 0.420833 0.289062 0.420833 0.2875 0.41875 0.285937 0.41875 0.284375 0.414583 0.28125 0.414583 0.273438 0.4125 0.271875 0.963964
0 0.414583 0.317187 0.414583 0.342187 0.416667 0.34375 0.416667 0.346875 0.41875 0.348437 0.41875 0.351562 0.420833 0.353125 0.420833 0.354687 0.425 0.357812 0.425 0.359375 0.427083 0.360937 0.427083 0.3625 0.429167 0.364062 0.429167 0.365625 0.433333 0.36875 0.435417 0.36875 0.45 0.379687 0.452083 0.379687 0.458333 0.384375 0.460417 0.384375 0.4625 0.385937 0.466667 0.385937 0.472917 0.390625 0.477083 0.390625 0.479167 0.392187 0.485417 0.392187 0.4875 0.39375 0.489583 0.39375 0.49375 0.396875 0.5 0.396875 0.502083 0.398438 0.514583 0.398438 0.516667 0.4 0.520833 0.4 0.522917 0.401562 0.527083 0.401562 0.529167 0.403125 0.572917 0.403125 0.575 0.401562 0.579167 0.401562 0.58125 0.4 0.583333 0.4 0.585417 0.398438 0.595833 0.398438 0.597917 0.396875 0.604167 0.396875 0.60625 0.395312 0.610417 0.395312 0.614583 0.392187 0.61875 0.392187 0.620833 0.390625 0.625 0.390625 0.629167 0.3875 0.63125 0.3875 0.633333 0.385937 0.635417 0.385937 0.6375 0.384375 0.639583 0.384375 0.647917 0.378125 0.65 0.378125 0.6625 0.36875 0.664583 0.36875 0.66875 0.365625 0.66875 0.3625 0.670833 0.360937 0.670833 0.359375 0.672917 0.357812 0.672917 0.35625 0.677083 0.353125 0.677083 0.351562 0.679167 0.35 0.679167 0.345312 0.68125 0.34375 0.68125 0.332812 0.679167 0.33125 0.679167 0.329687 0.677083 0.328125 0.677083 0.334375 0.675 0.335938 0.675 0.340625 0.672917 0.342187 0.672917 0.34375 0.66875 0.346875 0.66875 0.348437 0.666667 0.35 0.666667 0.351562 0.658333 0.357812 0.658333 0.359375 0.654167 0.3625 0.652083 0.3625 0.64375 0.36875 0.641667 0.36875 0.6375 0.371875 0.635417 0.371875 0.63125 0.375 0.629167 0.375 0.627083 0.376562 0.622917 0.376562 0.61875 0.379687 0.616667 0.379687 0.614583 0.38125 0.608333 0.38125 0.60625 0.382812 0.602083 0.382812 0.6 0.384375 0.597917 0.384375 0.595833 0.385937 0.591667 0.385937 0.589583 0.3875 0.577083 0.3875 0.575 0.389062 0.53125 0.389062 0.529167 0.3875 0.516667 0.3875 0.514583 0.385937 0.510417 0.385937 0.508333 0.384375 0.50625 0.384375 0.504167 0.382812 0.5 0.382812 0.497917 0.38125 0.491667 0.38125 0.4875 0.378125 0.485417 0.378125 0.483333 0.376562 0.479167 0.376562 0.477083 0.375 0.475 0.375 0.470833 0.371875 0.46875 0.371875 0.466667 0.370312 0.464583 0.370312 0.4625 0.36875 0.460417 0.36875 0.445833 0.357812 0.445833 0.35625 0.44375 0.35625 0.439583 0.353125 0.439583 0.351562 0.4375 0.35 0.4375 0.348437 0.43125 0.34375 0.43125 0.342187 0.429167 0.340625 0.429167 0.3375 0.427083 0.335938 0.427083 0.334375 0.425 0.332812 0.425 0.33125 0.422917 0.329687 0.422917 0.328125 0.420833 0.326562 0.420833 0.325 0.41875 0.323437 0.41875 0.321875 0.416667 0.320312 0.416667 0.31875 0.955834
0 0.472917 0.39375 0.472917 0.396875 0.475 0.396875 0.477083 0.398438 0.48125 0.398438 0.485417 0.401562 0.4875 0.401562 0.489583 0.403125 0.495833 0.403125 0.497917 0.404687 0.502083 0.404687 0.504167 0.40625 0.50625 0.40625 0.508333 0.407812 0.510417 0.407812 0.5125 0.409375 0.522917 0.409375 0.525 0.410937 0.583333 0.410937 0.585417 0.409375 0.59375 0.409375 0.6 0.404687 0.604167 0.404687 0.60625 0.403125 0.6125 0.403125 0.614583 0.401562 0.616667 0.401562 0.620833 0.398438 0.622917 0.398438 0.625 0.396875 0.629167 0.396875 0.629167 0.395312 0.633333 0.392187 0.635417 0.392187 0.639583 0.389062 0.63125 0.389062 0.625 0.39375 0.622917 0.39375 0.620833 0.395312 0.6125 0.395312 0.60625 0.4 0.602083 0.4 0.6 0.401562 0.583333 0.401562 0.58125 0.403125 0.577083 0.403125 0.575 0.404687 0.56875 0.404687 0.566667 0.40625 0.5375 0.40625 0.535417 0.404687 0.527083 0.404687 0.525 0.403125 0.520833 0.403125 0.51875 0.401562 0.50625 0.401562 0.504167 0.4 0.495833 0.4 0.491667 0.396875 0.489583 0.396875 0.4875 0.395312 0.48125 0.395312 0.479167 0.39375 0.472917 0.39375 0.46875 0.392187 0.470833 0.390625 0.64375 0.384375 0.645833 0.384375 0.645833 0.382812 0.64375 0.384375 0.470833 0.390625 0.46875 0.390625 0.466667 0.389062 0.4625 0.389062 0.4625 0.390625 0.466667 0.390625 0.46875 0.392187 0.954403
0 0.685417 0.251563 0.685417 0.251563 0.677083 0.257812 0.675 0.257812 0.672917 0.25625 0.670833 0.25625 0.66875 0.257812 0.666667 0.257812 0.664583 0.259375 0.6625 0.259375 0.658333 0.2625 0.654167 0.2625 0.652083 0.264062 0.647917 0.264062 0.64375 0.267187 0.6375 0.267187 0.635417 0.26875 0.625 0.26875 0.622917 0.270312 0.616667 0.270312 0.614583 0.271875 0.6125 0.271875 0.610417 0.273438 0.541667 0.273438 0.539583 0.271875 0.527083 0.271875 0.525 0.270312 0.51875 0.270312 0.516667 0.26875 0.510417 0.26875 0.508333 0.267187 0.504167 0.267187 0.502083 0.265625 0.5 0.265625 0.497917 0.264062 0.491667 0.264062 0.489583 0.2625 0.4875 0.2625 0.485417 0.260937 0.48125 0.260937 0.479167 0.259375 0.477083 0.259375 0.475 0.257812 0.472917 0.257812 0.470833 0.25625 0.466667 0.25625 0.460417 0.251563 0.458333 0.251563 0.454167 0.248437 0.452083 0.248437 0.445833 0.24375 0.44375 0.24375 0.435417 0.2375 0.433333 0.2375 0.43125 0.235937 0.43125 0.234375 0.422917 0.228125 0.422917 0.226562 0.420833 0.225 0.420833 0.223437 0.414583 0.21875 0.414583 0.215625 0.4125 0.214062 0.4125 0.203125 0.410417 0.201562 0.410417 0.198437 0.410417 0.225 0.416667 0.229687 0.416667 0.23125 0.41875 0.232812 0.41875 0.234375 0.420833 0.235937 0.420833 0.2375 0.427083 0.242187 0.427083 0.24375 0.445833 0.257812 0.447917 0.257812 0.452083 0.260937 0.454167 0.260937 0.458333 0.264062 0.460417 0.264062 0.4625 0.265625 0.464583 0.265625 0.466667 0.267187 0.470833 0.267187 0.475 0.270312 0.477083 0.270312 0.479167 0.271875 0.485417 0.271875 0.4875 0.273438 0.491667 0.273438 0.49375 0.275 0.495833 0.275 0.497917 0.276562 0.5 0.276562 0.502083 0.278125 0.514583 0.278125 0.516667 0.279687 0.525 0.279687 0.527083 0.28125 0.533333 0.28125 0.535417 0.282812 0.59375 0.282812 0.595833 0.28125 0.597917 0.28125 0.6 0.279687 0.60625 0.279687 0.608333 0.278125 0.622917 0.278125 0.625 0.276562 0.629167 0.276562 0.633333 0.273438 0.6375 0.273438 0.639583 0.271875 0.645833 0.271875 0.647917 0.270312 0.65 0.270312 0.654167 0.267187 0.65625 0.267187 0.658333 0.265625 0.6625 0.265625 0.664583 0.264062 0.664583 0.2625 0.666667 0.260937 0.66875 0.260937 0.670833 0.259375 0.672917 0.259375 0.675 0.257812 0.677083 0.257812 0.941918
0 0.685417 0.271875 0.685417 0.267187 0.685417 0.271875 0.68125 0.275 0.677083 0.275 0.677083 0.276562 0.670833 0.28125 0.66875 0.28125 0.660417 0.2875 0.658333 0.2875 0.65625 0.289062 0.654167 0.289062 0.645833 0.295312 0.639583 0.295312 0.6375 0.296875 0.635417 0.296875 0.63125 0.3 0.629167 0.3 0.627083 0.301562 0.61875 0.301562 0.616667 0.303125 0.614583 0.303125 0.6125 0.304688 0.608333 0.304688 0.60625 0.30625 0.591667 0.30625 0.589583 0.307812 0.527083 0.307812 0.525 0.30625 0.510417 0.30625 0.508333 0.304688 0.504167 0.304688 0.502083 0.303125 0.5 0.303125 0.497917 0.301562 0.49375 0.301562 0.491667 0.3 0.483333 0.3 0.479167 0.296875 0.477083 0.296875 0.475 0.295312 0.470833 0.295312 0.46875 0.29375 0.464583 0.29375 0.460417 0.290625 0.458333 0.290625 0.45625 0.289062 0.452083 0.289062 0.44375 0.282812 0.441667 0.282812 0.435417 0.278125 0.435417 0.276562 0.433333 0.276562 0.429167 0.273438 0.429167 0.271875 0.422917 0.267187 0.422917 0.265625 0.420833 0.264062 0.420833 0.260937 0.41875 0.259375 0.41875 0.257812 0.416667 0.257812 0.414583 0.25625 0.414583 0.264062 0.416667 0.265625 0.416667 0.267187 0.41875 0.26875 0.41875 0.270312 0.420833 0.271875 0.420833 0.273438 0.425 0.276562 0.425 0.278125 0.427083 0.279687 0.427083 0.28125 0.435417 0.2875 0.435417 0.289062 0.439583 0.292187 0.441667 0.292187 0.44375 0.29375 0.445833 0.29375 0.447917 0.295312 0.447917 0.296875 0.45 0.296875 0.452083 0.298437 0.454167 0.298437 0.45625 0.3 0.458333 0.3 0.4625 0.303125 0.466667 0.303125 0.46875 0.304688 0.472917 0.304688 0.477083 0.307812 0.48125 0.307812 0.483333 0.309375 0.489583 0.309375 0.491667 0.310937 0.495833 0.310937 0.497917 0.3125 0.5 0.3125 0.502083 0.314062 0.504167 0.314062 0.50625 0.315625 0.522917 0.315625 0.525 0.317187 0.55 0.317187 0.552083 0.31875 0.570833 0.31875 0.572917 0.317187 0.591667 0.317187 0.59375 0.315625 0.608333 0.315625 0.610417 0.314062 0.6125 0.314062 0.616667 0.310937 0.620833 0.310937 0.622917 0.309375 0.629167 0.309375 0.63125 0.307812 0.633333 0.307812 0.635417 0.30625 0.6375 0.30625 0.639583 0.304688 0.641667 0.304688 0.64375 0.303125 0.645833 0.303125 0.652083 0.298437 0.65625 0.298437 0.658333 0.296875 0.660417 0.296875 0.66875 0.290625 0.670833 0.290625 0.670833 0.289062 0.679167 0.282812 0.679167 0.279687 0.68125 0.278125 0.68125 0.275 0.936898
0 0.433333 0.384375 0.433333 0.392187 0.435417 0.39375 0.435417 0.396875 0.439583 0.4 0.439583 0.401562 0.441667 0.403125 0.441667 0.404687 0.44375 0.40625 0.44375 0.407812 0.45 0.4125 0.45 0.414062 0.460417 0.421875 0.4625 0.421875 0.470833 0.428125 0.472917 0.428125 0.477083 0.43125 0.479167 0.43125 0.483333 0.434375 0.485417 0.434375 0.4875 0.435937 0.491667 0.435937 0.49375 0.4375 0.495833 0.4375 0.5 0.440625 0.504167 0.440625 0.50625 0.442187 0.5125 0.442187 0.514583 0.44375 0.522917 0.44375 0.525 0.445312 0.575 0.445312 0.577083 0.44375 0.5875 0.44375 0.589583 0.442187 0.595833 0.442187 0.597917 0.440625 0.602083 0.440625 0.60625 0.4375 0.610417 0.4375 0.6125 0.435937 0.614583 0.435937 0.616667 0.434375 0.61875 0.434375 0.622917 0.43125 0.625 0.43125 0.627083 0.429688 0.629167 0.429688 0.652083 0.4125 0.652083 0.410937 0.65625 0.407812 0.65625 0.401562 0.6625 0.396875 0.6625 0.389062 0.660417 0.389062 0.660417 0.39375 0.658333 0.395312 0.658333 0.398438 0.65625 0.4 0.654167 0.4 0.65 0.403125 0.65 0.404687 0.645833 0.407812 0.64375 0.407812 0.64375 0.409375 0.639583 0.4125 0.6375 0.4125 0.63125 0.417187 0.629167 0.417187 0.627083 0.41875 0.625 0.41875 0.61875 0.423437 0.616667 0.423437 0.614583 0.425 0.610417 0.425 0.608333 0.426562 0.60625 0.426562 0.604167 0.428125 0.602083 0.428125 0.6 0.429688 0.59375 0.429688 0.591667 0.43125 0.58125 0.43125 0.579167 0.432812 0.570833 0.432812 0.56875 0.434375 0.539583 0.434375 0.5375 0.432812 0.525 0.432812 0.522917 0.43125 0.5125 0.43125 0.510417 0.429688 0.504167 0.429688 0.5 0.426562 0.495833 0.426562 0.49375 0.425 0.489583 0.425 0.4875 0.423437 0.485417 0.423437 0.48125 0.420312 0.477083 0.420312 0.475 0.41875 0.472917 0.41875 0.466667 0.414062 0.464583 0.414062 0.445833 0.4 0.445833 0.398438 0.439583 0.39375 0.439583 0.390625 0.4375 0.389062 0.4375 0.385937 0.435417 0.384375 0.930681
0 0.429167 0.334375 0.429167 0.3375 0.435417 0.342187 0.435417 0.345312 0.4375 0.346875 0.439583 0.346875 0.441667 0.348437 0.441667 0.35 0.44375 0.351562 0.44375 0.353125 0.445833 0.353125 0.45 0.35625 0.45 0.357812 0.452083 0.359375 0.454167 0.359375 0.458333 0.3625 0.458333 0.364062 0.460417 0.365625 0.4625 0.365625 0.464583 0.367188 0.466667 0.367188 0.472917 0.371875 0.475 0.371875 0.477083 0.373437 0.48125 0.373437 0.485417 0.376562 0.4875 0.376562 0.489583 0.378125 0.49375 0.378125 0.495833 0.379687 0.502083 0.379687 0.504167 0.38125 0.50625 0.38125 0.508333 0.382812 0.510417 0.382812 0.5125 0.384375 0.51875 0.384375 0.520833 0.385937 0.58125 0.385937 0.583333 0.384375 0.59375 0.384375 0.595833 0.382812 0.597917 0.382812 0.6 0.38125 0.602083 0.38125 0.604167 0.379687 0.608333 0.379687 0.610417 0.378125 0.616667 0.378125 0.61875 0.376562 0.620833 0.376562 0.625 0.373437 0.627083 0.373437 0.629167 0.371875 0.633333 0.371875 0.639583 0.367188 0.641667 0.367188 0.64375 0.365625 0.645833 0.365625 0.645833 0.364062 0.65 0.360937 0.652083 0.360937 0.65625 0.357812 0.65625 0.35625 0.660417 0.353125 0.6625 0.353125 0.6625 0.351562 0.664583 0.35 0.664583 0.348437 0.670833 0.34375 0.670833 0.3375 0.66875 0.3375 0.66875 0.339062 0.666667 0.340625 0.666667 0.342187 0.664583 0.34375 0.6625 0.34375 0.660417 0.345312 0.660417 0.346875 0.65625 0.35 0.654167 0.35 0.645833 0.35625 0.64375 0.35625 0.6375 0.360937 0.635417 0.360937 0.633333 0.3625 0.63125 0.3625 0.629167 0.364062 0.627083 0.364062 0.622917 0.367188 0.620833 0.367188 0.61875 0.36875 0.6125 0.36875 0.610417 0.370312 0.608333 0.370312 0.60625 0.371875 0.604167 0.371875 0.602083 0.373437 0.597917 0.373437 0.595833 0.375 0.572917 0.375 0.570833 0.376562 0.545833 0.376562 0.54375 0.375 0.514583 0.375 0.5125 0.373437 0.508333 0.373437 0.50625 0.371875 0.504167 0.371875 0.502083 0.370312 0.495833 0.370312 0.49375 0.36875 0.489583 0.36875 0.4875 0.367188 0.485417 0.367188 0.48125 0.364062 0.479167 0.364062 0.477083 0.3625 0.472917 0.3625 0.470833 0.360937 0.46875 0.360937 0.4625 0.35625 0.460417 0.35625 0.452083 0.35 0.45 0.35 0.447917 0.348437 0.447917 0.346875 0.445833 0.346875 0.44375 0.345312 0.441667 0.345312 0.4375 0.342187 0.4375 0.340625 0.435417 0.339062 0.43125 0.339062 0.429167 0.3375 0.92444
0 0.4375 0.376562 0.439583 0.378125 0.441667 0.378125 0.44375 0.379687 0.44375 0.382812 0.445833 0.384375 0.447917 0.384375 0.45 0.385937 0.45 0.390625 0.452083 0.392187 0.454167 0.392187 0.458333 0.395312 0.458333 0.396875 0.460417 0.396875 0.4625 0.398438 0.464583 0.398438 0.470833 0.403125 0.472917 0.403125 0.475 0.404687 0.477083 0.404687 0.483333 0.409375 0.485417 0.409375 0.4875 0.410937 0.491667 0.410937 0.49375 0.4125 0.497917 0.4125 0.5 0.414062 0.502083 0.414062 0.504167 0.415625 0.508333 0.415625 0.510417 0.417187 0.516667 0.417187 0.51875 0.41875 0.53125 0.41875 0.533333 0.420312 0.56875 0.420312 0.570833 0.41875 0.5875 0.41875 0.589583 0.417187 0.595833 0.417187 0.597917 0.415625 0.6 0.415625 0.602083 0.414062 0.604167 0.414062 0.60625 0.4125 0.610417 0.4125 0.6125 0.410937 0.614583 0.410937 0.616667 0.409375 0.61875 0.409375 0.620833 0.407812 0.622917 0.407812 0.627083 0.404687 0.629167 0.404687 0.63125 0.403125 0.633333 0.403125 0.647917 0.392187 0.647917 0.390625 0.65625 0.384375 0.65625 0.38125 0.6625 0.376562 0.6625 0.371875 0.6625 0.373437 0.65625 0.378125 0.654167 0.378125 0.654167 0.379687 0.652083 0.38125 0.652083 0.382812 0.64375 0.389062 0.64375 0.390625 0.639583 0.39375 0.6375 0.39375 0.635417 0.395312 0.633333 0.395312 0.633333 0.396875 0.629167 0.4 0.625 0.4 0.622917 0.401562 0.61875 0.401562 0.614583 0.404687 0.6125 0.404687 0.610417 0.40625 0.604167 0.40625 0.602083 0.407812 0.6 0.407812 0.597917 0.409375 0.595833 0.409375 0.59375 0.410937 0.589583 0.410937 0.5875 0.4125 0.51875 0.4125 0.516667 0.410937 0.510417 0.410937 0.50625 0.407812 0.502083 0.407812 0.5 0.40625 0.491667 0.40625 0.489583 0.404687 0.485417 0.404687 0.483333 0.403125 0.483333 0.401562 0.48125 0.401562 0.479167 0.4 0.472917 0.4 0.470833 0.398438 0.470833 0.396875 0.46875 0.395312 0.466667 0.395312 0.464583 0.39375 0.4625 0.39375 0.452083 0.385937 0.45 0.385937 0.445833 0.382812 0.445833 0.38125 0.44375 0.379687 0.44375 0.378125 0.439583 0.378125 0.4375 0.376562 0.435417 0.373437 0.435417 0.371875 0.433333 0.371875 0.435417 0.373437 0.923155
0 0.689583 0.245312 0.685417 0.245312 0.683333 0.246875 0.685417 0.248437 0.6875 0.246875 0.689583 0.246875 0.689583 0.245312 0.69375 0.240625 0.679167 0.251563 0.677083 0.25 0.670833 0.25 0.66875 0.251563 0.664583 0.251563 0.6625 0.253125 0.660417 0.253125 0.658333 0.254688 0.652083 0.254688 0.65 0.25625 0.641667 0.25625 0.639583 0.257812 0.627083 0.257812 0.625 0.259375 0.620833 0.259375 0.61875 0.260937 0.608333 0.260937 0.60625 0.2625 0.558333 0.2625 0.55625 0.260937 0.54375 0.260937 0.541667 0.259375 0.535417 0.259375 0.533333 0.257812 0.525 0.257812 0.522917 0.25625 0.5125 0.25625 0.510417 0.254688 0.50625 0.254688 0.504167 0.253125 0.502083 0.253125 0.5 0.251563 0.497917 0.251563 0.495833 0.25 0.489583 0.25 0.4875 0.248437 0.485417 0.248437 0.483333 0.246875 0.48125 0.246875 0.479167 0.245312 0.477083 0.245312 0.475 0.24375 0.472917 0.24375 0.470833 0.242187 0.46875 0.242187 0.464583 0.239062 0.4625 0.239062 0.460417 0.2375 0.458333 0.2375 0.45625 0.235937 0.454167 0.235937 0.445833 0.229687 0.44375 0.229687 0.441667 0.228125 0.441667 0.226562 0.439583 0.225 0.4375 0.225 0.43125 0.220312 0.43125 0.21875 0.429167 0.217187 0.429167 0.215625 0.422917 0.210938 0.422917 0.207812 0.420833 0.20625 0.420833 0.203125 0.41875 0.201562 0.41875 0.2 0.416667 0.2 0.414583 0.198437 0.414583 0.190625 0.4125 0.189062 0.4125 0.176562 0.410417 0.176562 0.410417 0.20625 0.4125 0.207812 0.4125 0.209375 0.414583 0.210938 0.414583 0.214062 0.416667 0.215625 0.416667 0.21875 0.422917 0.223437 0.422917 0.225 0.425 0.226562 0.425 0.228125 0.44375 0.242187 0.445833 0.242187 0.452083 0.246875 0.454167 0.246875 0.45625 0.248437 0.458333 0.248437 0.460417 0.25 0.460417 0.251563 0.4625 0.251563 0.464583 0.253125 0.466667 0.253125 0.46875 0.254688 0.472917 0.254688 0.477083 0.257812 0.479167 0.257812 0.48125 0.259375 0.4875 0.259375 0.489583 0.260937 0.491667 0.260937 0.49375 0.2625 0.497917 0.2625 0.5 0.264062 0.502083 0.264062 0.504167 0.265625 0.5125 0.265625 0.514583 0.267187 0.51875 0.267187 0.520833 0.26875 0.525 0.26875 0.527083 0.270312 0.533333 0.270312 0.535417 0.271875 0.610417 0.271875 0.6125 0.270312 0.614583 0.270312 0.616667 0.26875 0.61875 0.26875 0.620833 0.267187 0.622917 0.267187 0.625 0.265625 0.64375 0.265625 0.65 0.260937 0.660417 0.260937 0.66875 0.254688 0.672917 0.254688 0.675 0.253125 0.677083 0.253125 0.679167 0.251563 0.69375 0.240625 0.695833 0.240625 0.695833 0.239062 0.69375 0.240625 0.919558
0 0.677083 0.289062 0.677083 0.289062 0.670833 0.292187 0.666667 0.295312 0.664583 0.295312 0.6625 0.296875 0.660417 0.296875 0.65625 0.3 0.652083 0.3 0.645833 0.304688 0.64375 0.304688 0.641667 0.30625 0.639583 0.30625 0.6375 0.307812 0.633333 0.307812 0.629167 0.310937 0.625 0.310937 0.622917 0.3125 0.61875 0.3125 0.616667 0.314062 0.6125 0.314062 0.610417 0.315625 0.60625 0.315625 0.604167 0.317187 0.591667 0.317187 0.589583 0.31875 0.529167 0.31875 0.527083 0.317187 0.510417 0.317187 0.508333 0.315625 0.502083 0.315625 0.5 0.314062 0.495833 0.314062 0.49375 0.3125 0.489583 0.3125 0.4875 0.310937 0.483333 0.310937 0.48125 0.309375 0.479167 0.309375 0.477083 0.307812 0.472917 0.307812 0.470833 0.30625 0.46875 0.30625 0.466667 0.304688 0.464583 0.304688 0.460417 0.301562 0.458333 0.301562 0.45625 0.3 0.454167 0.3 0.452083 0.298437 0.45 0.298437 0.445833 0.295312 0.44375 0.295312 0.441667 0.29375 0.439583 0.29375 0.4375 0.292187 0.4375 0.290625 0.427083 0.282812 0.425 0.282812 0.420833 0.279687 0.420833 0.273438 0.41875 0.271875 0.41875 0.270312 0.41875 0.279687 0.420833 0.28125 0.420833 0.282812 0.425 0.285937 0.425 0.290625 0.4375 0.3 0.4375 0.301562 0.439583 0.301562 0.45 0.309375 0.452083 0.309375 0.45625 0.3125 0.458333 0.3125 0.4625 0.315625 0.464583 0.315625 0.466667 0.317187 0.46875 0.317187 0.470833 0.31875 0.472917 0.31875 0.475 0.320312 0.477083 0.320312 0.479167 0.321875 0.485417 0.321875 0.4875 0.323437 0.489583 0.323437 0.491667 0.325 0.49375 0.325 0.495833 0.326562 0.504167 0.326562 0.50625 0.328125 0.514583 0.328125 0.516667 0.329687 0.527083 0.329687 0.529167 0.33125 0.5375 0.33125 0.539583 0.332812 0.570833 0.332812 0.572917 0.33125 0.58125 0.33125 0.583333 0.329687 0.591667 0.329687 0.59375 0.328125 0.602083 0.328125 0.604167 0.326562 0.6125 0.326562 0.616667 0.323437 0.61875 0.323437 0.620833 0.321875 0.625 0.321875 0.627083 0.320312 0.629167 0.320312 0.63125 0.31875 0.633333 0.31875 0.635417 0.317187 0.6375 0.317187 0.639583 0.315625 0.641667 0.315625 0.64375 0.314062 0.645833 0.314062 0.652083 0.309375 0.654167 0.309375 0.664583 0.301562 0.664583 0.3 0.666667 0.298437 0.66875 0.298437 0.670833 0.296875 0.670833 0.292187 0.907783
0 0.660417 0.3875 0.660417 0.385937 0.6625 0.384375 0.6625 0.382812 0.660417 0.38125 0.660417 0.3875 0.65625 0.390625 0.652083 0.390625 0.652083 0.392187 0.645833 0.396875 0.64375 0.396875 0.64375 0.398438 0.639583 0.401562 0.6375 0.401562 0.63125 0.40625 0.629167 0.40625 0.627083 0.407812 0.625 0.407812 0.620833 0.410937 0.61875 0.410937 0.616667 0.4125 0.614583 0.4125 0.6125 0.414062 0.604167 0.414062 0.6 0.417187 0.597917 0.417187 0.595833 0.41875 0.589583 0.41875 0.5875 0.420312 0.572917 0.420312 0.570833 0.421875 0.535417 0.421875 0.533333 0.420312 0.51875 0.420312 0.516667 0.41875 0.508333 0.41875 0.50625 0.417187 0.504167 0.417187 0.502083 0.415625 0.5 0.415625 0.497917 0.414062 0.49375 0.414062 0.491667 0.4125 0.4875 0.4125 0.485417 0.410937 0.483333 0.410937 0.479167 0.407812 0.477083 0.407812 0.475 0.40625 0.472917 0.40625 0.466667 0.401562 0.464583 0.401562 0.4625 0.4 0.460417 0.4 0.452083 0.39375 0.45 0.39375 0.447917 0.392187 0.447917 0.390625 0.445833 0.389062 0.445833 0.3875 0.439583 0.382812 0.439583 0.379687 0.4375 0.378125 0.4375 0.376562 0.4375 0.385937 0.441667 0.389062 0.441667 0.392187 0.44375 0.39375 0.44375 0.395312 0.45 0.4 0.45 0.401562 0.4625 0.410937 0.464583 0.410937 0.470833 0.415625 0.472917 0.415625 0.475 0.417187 0.477083 0.417187 0.479167 0.41875 0.48125 0.41875 0.485417 0.421875 0.4875 0.421875 0.489583 0.423437 0.495833 0.423437 0.497917 0.425 0.5 0.425 0.504167 0.428125 0.5125 0.428125 0.514583 0.429688 0.525 0.429688 0.527083 0.43125 0.535417 0.43125 0.5375 0.432812 0.56875 0.432812 0.570833 0.43125 0.577083 0.43125 0.579167 0.429688 0.5875 0.429688 0.589583 0.428125 0.6 0.428125 0.602083 0.426562 0.604167 0.426562 0.608333 0.423437 0.6125 0.423437 0.614583 0.421875 0.61875 0.421875 0.625 0.417187 0.627083 0.417187 0.629167 0.415625 0.63125 0.415625 0.647917 0.403125 0.647917 0.401562 0.65625 0.395312 0.65625 0.390625 0.844257
0 0.452083 0.348437 0.454167 0.346875 0.45 0.346875 0.452083 0.348437 0.458333 0.351562 0.458333 0.353125 0.460417 0.354687 0.4625 0.354687 0.46875 0.359375 0.472917 0.359375 0.475 0.360937 0.477083 0.360937 0.48125 0.364062 0.483333 0.364062 0.485417 0.365625 0.491667 0.365625 0.49375 0.367188 0.497917 0.367188 0.502083 0.370312 0.504167 0.370312 0.50625 0.371875 0.510417 0.371875 0.5125 0.373437 0.545833 0.373437 0.547917 0.375 0.564583 0.375 0.566667 0.373437 0.583333 0.373437 0.585417 0.371875 0.602083 0.371875 0.60625 0.36875 0.608333 0.36875 0.610417 0.367188 0.6125 0.367188 0.614583 0.365625 0.620833 0.365625 0.622917 0.364062 0.625 0.364062 0.63125 0.359375 0.635417 0.359375 0.64375 0.353125 0.645833 0.353125 0.647917 0.351562 0.65 0.351562 0.65625 0.346875 0.65625 0.345312 0.660417 0.342187 0.6625 0.342187 0.664583 0.340625 0.664583 0.339062 0.660417 0.339062 0.660417 0.342187 0.65625 0.345312 0.654167 0.34375 0.652083 0.345312 0.65 0.345312 0.647917 0.346875 0.645833 0.346875 0.64375 0.348437 0.64375 0.35 0.641667 0.351562 0.635417 0.351562 0.633333 0.353125 0.63125 0.353125 0.625 0.357812 0.614583 0.357812 0.6125 0.359375 0.610417 0.359375 0.60625 0.3625 0.604167 0.3625 0.602083 0.364062 0.579167 0.364062 0.577083 0.365625 0.527083 0.365625 0.525 0.364062 0.5 0.364062 0.497917 0.3625 0.495833 0.3625 0.491667 0.359375 0.489583 0.359375 0.4875 0.357812 0.475 0.357812 0.470833 0.354687 0.470833 0.353125 0.46875 0.353125 0.466667 0.351562 0.458333 0.351562 0.148189
0 0.475 0.39375 0.472917 0.395312 0.472917 0.396875 0.477083 0.396875 0.479167 0.398438 0.483333 0.398438 0.489583 0.403125 0.497917 0.403125 0.5 0.404687 0.504167 0.404687 0.50625 0.40625 0.508333 0.40625 0.5125 0.409375 0.525 0.409375 0.527083 0.410937 0.579167 0.410937 0.58125 0.409375 0.59375 0.409375 0.6 0.404687 0.604167 0.404687 0.60625 0.403125 0.6125 0.403125 0.616667 0.4 0.61875 0.4 0.620833 0.398438 0.622917 0.398438 0.625 0.396875 0.627083 0.396875 0.635417 0.390625 0.6375 0.390625 0.6375 0.389062 0.63125 0.389062 0.625 0.39375 0.622917 0.39375 0.620833 0.395312 0.6125 0.395312 0.60625 0.4 0.6 0.4 0.597917 0.401562 0.583333 0.401562 0.58125 0.403125 0.577083 0.403125 0.575 0.404687 0.566667 0.404687 0.564583 0.40625 0.5375 0.40625 0.535417 0.404687 0.527083 0.404687 0.525 0.403125 0.520833 0.403125 0.51875 0.401562 0.50625 0.401562 0.504167 0.4 0.495833 0.4 0.491667 0.396875 0.489583 0.396875 0.4875 0.395312 0.48125 0.395312 0.479167 0.39375 0.475 0.39375 0.470833 0.390625 0.64375 0.384375 0.645833 0.384375 0.64375 0.384375 0.470833 0.390625 0.466667 0.390625 0.464583 0.389062 0.4625 0.389062 0.4625 0.390625 0.470833 0.390625 0.119246
0 0.454167 0.348437 0.454167 0.346875 0.452083 0.345312 0.45 0.345312 0.447917 0.346875 0.45 0.348437 0.454167 0.348437 0.45625 0.351562 0.460417 0.354687 0.4625 0.354687 0.46875 0.359375 0.472917 0.359375 0.477083 0.3625 0.479167 0.3625 0.48125 0.364062 0.483333 0.364062 0.485417 0.365625 0.489583 0.365625 0.491667 0.367188 0.495833 0.367188 0.497917 0.36875 0.5 0.36875 0.502083 0.370312 0.504167 0.370312 0.50625 0.371875 0.510417 0.371875 0.5125 0.373437 0.5375 0.373437 0.539583 0.375 0.566667 0.375 0.56875 0.373437 0.583333 0.373437 0.585417 0.371875 0.602083 0.371875 0.60625 0.36875 0.608333 0.36875 0.610417 0.367188 0.6125 0.367188 0.614583 0.365625 0.620833 0.365625 0.622917 0.364062 0.625 0.364062 0.629167 0.360937 0.63125 0.360937 0.633333 0.359375 0.6375 0.359375 0.6375 0.357812 0.64375 0.353125 0.645833 0.353125 0.652083 0.348437 0.654167 0.348437 0.65625 0.346875 0.65625 0.34375 0.658333 0.340625 0.660417 0.342187 0.6625 0.342187 0.664583 0.340625 0.664583 0.339062 0.670833 0.334375 0.670833 0.334375 0.664583 0.339062 0.660417 0.339062 0.658333 0.340625 0.65625 0.34375 0.652083 0.34375 0.65 0.345312 0.647917 0.345312 0.645833 0.346875 0.64375 0.346875 0.64375 0.348437 0.639583 0.351562 0.633333 0.351562 0.627083 0.35625 0.625 0.35625 0.622917 0.357812 0.6125 0.357812 0.60625 0.3625 0.6 0.3625 0.597917 0.364062 0.575 0.364062 0.572917 0.365625 0.53125 0.365625 0.529167 0.364062 0.504167 0.364062 0.502083 0.3625 0.495833 0.3625 0.489583 0.357812 0.479167 0.357812 0.477083 0.35625 0.472917 0.35625 0.470833 0.354687 0.470833 0.353125 0.46875 0.351562 0.45625 0.351562 0.0924654
0 0.660417 0.398438 0.6625 0.396875 0.6625 0.389062 0.660417 0.390625 0.660417 0.398438 0.65625 0.4 0.654167 0.4 0.652083 0.401562 0.652083 0.403125 0.645833 0.407812 0.64375 0.407812 0.64375 0.409375 0.639583 0.4125 0.6375 0.4125 0.63125 0.417187 0.629167 0.417187 0.625 0.420312 0.622917 0.420312 0.61875 0.423437 0.616667 0.423437 0.614583 0.425 0.610417 0.425 0.608333 0.426562 0.60625 0.426562 0.604167 0.428125 0.602083 0.428125 0.6 0.429688 0.59375 0.429688 0.591667 0.43125 0.58125 0.43125 0.579167 0.432812 0.570833 0.432812 0.56875 0.434375 0.5375 0.434375 0.535417 0.432812 0.525 0.432812 0.522917 0.43125 0.5125 0.43125 0.510417 0.429688 0.504167 0.429688 0.5 0.426562 0.495833 0.426562 0.49375 0.425 0.489583 0.425 0.4875 0.423437 0.485417 0.423437 0.483333 0.421875 0.48125 0.421875 0.479167 0.420312 0.477083 0.420312 0.475 0.41875 0.472917 0.41875 0.466667 0.414062 0.464583 0.414062 0.452083 0.404687 0.45 0.404687 0.447917 0.403125 0.447917 0.401562 0.445833 0.4 0.445833 0.398438 0.44375 0.398438 0.439583 0.395312 0.439583 0.390625 0.4375 0.389062 0.4375 0.3875 0.435417 0.385937 0.435417 0.384375 0.435417 0.385937 0.433333 0.3875 0.433333 0.390625 0.435417 0.392187 0.435417 0.395312 0.441667 0.4 0.441667 0.403125 0.44375 0.404687 0.44375 0.407812 0.452083 0.414062 0.452083 0.415625 0.454167 0.417187 0.45625 0.417187 0.458333 0.41875 0.458333 0.420312 0.460417 0.421875 0.4625 0.421875 0.470833 0.428125 0.472917 0.428125 0.477083 0.43125 0.479167 0.43125 0.483333 0.434375 0.4875 0.434375 0.489583 0.435937 0.491667 0.435937 0.49375 0.4375 0.495833 0.4375 0.497917 0.439062 0.5 0.439062 0.502083 0.440625 0.50625 0.440625 0.508333 0.442187 0.514583 0.442187 0.516667 0.44375 0.522917 0.44375 0.525 0.445312 0.572917 0.445312 0.575 0.44375 0.583333 0.44375 0.585417 0.442187 0.595833 0.442187 0.597917 0.440625 0.602083 0.440625 0.60625 0.4375 0.608333 0.4375 0.610417 0.435937 0.614583 0.435937 0.616667 0.434375 0.61875 0.434375 0.625 0.429688 0.627083 0.429688 0.629167 0.428125 0.63125 0.428125 0.647917 0.415625 0.647917 0.414062 0.654167 0.409375 0.654167 0.40625 0.65625 0.404687 0.65625 0.4 0.0919889
0 0.452083 0.35 0.454167 0.348437 0.454167 0.346875 0.447917 0.346875 0.445833 0.345312 0.44375 0.345312 0.445833 0.346875 0.445833 0.348437 0.45 0.348437 0.452083 0.35 0.45625 0.351562 0.4375 0.340625 0.660417 0.339062 0.660417 0.342187 0.6625 0.342187 0.664583 0.340625 0.664583 0.339062 0.66875 0.334375 0.66875 0.334375 0.664583 0.339062 0.660417 0.339062 0.4375 0.340625 0.4375 0.340625 0.45625 0.351562 0.45625 0.353125 0.460417 0.35625 0.4625 0.35625 0.466667 0.359375 0.470833 0.359375 0.475 0.3625 0.477083 0.3625 0.48125 0.365625 0.485417 0.365625 0.4875 0.367188 0.491667 0.367188 0.49375 0.36875 0.497917 0.36875 0.502083 0.371875 0.504167 0.371875 0.50625 0.373437 0.510417 0.373437 0.5125 0.375 0.575 0.375 0.577083 0.373437 0.595833 0.373437 0.597917 0.371875 0.604167 0.371875 0.610417 0.367188 0.6125 0.367188 0.614583 0.365625 0.622917 0.365625 0.627083 0.3625 0.629167 0.3625 0.63125 0.360937 0.633333 0.360937 0.635417 0.359375 0.6375 0.359375 0.639583 0.357812 0.639583 0.35625 0.641667 0.354687 0.64375 0.354687 0.65 0.35 0.652083 0.35 0.65625 0.346875 0.65625 0.345312 0.654167 0.34375 0.652083 0.345312 0.647917 0.345312 0.64375 0.348437 0.64375 0.35 0.641667 0.351562 0.635417 0.351562 0.633333 0.353125 0.63125 0.353125 0.625 0.357812 0.614583 0.357812 0.6125 0.359375 0.610417 0.359375 0.60625 0.3625 0.604167 0.3625 0.602083 0.364062 0.579167 0.364062 0.577083 0.365625 0.527083 0.365625 0.525 0.364062 0.5 0.364062 0.497917 0.3625 0.495833 0.3625 0.491667 0.359375 0.489583 0.359375 0.4875 0.357812 0.475 0.357812 0.470833 0.354687 0.470833 0.353125 0.46875 0.353125 0.466667 0.351562 0.45625 0.351562 0.0302614
0 0.660417 0.385937 0.660417 0.38125 0.660417 0.385937 0.65625 0.390625 0.654167 0.390625 0.645833 0.396875 0.64375 0.396875 0.63125 0.40625 0.629167 0.40625 0.627083 0.407812 0.625 0.407812 0.622917 0.409375 0.620833 0.409375 0.616667 0.4125 0.614583 0.4125 0.6125 0.414062 0.604167 0.414062 0.6 0.417187 0.597917 0.417187 0.595833 0.41875 0.591667 0.41875 0.589583 0.420312 0.579167 0.420312 0.577083 0.421875 0.53125 0.421875 0.529167 0.420312 0.51875 0.420312 0.516667 0.41875 0.510417 0.41875 0.508333 0.417187 0.504167 0.417187 0.502083 0.415625 0.497917 0.415625 0.495833 0.414062 0.49375 0.414062 0.491667 0.4125 0.4875 0.4125 0.485417 0.410937 0.483333 0.410937 0.479167 0.407812 0.477083 0.407812 0.472917 0.404687 0.470833 0.404687 0.464583 0.4 0.4625 0.4 0.45625 0.395312 0.454167 0.395312 0.452083 0.39375 0.45 0.39375 0.447917 0.392187 0.447917 0.389062 0.44375 0.385937 0.441667 0.385937 0.439583 0.384375 0.439583 0.379687 0.4375 0.378125 0.4375 0.376562 0.435417 0.375 0.435417 0.382812 0.4375 0.384375 0.439583 0.384375 0.441667 0.385937 0.441667 0.390625 0.44375 0.392187 0.44375 0.39375 0.45 0.398438 0.45 0.4 0.452083 0.401562 0.452083 0.403125 0.454167 0.403125 0.460417 0.407812 0.460417 0.409375 0.4625 0.409375 0.470833 0.415625 0.472917 0.415625 0.475 0.417187 0.477083 0.417187 0.479167 0.41875 0.48125 0.41875 0.485417 0.421875 0.489583 0.421875 0.491667 0.423437 0.495833 0.423437 0.497917 0.425 0.5 0.425 0.504167 0.428125 0.514583 0.428125 0.516667 0.429688 0.527083 0.429688 0.529167 0.43125 0.575 0.43125 0.577083 0.429688 0.585417 0.429688 0.5875 0.428125 0.6 0.428125 0.602083 0.426562 0.604167 0.426562 0.608333 0.423437 0.6125 0.423437 0.614583 0.421875 0.61875 0.421875 0.625 0.417187 0.627083 0.417187 0.629167 0.415625 0.63125 0.415625 0.63125 0.414062 0.633333 0.4125 0.635417 0.4125 0.647917 0.403125 0.647917 0.401562 0.65625 0.395312 0.65625 0.390625 0.0215092
0 0.4375 0.340625 0.4375 0.340625 0.44375 0.345312 0.445833 0.346875 0.447917 0.346875 0.452083 0.35 0.452083 0.351562 0.454167 0.351562 0.45625 0.353125 0.458333 0.353125 0.460417 0.354687 0.464583 0.354687 0.466667 0.35625 0.466667 0.357812 0.46875 0.357812 0.470833 0.359375 0.477083 0.359375 0.483333 0.364062 0.485417 0.364062 0.4875 0.365625 0.497917 0.365625 0.5 0.367188 0.502083 0.367188 0.504167 0.36875 0.504167 0.370312 0.50625 0.370312 0.508333 0.371875 0.525 0.371875 0.527083 0.373437 0.58125 0.373437 0.583333 0.371875 0.597917 0.371875 0.6 0.370312 0.604167 0.370312 0.608333 0.367188 0.6125 0.367188 0.614583 0.365625 0.620833 0.365625 0.629167 0.359375 0.633333 0.359375 0.635417 0.357812 0.6375 0.357812 0.6375 0.35625 0.641667 0.353125 0.645833 0.353125 0.65 0.35 0.652083 0.35 0.65625 0.346875 0.658333 0.346875 0.6625 0.34375 0.6625 0.342187 0.666667 0.339062 0.66875 0.335938 0.670833 0.334375 0.670833 0.332812 0.66875 0.332812 0.66875 0.335938 0.666667 0.339062 0.660417 0.339062 0.658333 0.340625 0.658333 0.342187 0.654167 0.345312 0.65 0.345312 0.647917 0.346875 0.645833 0.346875 0.645833 0.348437 0.641667 0.351562 0.639583 0.351562 0.6375 0.353125 0.633333 0.353125 0.627083 0.357812 0.625 0.357812 0.622917 0.359375 0.6125 0.359375 0.60625 0.364062 0.597917 0.364062 0.595833 0.365625 0.502083 0.365625 0.5 0.364062 0.495833 0.364062 0.49375 0.3625 0.491667 0.3625 0.489583 0.360937 0.489583 0.359375 0.479167 0.359375 0.477083 0.357812 0.472917 0.357812 0.46875 0.354687 0.46875 0.353125 0.464583 0.353125 0.4625 0.351562 0.45625 0.351562 0.454167 0.35 0.454167 0.348437 0.452083 0.346875 0.447917 0.346875 0.445833 0.345312 0.44375 0.345312 0.016147
