0 0.609375 0.560938 0.609375 0.564063 0.607813 0.565625 0.607813 0.571875 0.60625 0.573438 0.60625 0.575 0.604688 0.576563 0.604688 0.578125 0.601562 0.58125 0.6 0.58125 0.595313 0.585938 0.59375 0.585938 0.592188 0.5875 0.589063 0.5875 0.5875 0.589063 0.585938 0.589063 0.584375 0.590625 0.582813 0.590625 0.58125 0.592188 0.576563 0.592188 0.575 0.59375 0.570313 0.59375 0.56875 0.595313 0.564063 0.595313 0.5625 0.596875 0.557813 0.596875 0.55625 0.598437 0.545313 0.598437 0.54375 0.6 0.517188 0.6 0.515625 0.601562 0.509375 0.601562 0.507812 0.6 0.495313 0.6 0.49375 0.598437 0.478125 0.598437 0.476562 0.596875 0.471875 0.596875 0.470313 0.595313 0.464063 0.595313 0.4625 0.59375 0.459375 0.59375 0.457813 0.592188 0.454688 0.592188 0.453125 0.590625 0.448438 0.590625 0.446875 0.589063 0.44375 0.589063 0.442188 0.5875 0.439063 0.5875 0.434375 0.582813 0.432813 0.582813 0.432813 0.589063 0.434375 0.589063 0.442188 0.596875 0.445312 0.596875 0.446875 0.598437 0.45 0.598437 0.451563 0.6 0.453125 0.6 0.454688 0.601562 0.45625 0.601562 0.457813 0.603125 0.464063 0.603125 0.465625 0.604688 0.471875 0.604688 0.473438 0.60625 0.476562 0.60625 0.478125 0.607813 0.484375 0.607813 0.485938 0.609375 0.496875 0.609375 0.498438 0.610938 0.54375 0.610938 0.545313 0.609375 0.557813 0.609375 0.559375 0.607813 0.564063 0.607813 0.565625 0.60625 0.571875 0.60625 0.573438 0.604688 0.579688 0.604688 0.58125 0.603125 0.585938 0.603125 0.5875 0.601562 0.590625 0.601562 0.59375 0.598437 0.596875 0.598437 0.598437 0.596875 0.6 0.596875 0.604688 0.592188 0.60625 0.592188 0.607813 0.590625 0.609375 0.590625 0.609375 0.589063 0.615625 0.582813 0.615625 0.564063 0.614062 0.564063 0.6125 0.5625 0.610938 0.5625 0.945178
0 0.459375 0.523438 0.457813 0.525 0.45 0.525 0.45 0.526563 0.448438 0.528125 0.446875 0.528125 0.445312 0.529688 0.442188 0.529688 0.440625 0.528125 0.439063 0.529688 0.43125 0.529688 0.429688 0.53125 0.426563 0.53125 0.425 0.532813 0.423438 0.532813 0.421875 0.534375 0.420313 0.534375 0.420313 0.554688 0.421875 0.55625 0.421875 0.557813 0.423438 0.559375 0.425 0.559375 0.426563 0.560938 0.428125 0.560938 0.429688 0.5625 0.432813 0.5625 0.435938 0.565625 0.439063 0.565625 0.440625 0.567188 0.44375 0.567188 0.445312 0.56875 0.451563 0.56875 0.453125 0.570313 0.460938 0.570313 0.4625 0.571875 0.478125 0.571875 0.479688 0.573438 0.50625 0.573438 0.507812 0.575 0.526563 0.575 0.528125 0.573438 0.529688 0.575 0.534375 0.575 0.535938 0.573438 0.548438 0.573438 0.55 0.575 0.56875 0.575 0.570313 0.573438 0.571875 0.573438 0.575 0.570313 0.576563 0.570313 0.578125 0.56875 0.58125 0.56875 0.582813 0.567188 0.584375 0.567188 0.585938 0.565625 0.5875 0.565625 0.590625 0.5625 0.592188 0.5625 0.595313 0.559375 0.596875 0.559375 0.598437 0.557813 0.598437 0.55625 0.601562 0.553125 0.601562 0.551563 0.603125 0.55 0.603125 0.548438 0.604688 0.546875 0.604688 0.54375 0.603125 0.542188 0.603125 0.5375 0.6 0.534375 0.598437 0.534375 0.596875 0.532813 0.5875 0.532813 0.585938 0.534375 0.582813 0.534375 0.578125 0.529688 0.575 0.529688 0.573438 0.528125 0.567188 0.528125 0.565625 0.526563 0.553125 0.526563 0.551563 0.528125 0.546875 0.528125 0.545313 0.526563 0.540625 0.526563 0.539063 0.525 0.53125 0.525 0.529688 0.523438 0.923547
0 0.671875 0.564063 0.671875 0.58125 0.673438 0.582813 0.673438 0.584375 0.682813 0.59375 0.684375 0.59375 0.6875 0.596875 0.689063 0.596875 0.690625 0.598437 0.69375 0.598437 0.696875 0.601562 0.698438 0.601562 0.7 0.603125 0.701563 0.603125 0.703125 0.604688 0.704688 0.604688 0.70625 0.60625 0.707813 0.60625 0.709375 0.607813 0.710938 0.607813 0.7125 0.609375 0.715625 0.609375 0.717188 0.610938 0.720313 0.610938 0.721875 0.6125 0.725 0.6125 0.726562 0.614062 0.729688 0.614062 0.73125 0.615625 0.7375 0.615625 0.739063 0.617188 0.748438 0.617188 0.75 0.61875 0.760938 0.61875 0.7625 0.620313 0.820312 0.620313 0.821875 0.61875 0.829688 0.61875 0.83125 0.617188 0.839063 0.617188 0.840625 0.615625 0.84375 0.615625 0.845313 0.614062 0.846875 0.614062 0.848438 0.6125 0.85 0.6125 0.851562 0.610938 0.853125 0.610938 0.854688 0.609375 0.857813 0.609375 0.865625 0.601562 0.865625 0.6 0.86875 0.596875 0.86875 0.59375 0.870313 0.592188 0.870313 0.590625 0.871875 0.589063 0.871875 0.582813 0.870313 0.582813 0.86875 0.584375 0.86875 0.585938 0.867188 0.5875 0.865625 0.5875 0.864063 0.589063 0.8625 0.589063 0.859375 0.592188 0.857813 0.592188 0.854688 0.595313 0.853125 0.595313 0.851562 0.596875 0.85 0.596875 0.848438 0.598437 0.846875 0.598437 0.842188 0.603125 0.840625 0.603125 0.839063 0.604688 0.835938 0.604688 0.834375 0.60625 0.826563 0.60625 0.825 0.607813 0.798438 0.607813 0.796875 0.609375 0.779688 0.609375 0.778125 0.607813 0.75625 0.607813 0.754688 0.60625 0.75 0.60625 0.748438 0.604688 0.74375 0.604688 0.742188 0.603125 0.734375 0.603125 0.732813 0.601562 0.728125 0.601562 0.726562 0.6 0.723438 0.6 0.721875 0.598437 0.71875 0.598437 0.717188 0.596875 0.7125 0.596875 0.710938 0.595313 0.707813 0.595313 0.70625 0.59375 0.704688 0.59375 0.703125 0.592188 0.7 0.592188 0.698438 0.590625 0.696875 0.590625 0.695312 0.589063 0.69375 0.589063 0.692188 0.5875 0.690625 0.5875 0.689063 0.585938 0.6875 0.585938 0.684375 0.582813 0.682813 0.582813 0.678125 0.578125 0.678125 0.576563 0.676563 0.576563 0.673438 0.573438 0.673438 0.571875 0.671875 0.570313 0.921345
0 0.360938 0.44375 0.360938 0.453125 0.357813 0.45625 0.357813 0.457813 0.353125 0.4625 0.351562 0.4625 0.35 0.464063 0.348438 0.464063 0.346875 0.465625 0.345313 0.465625 0.34375 0.467188 0.340625 0.467188 0.339063 0.46875 0.33125 0.46875 0.329688 0.470313 0.325 0.470313 0.323438 0.471875 0.320312 0.471875 0.31875 0.473438 0.3125 0.473438 0.310937 0.475 0.301563 0.475 0.3 0.476562 0.292188 0.476562 0.290625 0.478125 0.279688 0.478125 0.278125 0.479688 0.240625 0.479688 0.239063 0.48125 0.225 0.48125 0.223438 0.479688 0.214063 0.479688 0.2125 0.478125 0.207813 0.478125 0.20625 0.476562 0.195312 0.476562 0.19375 0.475 0.182813 0.475 0.18125 0.473438 0.18125 0.479688 0.182813 0.479688 0.184375 0.48125 0.185938 0.48125 0.1875 0.482813 0.190625 0.482813 0.192188 0.484375 0.198438 0.484375 0.2 0.485938 0.207813 0.485938 0.209375 0.4875 0.214063 0.4875 0.215625 0.489063 0.220313 0.489063 0.221875 0.490625 0.23125 0.490625 0.232813 0.492188 0.28125 0.492188 0.282813 0.490625 0.296875 0.490625 0.298438 0.489063 0.303125 0.489063 0.304688 0.4875 0.3125 0.4875 0.314063 0.485938 0.325 0.485938 0.326563 0.484375 0.33125 0.484375 0.332813 0.482813 0.339063 0.482813 0.340625 0.48125 0.346875 0.48125 0.348438 0.479688 0.353125 0.479688 0.354688 0.478125 0.357813 0.478125 0.359375 0.476562 0.360938 0.476562 0.3625 0.475 0.364063 0.475 0.367188 0.471875 0.36875 0.471875 0.370313 0.470313 0.371875 0.470313 0.375 0.467188 0.375 0.453125 0.367188 0.445312 0.367188 0.44375 0.916934
0 0.365625 0.4625 0.36875 0.465625 0.36875 0.471875 0.365625 0.475 0.364063 0.475 0.3625 0.476562 0.360938 0.476562 0.359375 0.478125 0.357813 0.478125 0.35625 0.479688 0.353125 0.479688 0.351562 0.48125 0.348438 0.48125 0.346875 0.482813 0.340625 0.482813 0.339063 0.484375 0.335938 0.484375 0.334375 0.485938 0.33125 0.485938 0.329688 0.4875 0.321875 0.4875 0.320312 0.489063 0.307813 0.489063 0.30625 0.490625 0.303125 0.490625 0.301563 0.492188 0.295313 0.492188 0.29375 0.49375 0.223438 0.49375 0.221875 0.492188 0.21875 0.492188 0.217188 0.490625 0.215625 0.490625 0.214063 0.489063 0.209375 0.489063 0.207813 0.4875 0.201563 0.4875 0.2 0.485938 0.196875 0.485938 0.19375 0.482813 0.198438 0.478125 0.190625 0.478125 0.189063 0.476562 0.182813 0.476562 0.182813 0.490625 0.184375 0.490625 0.185938 0.492188 0.1875 0.492188 0.190625 0.495313 0.19375 0.495313 0.195312 0.496875 0.198438 0.496875 0.2 0.498438 0.201563 0.498438 0.203125 0.5 0.207813 0.5 0.209375 0.501563 0.217188 0.501563 0.21875 0.503125 0.229688 0.503125 0.23125 0.504688 0.30625 0.504688 0.307813 0.50625 0.326563 0.50625 0.325 0.50625 0.323438 0.504688 0.321875 0.504688 0.320312 0.503125 0.323438 0.5 0.328125 0.5 0.329688 0.498438 0.334375 0.498438 0.335938 0.496875 0.346875 0.496875 0.348438 0.495313 0.35 0.495313 0.351562 0.49375 0.360938 0.49375 0.3625 0.492188 0.3625 0.490625 0.364063 0.489063 0.365625 0.489063 0.367188 0.4875 0.36875 0.4875 0.375 0.48125 0.375 0.479688 0.376563 0.478125 0.376563 0.465625 0.375 0.464063 0.375 0.4625 0.913571
0 0.679688 0.542188 0.679688 0.564063 0.68125 0.565625 0.682813 0.565625 0.689063 0.571875 0.690625 0.571875 0.69375 0.575 0.695312 0.575 0.696875 0.576563 0.698438 0.576563 0.7 0.578125 0.701563 0.578125 0.703125 0.579688 0.704688 0.579688 0.70625 0.58125 0.709375 0.58125 0.710938 0.582813 0.714063 0.582813 0.715625 0.584375 0.720313 0.584375 0.721875 0.585938 0.725 0.585938 0.726562 0.5875 0.729688 0.5875 0.73125 0.589063 0.740625 0.589063 0.742188 0.590625 0.748438 0.590625 0.75 0.592188 0.75625 0.592188 0.757812 0.59375 0.770313 0.59375 0.771875 0.595313 0.775 0.595313 0.776563 0.596875 0.775 0.598437 0.765625 0.598437 0.823438 0.598437 0.823438 0.596875 0.825 0.595313 0.832813 0.595313 0.834375 0.59375 0.840625 0.59375 0.842188 0.592188 0.846875 0.592188 0.848438 0.590625 0.853125 0.590625 0.854688 0.589063 0.85625 0.589063 0.859375 0.585938 0.860938 0.585938 0.8625 0.584375 0.864063 0.584375 0.865625 0.582813 0.865625 0.58125 0.867188 0.579688 0.867188 0.578125 0.870313 0.575 0.870313 0.573438 0.871875 0.571875 0.871875 0.56875 0.873438 0.567188 0.873438 0.565625 0.870313 0.565625 0.867188 0.56875 0.865625 0.56875 0.864063 0.570313 0.859375 0.570313 0.857813 0.571875 0.85625 0.571875 0.853125 0.575 0.851562 0.575 0.846875 0.579688 0.845313 0.579688 0.84375 0.58125 0.842188 0.58125 0.840625 0.582813 0.834375 0.582813 0.832813 0.584375 0.817188 0.584375 0.815625 0.585938 0.789062 0.585938 0.7875 0.584375 0.764063 0.584375 0.7625 0.582813 0.751563 0.582813 0.75 0.58125 0.745313 0.58125 0.74375 0.579688 0.739063 0.579688 0.7375 0.578125 0.732813 0.578125 0.73125 0.576563 0.725 0.576563 0.723438 0.575 0.71875 0.575 0.717188 0.573438 0.714063 0.573438 0.7125 0.571875 0.710938 0.571875 0.709375 0.570313 0.707813 0.570313 0.70625 0.56875 0.704688 0.56875 0.703125 0.567188 0.7 0.567188 0.696875 0.564063 0.695312 0.564063 0.685938 0.554688 0.685938 0.553125 0.684375 0.551563 0.684375 0.55 0.682813 0.548438 0.682813 0.546875 0.679688 0.54375 0.91251
0 0.685938 0.526563 0.685938 0.542188 0.690625 0.546875 0.692188 0.546875 0.696875 0.551563 0.698438 0.551563 0.7 0.553125 0.703125 0.553125 0.704688 0.554688 0.70625 0.554688 0.707813 0.55625 0.709375 0.55625 0.710938 0.557813 0.714063 0.557813 0.715625 0.559375 0.721875 0.559375 0.723438 0.560938 0.725 0.560938 0.728125 0.564063 0.734375 0.564063 0.735938 0.565625 0.745313 0.565625 0.746875 0.567188 0.75 0.567188 0.751563 0.56875 0.754688 0.56875 0.757812 0.571875 0.757812 0.573438 0.754688 0.576563 0.751563 0.576563 0.782813 0.576563 0.784375 0.575 0.804688 0.575 0.80625 0.573438 0.829688 0.573438 0.83125 0.571875 0.8375 0.571875 0.839063 0.570313 0.846875 0.570313 0.848438 0.56875 0.853125 0.56875 0.854688 0.567188 0.85625 0.567188 0.857813 0.565625 0.860938 0.565625 0.8625 0.564063 0.864063 0.564063 0.865625 0.5625 0.867188 0.5625 0.86875 0.560938 0.871875 0.560938 0.875 0.557813 0.875 0.55625 0.876563 0.554688 0.878125 0.554688 0.882812 0.55 0.882812 0.548438 0.884375 0.546875 0.884375 0.545313 0.882812 0.54375 0.88125 0.545313 0.88125 0.546875 0.879688 0.548438 0.878125 0.548438 0.876563 0.55 0.875 0.55 0.873438 0.551563 0.871875 0.551563 0.867188 0.55625 0.8625 0.55625 0.860938 0.557813 0.853125 0.557813 0.851562 0.559375 0.846875 0.559375 0.845313 0.560938 0.834375 0.560938 0.832813 0.5625 0.778125 0.5625 0.776563 0.560938 0.76875 0.560938 0.767188 0.559375 0.75 0.559375 0.748438 0.557813 0.740625 0.557813 0.739063 0.55625 0.735938 0.55625 0.734375 0.554688 0.732813 0.554688 0.73125 0.553125 0.729688 0.553125 0.728125 0.551563 0.721875 0.551563 0.720313 0.55 0.717188 0.55 0.715625 0.548438 0.714063 0.548438 0.7125 0.546875 0.710938 0.546875 0.709375 0.545313 0.704688 0.545313 0.703125 0.54375 0.701563 0.54375 0.696875 0.539063 0.695312 0.539063 0.690625 0.534375 0.689063 0.534375 0.6875 0.532813 0.6875 0.53125 0.685938 0.529688 0.905269
0 0.682813 0.50625 0.682813 0.514063 0.6875 0.51875 0.6875 0.520313 0.689063 0.521875 0.690625 0.521875 0.696875 0.528125 0.7 0.528125 0.703125 0.53125 0.70625 0.53125 0.707813 0.532813 0.709375 0.532813 0.710938 0.534375 0.715625 0.534375 0.717188 0.535938 0.71875 0.535938 0.720313 0.5375 0.726562 0.5375 0.728125 0.539063 0.73125 0.539063 0.732813 0.540625 0.735938 0.540625 0.7375 0.542188 0.742188 0.542188 0.74375 0.54375 0.754688 0.54375 0.75625 0.545313 0.764063 0.545313 0.765625 0.546875 0.775 0.546875 0.776563 0.548438 0.798438 0.548438 0.8 0.55 0.81875 0.55 0.820312 0.548438 0.835938 0.548438 0.8375 0.546875 0.85 0.546875 0.851562 0.545313 0.859375 0.545313 0.860938 0.54375 0.864063 0.54375 0.865625 0.542188 0.867188 0.542188 0.86875 0.540625 0.871875 0.540625 0.873438 0.539063 0.875 0.539063 0.876563 0.5375 0.878125 0.5375 0.884375 0.53125 0.884375 0.529688 0.885938 0.528125 0.885938 0.525 0.8875 0.523438 0.8875 0.520313 0.884375 0.517188 0.882812 0.51875 0.882812 0.520313 0.875 0.528125 0.871875 0.528125 0.870313 0.529688 0.86875 0.529688 0.867188 0.53125 0.865625 0.53125 0.864063 0.532813 0.8625 0.532813 0.860938 0.534375 0.853125 0.534375 0.851562 0.535938 0.84375 0.535938 0.842188 0.5375 0.832813 0.5375 0.83125 0.539063 0.796875 0.539063 0.795313 0.5375 0.779688 0.5375 0.778125 0.535938 0.757812 0.535938 0.75625 0.534375 0.74375 0.534375 0.742188 0.532813 0.7375 0.532813 0.735938 0.53125 0.73125 0.53125 0.729688 0.529688 0.726562 0.529688 0.725 0.528125 0.720313 0.528125 0.71875 0.526563 0.7125 0.526563 0.710938 0.525 0.709375 0.525 0.707813 0.523438 0.70625 0.523438 0.704688 0.521875 0.703125 0.521875 0.701563 0.520313 0.7 0.520313 0.698438 0.51875 0.696875 0.51875 0.684375 0.50625 0.90111
0 0.679688 0.560938 0.679688 0.579688 0.684375 0.584375 0.685938 0.584375 0.6875 0.585938 0.689063 0.585938 0.690625 0.5875 0.692188 0.5875 0.695312 0.590625 0.696875 0.590625 0.698438 0.592188 0.701563 0.592188 0.703125 0.59375 0.70625 0.59375 0.707813 0.595313 0.710938 0.595313 0.7125 0.596875 0.71875 0.596875 0.720313 0.598437 0.725 0.598437 0.726562 0.6 0.729688 0.6 0.73125 0.601562 0.732813 0.601562 0.734375 0.603125 0.74375 0.603125 0.745313 0.604688 0.751563 0.604688 0.753125 0.60625 0.7625 0.60625 0.764063 0.607813 0.825 0.607813 0.826563 0.60625 0.8375 0.60625 0.839063 0.604688 0.845313 0.604688 0.846875 0.603125 0.851562 0.603125 0.85625 0.598437 0.857813 0.598437 0.867188 0.589063 0.867188 0.5875 0.870313 0.584375 0.870313 0.582813 0.871875 0.58125 0.871875 0.576563 0.870313 0.576563 0.86875 0.578125 0.867188 0.578125 0.8625 0.582813 0.860938 0.582813 0.859375 0.584375 0.857813 0.584375 0.853125 0.589063 0.851562 0.589063 0.85 0.590625 0.848438 0.590625 0.846875 0.592188 0.84375 0.592188 0.842188 0.59375 0.839063 0.59375 0.8375 0.595313 0.826563 0.595313 0.825 0.596875 0.775 0.596875 0.773438 0.595313 0.754688 0.595313 0.753125 0.59375 0.746875 0.59375 0.745313 0.592188 0.740625 0.592188 0.739063 0.590625 0.732813 0.590625 0.73125 0.589063 0.725 0.589063 0.723438 0.5875 0.720313 0.5875 0.71875 0.585938 0.717188 0.585938 0.715625 0.584375 0.7125 0.584375 0.710938 0.582813 0.707813 0.582813 0.70625 0.58125 0.704688 0.58125 0.703125 0.579688 0.701563 0.579688 0.7 0.578125 0.698438 0.578125 0.696875 0.576563 0.69375 0.576563 0.679688 0.5625 0.895586
0 0.351562 0.514063 0.353125 0.514063 0.351562 0.514063 0.345313 0.509375 0.348438 0.50625 0.35 0.50625 0.351562 0.504688 0.35625 0.504688 0.357813 0.503125 0.359375 0.503125 0.360938 0.501563 0.3625 0.501563 0.364063 0.5 0.365625 0.5 0.367188 0.498438 0.36875 0.498438 0.371875 0.495313 0.373438 0.495313 0.376563 0.492188 0.376563 0.490625 0.378125 0.489063 0.378125 0.478125 0.36875 0.478125 0.36875 0.484375 0.365625 0.4875 0.364063 0.4875 0.3625 0.489063 0.360938 0.489063 0.357813 0.492188 0.35625 0.492188 0.354688 0.49375 0.351562 0.49375 0.35 0.495313 0.345313 0.495313 0.34375 0.496875 0.339063 0.496875 0.3375 0.498438 0.335938 0.498438 0.334375 0.5 0.33125 0.5 0.329688 0.501563 0.323438 0.501563 0.321875 0.503125 0.3125 0.503125 0.310937 0.504688 0.301563 0.504688 0.3 0.50625 0.228125 0.50625 0.226562 0.504688 0.217188 0.504688 0.215625 0.503125 0.210938 0.503125 0.209375 0.501563 0.201563 0.501563 0.2 0.5 0.198438 0.5 0.196875 0.498438 0.195312 0.498438 0.19375 0.496875 0.192188 0.496875 0.190625 0.495313 0.190625 0.49375 0.189063 0.492188 0.189063 0.490625 0.185938 0.4875 0.185938 0.484375 0.18125 0.479688 0.18125 0.478125 0.179688 0.478125 0.179688 0.496875 0.184375 0.501563 0.185938 0.501563 0.189063 0.504688 0.192188 0.504688 0.195312 0.507812 0.198438 0.507812 0.2 0.509375 0.201563 0.509375 0.203125 0.510938 0.207813 0.510938 0.209375 0.5125 0.215625 0.5125 0.217188 0.514063 0.225 0.514063 0.226562 0.515625 0.253125 0.515625 0.254688 0.517188 0.276563 0.517188 0.278125 0.51875 0.325 0.51875 0.323438 0.51875 0.321875 0.517188 0.317188 0.517188 0.315625 0.515625 0.315625 0.514063 0.317188 0.5125 0.325 0.5125 0.326563 0.510938 0.334375 0.510938 0.335938 0.509375 0.345313 0.509375 0.891275
0 0.382812 0.54375 0.382812 0.546875 0.38125 0.548438 0.38125 0.55 0.379688 0.551563 0.378125 0.551563 0.371875 0.557813 0.370313 0.557813 0.36875 0.559375 0.367188 0.559375 0.365625 0.560938 0.364063 0.560938 0.360938 0.564063 0.357813 0.564063 0.35625 0.565625 0.351562 0.565625 0.35 0.567188 0.346875 0.567188 0.345313 0.56875 0.342188 0.56875 0.340625 0.570313 0.335938 0.570313 0.334375 0.571875 0.328125 0.571875 0.326563 0.573438 0.321875 0.573438 0.320312 0.575 0.3125 0.575 0.310937 0.576563 0.295313 0.576563 0.29375 0.578125 0.254688 0.578125 0.253125 0.576563 0.225 0.576563 0.223438 0.575 0.217188 0.575 0.215625 0.573438 0.210938 0.573438 0.209375 0.571875 0.207813 0.571875 0.20625 0.570313 0.203125 0.570313 0.201563 0.56875 0.198438 0.56875 0.189063 0.559375 0.189063 0.567188 0.190625 0.56875 0.190625 0.570313 0.19375 0.573438 0.196875 0.573438 0.201563 0.578125 0.204688 0.578125 0.20625 0.579688 0.210938 0.579688 0.2125 0.58125 0.214063 0.58125 0.215625 0.582813 0.217188 0.582813 0.21875 0.584375 0.220313 0.584375 0.221875 0.585938 0.232813 0.585938 0.234375 0.5875 0.245313 0.5875 0.246875 0.589063 0.251563 0.589063 0.253125 0.590625 0.278125 0.590625 0.279688 0.589063 0.289063 0.589063 0.290625 0.5875 0.30625 0.5875 0.307813 0.585938 0.317188 0.585938 0.31875 0.584375 0.323438 0.584375 0.325 0.582813 0.332813 0.582813 0.334375 0.58125 0.340625 0.58125 0.342188 0.579688 0.345313 0.579688 0.346875 0.578125 0.35 0.578125 0.351562 0.576563 0.35625 0.576563 0.357813 0.575 0.359375 0.575 0.3625 0.571875 0.365625 0.571875 0.367188 0.570313 0.36875 0.570313 0.371875 0.567188 0.373438 0.567188 0.384375 0.55625 0.384375 0.551563 0.385938 0.55 0.385938 0.545313 0.384375 0.54375 0.887112
0 0.384375 0.553125 0.384375 0.554688 0.382812 0.55625 0.382812 0.559375 0.373438 0.56875 0.371875 0.56875 0.370313 0.570313 0.36875 0.570313 0.367188 0.571875 0.365625 0.571875 0.3625 0.575 0.360938 0.575 0.359375 0.576563 0.35625 0.576563 0.354688 0.578125 0.35 0.578125 0.348438 0.579688 0.346875 0.579688 0.345313 0.58125 0.342188 0.58125 0.340625 0.582813 0.335938 0.582813 0.334375 0.584375 0.325 0.584375 0.323438 0.585938 0.317188 0.585938 0.315625 0.5875 0.309375 0.5875 0.307813 0.589063 0.2875 0.589063 0.285938 0.590625 0.251563 0.590625 0.25 0.589063 0.2375 0.589063 0.235938 0.5875 0.225 0.5875 0.223438 0.585938 0.220313 0.585938 0.21875 0.584375 0.217188 0.584375 0.215625 0.582813 0.2125 0.582813 0.210938 0.58125 0.20625 0.58125 0.204688 0.579688 0.203125 0.579688 0.198438 0.575 0.195312 0.575 0.195312 0.584375 0.198438 0.5875 0.2 0.5875 0.201563 0.589063 0.203125 0.589063 0.204688 0.590625 0.207813 0.590625 0.209375 0.592188 0.210938 0.592188 0.2125 0.59375 0.214063 0.59375 0.215625 0.595313 0.220313 0.595313 0.221875 0.596875 0.229688 0.596875 0.23125 0.598437 0.239063 0.598437 0.240625 0.6 0.253125 0.6 0.254688 0.601562 0.275 0.601562 0.276563 0.603125 0.279688 0.603125 0.28125 0.601562 0.298438 0.601562 0.3 0.6 0.309375 0.6 0.310937 0.598437 0.31875 0.598437 0.320312 0.596875 0.325 0.596875 0.326563 0.595313 0.339063 0.595313 0.340625 0.59375 0.34375 0.59375 0.345313 0.592188 0.346875 0.592188 0.348438 0.590625 0.351562 0.590625 0.353125 0.589063 0.357813 0.589063 0.360938 0.585938 0.3625 0.585938 0.364063 0.584375 0.367188 0.584375 0.36875 0.582813 0.370313 0.582813 0.373438 0.579688 0.375 0.579688 0.38125 0.573438 0.382812 0.573438 0.385938 0.570313 0.385938 0.56875 0.3875 0.567188 0.3875 0.5625 0.389063 0.560938 0.389063 0.559375 0.384375 0.554688 0.881961
0 0.382812 0.53125 0.382812 0.534375 0.378125 0.539063 0.376563 0.539063 0.376563 0.540625 0.371875 0.545313 0.36875 0.545313 0.365625 0.548438 0.364063 0.548438 0.360938 0.551563 0.35625 0.551563 0.354688 0.553125 0.351562 0.553125 0.35 0.554688 0.346875 0.554688 0.345313 0.55625 0.342188 0.55625 0.340625 0.557813 0.335938 0.557813 0.334375 0.559375 0.328125 0.559375 0.326563 0.560938 0.321875 0.560938 0.320312 0.5625 0.3125 0.5625 0.310937 0.564063 0.295313 0.564063 0.29375 0.565625 0.253125 0.565625 0.251563 0.564063 0.246875 0.564063 0.245313 0.5625 0.217188 0.5625 0.215625 0.560938 0.210938 0.560938 0.209375 0.559375 0.207813 0.559375 0.20625 0.557813 0.204688 0.557813 0.203125 0.55625 0.201563 0.55625 0.2 0.554688 0.198438 0.554688 0.196875 0.553125 0.195312 0.553125 0.184375 0.542188 0.184375 0.540625 0.184375 0.553125 0.1875 0.55625 0.1875 0.557813 0.189063 0.559375 0.190625 0.559375 0.19375 0.5625 0.195312 0.5625 0.198438 0.565625 0.2 0.565625 0.201563 0.567188 0.204688 0.567188 0.20625 0.56875 0.207813 0.56875 0.209375 0.570313 0.214063 0.570313 0.215625 0.571875 0.21875 0.571875 0.220313 0.573438 0.229688 0.573438 0.23125 0.575 0.264063 0.575 0.265625 0.576563 0.292188 0.576563 0.29375 0.575 0.310937 0.575 0.3125 0.573438 0.31875 0.573438 0.320312 0.571875 0.325 0.571875 0.326563 0.570313 0.33125 0.570313 0.332813 0.56875 0.340625 0.56875 0.342188 0.567188 0.345313 0.567188 0.346875 0.565625 0.35 0.565625 0.351562 0.564063 0.354688 0.564063 0.35625 0.5625 0.359375 0.5625 0.360938 0.560938 0.3625 0.560938 0.364063 0.559375 0.365625 0.559375 0.367188 0.557813 0.36875 0.557813 0.370313 0.55625 0.371875 0.55625 0.382812 0.545313 0.382812 0.54375 0.384375 0.542188 0.384375 0.532813 0.872289
0 0.71875 0.41875 0.717188 0.420313 0.717188 0.423438 0.71875 0.425 0.71875 0.429688 0.715625 0.432813 0.707813 0.432813 0.70625 0.434375 0.701563 0.434375 0.7 0.432813 0.698438 0.432813 0.696875 0.43125 0.689063 0.43125 0.6875 0.429688 0.685938 0.429688 0.685938 0.4375 0.69375 0.445312 0.695312 0.445312 0.696875 0.446875 0.701563 0.446875 0.703125 0.448438 0.70625 0.448438 0.707813 0.45 0.7125 0.45 0.714063 0.451563 0.717188 0.451563 0.71875 0.453125 0.721875 0.453125 0.723438 0.454688 0.732813 0.454688 0.734375 0.45625 0.74375 0.45625 0.745313 0.457813 0.75 0.457813 0.751563 0.459375 0.765625 0.459375 0.767188 0.460938 0.8 0.460938 0.801563 0.4625 0.825 0.4625 0.826563 0.460938 0.84375 0.460938 0.845313 0.459375 0.85625 0.459375 0.857813 0.457813 0.864063 0.457813 0.865625 0.45625 0.870313 0.45625 0.871875 0.454688 0.876563 0.454688 0.878125 0.453125 0.88125 0.453125 0.8875 0.446875 0.8875 0.445312 0.889063 0.44375 0.889063 0.4375 0.8875 0.435938 0.8875 0.434375 0.885938 0.434375 0.884375 0.432813 0.882812 0.432813 0.88125 0.43125 0.879688 0.43125 0.878125 0.429688 0.875 0.429688 0.873438 0.428125 0.86875 0.428125 0.867188 0.426563 0.860938 0.426563 0.859375 0.425 0.846875 0.425 0.845313 0.423438 0.842188 0.423438 0.840625 0.421875 0.835938 0.421875 0.834375 0.420313 0.826563 0.420313 0.825 0.41875 0.798438 0.41875 0.798438 0.429688 0.796875 0.43125 0.796875 0.432813 0.795313 0.434375 0.79375 0.434375 0.792188 0.435938 0.779688 0.435938 0.778125 0.434375 0.776563 0.435938 0.773438 0.435938 0.771875 0.4375 0.770313 0.435938 0.76875 0.435938 0.767188 0.434375 0.765625 0.434375 0.7625 0.43125 0.760938 0.43125 0.759375 0.429688 0.757812 0.429688 0.75625 0.428125 0.75625 0.423438 0.757812 0.421875 0.757812 0.420313 0.75625 0.420313 0.754688 0.41875 0.865868
0 0.682813 0.528125 0.682813 0.553125 0.684375 0.553125 0.6875 0.55625 0.6875 0.557813 0.689063 0.559375 0.690625 0.559375 0.692188 0.560938 0.69375 0.560938 0.698438 0.565625 0.7 0.565625 0.701563 0.567188 0.70625 0.567188 0.707813 0.56875 0.709375 0.56875 0.710938 0.570313 0.7125 0.570313 0.714063 0.571875 0.717188 0.571875 0.71875 0.573438 0.721875 0.573438 0.723438 0.575 0.728125 0.575 0.729688 0.576563 0.735938 0.576563 0.7375 0.578125 0.74375 0.578125 0.745313 0.579688 0.751563 0.579688 0.753125 0.58125 0.759375 0.58125 0.7625 0.584375 0.760938 0.585938 0.75625 0.585938 0.84375 0.585938 0.845313 0.584375 0.846875 0.584375 0.85 0.58125 0.853125 0.58125 0.854688 0.579688 0.85625 0.579688 0.857813 0.578125 0.859375 0.578125 0.864063 0.573438 0.865625 0.573438 0.867188 0.571875 0.86875 0.571875 0.875 0.565625 0.876563 0.565625 0.878125 0.564063 0.878125 0.560938 0.879688 0.559375 0.879688 0.554688 0.88125 0.553125 0.878125 0.553125 0.870313 0.560938 0.86875 0.560938 0.867188 0.5625 0.865625 0.5625 0.860938 0.567188 0.857813 0.567188 0.85625 0.56875 0.854688 0.56875 0.853125 0.570313 0.846875 0.570313 0.845313 0.571875 0.834375 0.571875 0.832813 0.573438 0.815625 0.573438 0.814063 0.575 0.7875 0.575 0.785938 0.573438 0.773438 0.573438 0.771875 0.571875 0.757812 0.571875 0.75625 0.570313 0.748438 0.570313 0.746875 0.56875 0.742188 0.56875 0.740625 0.567188 0.734375 0.567188 0.732813 0.565625 0.728125 0.565625 0.726562 0.564063 0.725 0.564063 0.723438 0.5625 0.71875 0.5625 0.717188 0.560938 0.715625 0.560938 0.714063 0.559375 0.710938 0.559375 0.709375 0.557813 0.70625 0.557813 0.704688 0.55625 0.703125 0.55625 0.701563 0.554688 0.7 0.554688 0.696875 0.551563 0.695312 0.551563 0.685938 0.542188 0.685938 0.540625 0.684375 0.539063 0.684375 0.532813 0.682813 0.53125 0.861434
0 0.428125 0.565625 0.428125 0.58125 0.43125 0.58125 0.434375 0.584375 0.435938 0.584375 0.4375 0.585938 0.440625 0.585938 0.442188 0.5875 0.44375 0.5875 0.445312 0.589063 0.448438 0.589063 0.45 0.590625 0.459375 0.590625 0.460938 0.592188 0.465625 0.592188 0.467188 0.59375 0.471875 0.59375 0.473438 0.595313 0.476562 0.595313 0.478125 0.596875 0.484375 0.596875 0.485938 0.598437 0.492188 0.598437 0.49375 0.6 0.521875 0.6 0.523438 0.598437 0.548438 0.598437 0.55 0.596875 0.559375 0.596875 0.560938 0.595313 0.564063 0.595313 0.565625 0.59375 0.56875 0.59375 0.570313 0.592188 0.573438 0.592188 0.575 0.590625 0.579688 0.590625 0.58125 0.589063 0.584375 0.589063 0.5875 0.585938 0.590625 0.585938 0.592188 0.584375 0.59375 0.584375 0.595313 0.582813 0.596875 0.582813 0.596875 0.58125 0.6 0.578125 0.601562 0.578125 0.603125 0.576563 0.603125 0.573438 0.604688 0.571875 0.604688 0.567188 0.603125 0.565625 0.596875 0.571875 0.595313 0.571875 0.590625 0.576563 0.5875 0.576563 0.585938 0.578125 0.584375 0.578125 0.582813 0.579688 0.58125 0.579688 0.579688 0.58125 0.575 0.58125 0.573438 0.582813 0.564063 0.582813 0.5625 0.584375 0.553125 0.584375 0.551563 0.585938 0.545313 0.585938 0.54375 0.5875 0.523438 0.5875 0.521875 0.589063 0.507812 0.589063 0.50625 0.5875 0.4875 0.5875 0.485938 0.585938 0.464063 0.585938 0.4625 0.584375 0.457813 0.584375 0.45625 0.582813 0.45 0.582813 0.448438 0.58125 0.44375 0.58125 0.439063 0.576563 0.4375 0.576563 0.435938 0.575 0.432813 0.575 0.429688 0.571875 0.429688 0.567188 0.818486
0 0.682813 0.496875 0.682813 0.498438 0.68125 0.5 0.68125 0.503125 0.685938 0.507812 0.685938 0.509375 0.689063 0.5125 0.690625 0.5125 0.695312 0.517188 0.698438 0.517188 0.7 0.51875 0.701563 0.51875 0.703125 0.520313 0.704688 0.520313 0.70625 0.521875 0.709375 0.521875 0.710938 0.523438 0.7125 0.523438 0.714063 0.525 0.715625 0.525 0.717188 0.526563 0.723438 0.526563 0.725 0.528125 0.729688 0.528125 0.73125 0.529688 0.734375 0.529688 0.735938 0.53125 0.7375 0.53125 0.740625 0.534375 0.740625 0.535938 0.7375 0.539063 0.779688 0.539063 0.78125 0.5375 0.835938 0.5375 0.8375 0.535938 0.846875 0.535938 0.848438 0.534375 0.857813 0.534375 0.859375 0.532813 0.8625 0.532813 0.864063 0.53125 0.865625 0.53125 0.86875 0.528125 0.873438 0.528125 0.875 0.526563 0.876563 0.526563 0.876563 0.525 0.88125 0.520313 0.88125 0.51875 0.882812 0.517188 0.882812 0.515625 0.884375 0.514063 0.884375 0.507812 0.882812 0.507812 0.882812 0.509375 0.879688 0.5125 0.878125 0.5125 0.873438 0.517188 0.871875 0.517188 0.870313 0.51875 0.867188 0.51875 0.865625 0.520313 0.860938 0.520313 0.859375 0.521875 0.857813 0.521875 0.85625 0.523438 0.851562 0.523438 0.85 0.525 0.846875 0.525 0.845313 0.526563 0.771875 0.526563 0.770313 0.525 0.760938 0.525 0.759375 0.523438 0.746875 0.523438 0.745313 0.521875 0.7375 0.521875 0.735938 0.520313 0.73125 0.520313 0.729688 0.51875 0.726562 0.51875 0.725 0.517188 0.721875 0.517188 0.720313 0.515625 0.714063 0.515625 0.7125 0.514063 0.707813 0.514063 0.70625 0.5125 0.704688 0.5125 0.703125 0.510938 0.7 0.510938 0.698438 0.509375 0.696875 0.509375 0.695312 0.507812 0.69375 0.507812 0.689063 0.503125 0.6875 0.503125 0.682813 0.498438 0.809803
0 0.382812 0.520313 0.38125 0.521875 0.379688 0.521875 0.378125 0.523438 0.376563 0.523438 0.36875 0.53125 0.367188 0.53125 0.3625 0.535938 0.360938 0.535938 0.359375 0.5375 0.35625 0.5375 0.354688 0.539063 0.353125 0.539063 0.35 0.542188 0.346875 0.542188 0.345313 0.54375 0.342188 0.54375 0.340625 0.545313 0.3375 0.545313 0.335938 0.546875 0.33125 0.546875 0.329688 0.548438 0.325 0.548438 0.323438 0.55 0.31875 0.55 0.317188 0.551563 0.309375 0.551563 0.307813 0.553125 0.278125 0.553125 0.276563 0.554688 0.240625 0.554688 0.239063 0.553125 0.234375 0.553125 0.232813 0.551563 0.226562 0.551563 0.225 0.55 0.21875 0.55 0.217188 0.548438 0.209375 0.548438 0.20625 0.545313 0.20625 0.540625 0.203125 0.540625 0.201563 0.539063 0.196875 0.539063 0.195312 0.5375 0.19375 0.5375 0.190625 0.534375 0.189063 0.534375 0.1875 0.532813 0.185938 0.532813 0.18125 0.528125 0.18125 0.540625 0.1875 0.546875 0.189063 0.546875 0.190625 0.548438 0.192188 0.548438 0.19375 0.55 0.19375 0.551563 0.195312 0.551563 0.196875 0.553125 0.2 0.553125 0.201563 0.554688 0.203125 0.554688 0.204688 0.55625 0.20625 0.55625 0.207813 0.557813 0.209375 0.557813 0.210938 0.559375 0.21875 0.559375 0.220313 0.560938 0.225 0.560938 0.226562 0.5625 0.232813 0.5625 0.234375 0.564063 0.239063 0.564063 0.240625 0.565625 0.2875 0.565625 0.289063 0.564063 0.303125 0.564063 0.304688 0.5625 0.3125 0.5625 0.314063 0.560938 0.31875 0.560938 0.320312 0.559375 0.326563 0.559375 0.328125 0.557813 0.334375 0.557813 0.335938 0.55625 0.340625 0.55625 0.342188 0.554688 0.34375 0.554688 0.345313 0.553125 0.35 0.553125 0.351562 0.551563 0.354688 0.551563 0.35625 0.55 0.359375 0.55 0.360938 0.548438 0.3625 0.548438 0.365625 0.545313 0.367188 0.545313 0.36875 0.54375 0.370313 0.54375 0.371875 0.542188 0.373438 0.542188 0.375 0.540625 0.375 0.539063 0.378125 0.535938 0.379688 0.535938 0.38125 0.534375 0.38125 0.532813 0.382812 0.53125 0.807606
0 0.390625 0.567188 0.384375 0.573438 0.382812 0.573438 0.375 0.58125 0.373438 0.58125 0.370313 0.584375 0.36875 0.584375 0.367188 0.585938 0.365625 0.585938 0.364063 0.5875 0.3625 0.5875 0.360938 0.589063 0.359375 0.589063 0.357813 0.590625 0.353125 0.590625 0.351562 0.592188 0.35 0.592188 0.348438 0.59375 0.346875 0.59375 0.345313 0.595313 0.340625 0.595313 0.339063 0.596875 0.328125 0.596875 0.326563 0.598437 0.321875 0.598437 0.320312 0.6 0.314063 0.6 0.3125 0.601562 0.301563 0.601562 0.3 0.603125 0.25625 0.603125 0.254688 0.601562 0.242188 0.601562 0.240625 0.6 0.23125 0.6 0.229688 0.598437 0.223438 0.598437 0.221875 0.596875 0.217188 0.596875 0.215625 0.595313 0.2125 0.595313 0.210938 0.59375 0.209375 0.59375 0.207813 0.592188 0.204688 0.592188 0.203125 0.590625 0.201563 0.590625 0.2 0.589063 0.198438 0.589063 0.195312 0.585938 0.192188 0.585938 0.192188 0.590625 0.19375 0.592188 0.19375 0.59375 0.198438 0.598437 0.2 0.598437 0.204688 0.603125 0.20625 0.603125 0.207813 0.604688 0.209375 0.604688 0.210938 0.60625 0.2125 0.60625 0.214063 0.607813 0.215625 0.607813 0.217188 0.609375 0.220313 0.609375 0.221875 0.610938 0.228125 0.610938 0.229688 0.6125 0.235938 0.6125 0.2375 0.614062 0.245313 0.614062 0.246875 0.615625 0.301563 0.615625 0.303125 0.614062 0.310937 0.614062 0.3125 0.6125 0.31875 0.6125 0.320312 0.610938 0.33125 0.610938 0.332813 0.609375 0.339063 0.609375 0.340625 0.607813 0.34375 0.607813 0.345313 0.60625 0.348438 0.60625 0.35 0.604688 0.354688 0.604688 0.35625 0.603125 0.359375 0.603125 0.360938 0.601562 0.3625 0.601562 0.364063 0.6 0.365625 0.6 0.367188 0.598437 0.36875 0.598437 0.370313 0.596875 0.371875 0.596875 0.375 0.59375 0.376563 0.59375 0.379688 0.590625 0.38125 0.590625 0.385938 0.585938 0.385938 0.584375 0.3875 0.582813 0.3875 0.58125 0.390625 0.578125 0.390625 0.576563 0.392188 0.575 0.392188 0.56875 0.770037
0 0.378125 0.5125 0.378125 0.514063 0.376563 0.515625 0.376563 0.517188 0.375 0.51875 0.373438 0.51875 0.371875 0.520313 0.36875 0.520313 0.364063 0.525 0.3625 0.525 0.360938 0.526563 0.357813 0.526563 0.35625 0.528125 0.353125 0.528125 0.35 0.53125 0.348438 0.53125 0.346875 0.532813 0.342188 0.532813 0.340625 0.534375 0.335938 0.534375 0.334375 0.535938 0.33125 0.535938 0.329688 0.5375 0.325 0.5375 0.323438 0.539063 0.315625 0.539063 0.314063 0.540625 0.28125 0.540625 0.279688 0.542188 0.24375 0.542188 0.242188 0.540625 0.221875 0.540625 0.220313 0.539063 0.2125 0.539063 0.210938 0.5375 0.20625 0.5375 0.201563 0.532813 0.2 0.532813 0.198438 0.53125 0.198438 0.528125 0.196875 0.528125 0.195312 0.526563 0.192188 0.526563 0.1875 0.521875 0.185938 0.521875 0.182813 0.51875 0.18125 0.51875 0.18125 0.53125 0.182813 0.532813 0.184375 0.532813 0.190625 0.539063 0.192188 0.539063 0.19375 0.540625 0.196875 0.540625 0.198438 0.542188 0.2 0.542188 0.203125 0.545313 0.204688 0.545313 0.20625 0.546875 0.2125 0.546875 0.214063 0.548438 0.220313 0.548438 0.221875 0.55 0.225 0.55 0.226562 0.551563 0.232813 0.551563 0.234375 0.553125 0.3 0.553125 0.301563 0.551563 0.309375 0.551563 0.310937 0.55 0.315625 0.55 0.317188 0.548438 0.321875 0.548438 0.323438 0.546875 0.329688 0.546875 0.33125 0.545313 0.335938 0.545313 0.3375 0.54375 0.340625 0.54375 0.342188 0.542188 0.34375 0.542188 0.345313 0.540625 0.35 0.540625 0.351562 0.539063 0.353125 0.539063 0.35625 0.535938 0.359375 0.535938 0.360938 0.534375 0.3625 0.534375 0.364063 0.532813 0.365625 0.532813 0.370313 0.528125 0.371875 0.528125 0.371875 0.526563 0.376563 0.521875 0.38125 0.521875 0.382812 0.520313 0.379688 0.517188 0.379688 0.515625 0.378125 0.514063 0.767647
0 0.682813 0.460938 0.682813 0.471875 0.6875 0.476562 0.6875 0.478125 0.689063 0.478125 0.690625 0.479688 0.692188 0.479688 0.69375 0.48125 0.695312 0.48125 0.696875 0.482813 0.698438 0.482813 0.7 0.484375 0.701563 0.484375 0.703125 0.485938 0.70625 0.485938 0.707813 0.4875 0.7125 0.4875 0.714063 0.489063 0.717188 0.489063 0.71875 0.490625 0.723438 0.490625 0.725 0.492188 0.728125 0.492188 0.729688 0.49375 0.74375 0.49375 0.745313 0.495313 0.751563 0.495313 0.753125 0.496875 0.757812 0.496875 0.759375 0.498438 0.79375 0.498438 0.795313 0.5 0.845313 0.5 0.846875 0.498438 0.854688 0.498438 0.85625 0.496875 0.860938 0.496875 0.8625 0.495313 0.864063 0.495313 0.865625 0.49375 0.870313 0.49375 0.871875 0.492188 0.876563 0.492188 0.878125 0.490625 0.879688 0.490625 0.88125 0.489063 0.882812 0.489063 0.882812 0.4875 0.8875 0.482813 0.8875 0.48125 0.889063 0.479688 0.889063 0.475 0.8875 0.476562 0.884375 0.476562 0.879688 0.48125 0.878125 0.48125 0.876563 0.482813 0.875 0.482813 0.873438 0.484375 0.864063 0.484375 0.8625 0.485938 0.854688 0.485938 0.853125 0.4875 0.846875 0.4875 0.845313 0.489063 0.825 0.489063 0.823438 0.490625 0.817188 0.490625 0.815625 0.489063 0.79375 0.489063 0.792188 0.4875 0.760938 0.4875 0.759375 0.485938 0.751563 0.485938 0.75 0.484375 0.746875 0.484375 0.745313 0.482813 0.7375 0.482813 0.735938 0.48125 0.726562 0.48125 0.725 0.479688 0.720313 0.479688 0.71875 0.478125 0.7125 0.478125 0.710938 0.476562 0.709375 0.476562 0.707813 0.475 0.70625 0.475 0.704688 0.473438 0.701563 0.473438 0.698438 0.470313 0.698438 0.46875 0.696875 0.467188 0.695312 0.467188 0.69375 0.465625 0.689063 0.465625 0.6875 0.464063 0.6875 0.460938 0.670977
0 0.68125 0.484375 0.68125 0.495313 0.682813 0.495313 0.685938 0.498438 0.685938 0.5 0.689063 0.503125 0.690625 0.503125 0.692188 0.504688 0.69375 0.504688 0.696875 0.507812 0.7 0.507812 0.701563 0.509375 0.704688 0.509375 0.70625 0.510938 0.707813 0.510938 0.709375 0.5125 0.7125 0.5125 0.714063 0.514063 0.720313 0.514063 0.721875 0.515625 0.726562 0.515625 0.728125 0.517188 0.73125 0.517188 0.732813 0.51875 0.735938 0.51875 0.7375 0.520313 0.740625 0.520313 0.742188 0.521875 0.746875 0.521875 0.748438 0.523438 0.773438 0.523438 0.775 0.525 0.789062 0.525 0.790625 0.526563 0.798438 0.526563 0.8 0.525 0.842188 0.525 0.84375 0.523438 0.85 0.523438 0.851562 0.521875 0.85625 0.521875 0.857813 0.520313 0.8625 0.520313 0.864063 0.51875 0.865625 0.51875 0.86875 0.515625 0.871875 0.515625 0.873438 0.514063 0.875 0.514063 0.879688 0.509375 0.88125 0.509375 0.882812 0.507812 0.882812 0.50625 0.885938 0.503125 0.885938 0.501563 0.890625 0.496875 0.890625 0.490625 0.889063 0.490625 0.884375 0.495313 0.882812 0.495313 0.88125 0.496875 0.879688 0.496875 0.879688 0.501563 0.876563 0.504688 0.875 0.504688 0.873438 0.50625 0.871875 0.50625 0.870313 0.507812 0.864063 0.507812 0.860938 0.510938 0.857813 0.510938 0.85625 0.5125 0.848438 0.5125 0.846875 0.514063 0.765625 0.514063 0.764063 0.5125 0.75625 0.5125 0.754688 0.510938 0.75 0.510938 0.748438 0.509375 0.739063 0.509375 0.7375 0.507812 0.726562 0.507812 0.725 0.50625 0.721875 0.50625 0.720313 0.504688 0.71875 0.504688 0.717188 0.503125 0.714063 0.503125 0.7125 0.501563 0.707813 0.501563 0.70625 0.5 0.703125 0.5 0.701563 0.498438 0.7 0.498438 0.696875 0.495313 0.695312 0.495313 0.692188 0.492188 0.690625 0.492188 0.685938 0.4875 0.685938 0.484375 0.605962
0 0.390625 0.564063 0.389063 0.565625 0.389063 0.567188 0.378125 0.578125 0.376563 0.578125 0.370313 0.584375 0.36875 0.584375 0.367188 0.585938 0.365625 0.585938 0.364063 0.5875 0.360938 0.5875 0.359375 0.589063 0.357813 0.589063 0.35625 0.590625 0.351562 0.590625 0.348438 0.59375 0.345313 0.59375 0.34375 0.595313 0.3375 0.595313 0.335938 0.596875 0.326563 0.596875 0.325 0.598437 0.321875 0.598437 0.320312 0.6 0.314063 0.6 0.3125 0.601562 0.3 0.601562 0.298438 0.603125 0.259375 0.603125 0.257812 0.601562 0.246875 0.601562 0.245313 0.6 0.235938 0.6 0.234375 0.598437 0.225 0.598437 0.223438 0.596875 0.21875 0.596875 0.217188 0.595313 0.214063 0.595313 0.2125 0.59375 0.210938 0.59375 0.209375 0.592188 0.20625 0.592188 0.204688 0.590625 0.203125 0.590625 0.201563 0.589063 0.2 0.589063 0.196875 0.585938 0.195312 0.585938 0.192188 0.582813 0.192188 0.590625 0.195312 0.59375 0.195312 0.595313 0.196875 0.596875 0.198438 0.596875 0.204688 0.603125 0.20625 0.603125 0.207813 0.604688 0.209375 0.604688 0.210938 0.60625 0.2125 0.60625 0.214063 0.607813 0.215625 0.607813 0.217188 0.609375 0.221875 0.609375 0.223438 0.610938 0.228125 0.610938 0.229688 0.6125 0.235938 0.6125 0.2375 0.614062 0.245313 0.614062 0.246875 0.615625 0.301563 0.615625 0.303125 0.614062 0.310937 0.614062 0.3125 0.6125 0.31875 0.6125 0.320312 0.610938 0.329688 0.610938 0.33125 0.609375 0.339063 0.609375 0.340625 0.607813 0.34375 0.607813 0.345313 0.60625 0.346875 0.60625 0.348438 0.604688 0.353125 0.604688 0.354688 0.603125 0.357813 0.603125 0.359375 0.601562 0.360938 0.601562 0.3625 0.6 0.364063 0.6 0.365625 0.598437 0.367188 0.598437 0.36875 0.596875 0.370313 0.596875 0.371875 0.595313 0.373438 0.595313 0.375 0.59375 0.376563 0.59375 0.38125 0.589063 0.382812 0.589063 0.382812 0.5875 0.3875 0.582813 0.3875 0.58125 0.389063 0.579688 0.389063 0.578125 0.390625 0.576563 0.523585
0 0.6 0.557813 0.595313 0.5625 0.59375 0.5625 0.592188 0.564063 0.590625 0.564063 0.585938 0.56875 0.584375 0.56875 0.582813 0.570313 0.578125 0.570313 0.576563 0.571875 0.575 0.571875 0.573438 0.573438 0.571875 0.573438 0.570313 0.575 0.567188 0.575 0.565625 0.576563 0.471875 0.576563 0.470313 0.575 0.460938 0.575 0.459375 0.573438 0.45625 0.573438 0.454688 0.571875 0.451563 0.571875 0.45 0.570313 0.440625 0.570313 0.439063 0.56875 0.4375 0.56875 0.434375 0.565625 0.432813 0.565625 0.43125 0.564063 0.43125 0.573438 0.432813 0.575 0.435938 0.575 0.4375 0.576563 0.439063 0.576563 0.440625 0.578125 0.442188 0.578125 0.44375 0.579688 0.446875 0.579688 0.448438 0.58125 0.451563 0.58125 0.453125 0.582813 0.45625 0.582813 0.457813 0.584375 0.459375 0.584375 0.460938 0.585938 0.467188 0.585938 0.46875 0.584375 0.484375 0.584375 0.485938 0.585938 0.504688 0.585938 0.50625 0.5875 0.529688 0.5875 0.53125 0.585938 0.553125 0.585938 0.554688 0.5875 0.570313 0.5875 0.56875 0.585938 0.56875 0.584375 0.571875 0.58125 0.573438 0.58125 0.575 0.579688 0.579688 0.579688 0.58125 0.578125 0.584375 0.578125 0.5875 0.575 0.589063 0.575 0.590625 0.573438 0.592188 0.573438 0.59375 0.571875 0.595313 0.571875 0.596875 0.570313 0.596875 0.56875 0.6 0.565625 0.506386
0 0.68125 0.471875 0.68125 0.476562 0.685938 0.48125 0.685938 0.482813 0.689063 0.485938 0.689063 0.4875 0.692188 0.490625 0.69375 0.490625 0.695312 0.492188 0.696875 0.492188 0.7 0.495313 0.701563 0.495313 0.703125 0.496875 0.707813 0.496875 0.709375 0.498438 0.7125 0.498438 0.714063 0.5 0.715625 0.5 0.717188 0.501563 0.720313 0.501563 0.721875 0.503125 0.728125 0.503125 0.729688 0.504688 0.734375 0.504688 0.735938 0.50625 0.745313 0.50625 0.746875 0.507812 0.751563 0.507812 0.753125 0.509375 0.760938 0.509375 0.7625 0.510938 0.776563 0.510938 0.778125 0.5125 0.8375 0.5125 0.839063 0.510938 0.85 0.510938 0.851562 0.509375 0.859375 0.509375 0.860938 0.507812 0.8625 0.507812 0.865625 0.504688 0.867188 0.504688 0.86875 0.503125 0.871875 0.503125 0.873438 0.501563 0.876563 0.501563 0.878125 0.5 0.878125 0.498438 0.882812 0.49375 0.884375 0.49375 0.8875 0.490625 0.889063 0.490625 0.889063 0.4875 0.890625 0.485938 0.890625 0.478125 0.889063 0.478125 0.889063 0.479688 0.8875 0.48125 0.885938 0.48125 0.884375 0.482813 0.88125 0.482813 0.879688 0.484375 0.878125 0.484375 0.86875 0.49375 0.865625 0.49375 0.8625 0.496875 0.860938 0.496875 0.859375 0.498438 0.85625 0.498438 0.854688 0.5 0.846875 0.5 0.845313 0.501563 0.771875 0.501563 0.770313 0.5 0.759375 0.5 0.757812 0.498438 0.753125 0.498438 0.751563 0.496875 0.748438 0.496875 0.746875 0.495313 0.732813 0.495313 0.73125 0.49375 0.729688 0.49375 0.728125 0.492188 0.726562 0.492188 0.725 0.490625 0.725 0.485938 0.726562 0.484375 0.71875 0.484375 0.717188 0.482813 0.714063 0.482813 0.7125 0.48125 0.710938 0.48125 0.709375 0.479688 0.707813 0.479688 0.70625 0.478125 0.7 0.478125 0.698438 0.476562 0.696875 0.476562 0.695312 0.475 0.69375 0.475 0.690625 0.471875 0.463042
0 0.889063 0.454688 0.890625 0.453125 0.890625 0.451563 0.889063 0.451563 0.889063 0.454688 0.889063 0.4625 0.885938 0.465625 0.884375 0.465625 0.882812 0.467188 0.88125 0.467188 0.879688 0.46875 0.878125 0.46875 0.876563 0.470313 0.870313 0.470313 0.86875 0.471875 0.865625 0.471875 0.864063 0.473438 0.857813 0.473438 0.85625 0.475 0.845313 0.475 0.84375 0.476562 0.834375 0.476562 0.832813 0.478125 0.814063 0.478125 0.8125 0.479688 0.80625 0.479688 0.804688 0.478125 0.782813 0.478125 0.78125 0.476562 0.76875 0.476562 0.767188 0.475 0.757812 0.475 0.75625 0.473438 0.745313 0.473438 0.74375 0.471875 0.7375 0.471875 0.735938 0.470313 0.728125 0.470313 0.726562 0.46875 0.721875 0.46875 0.720313 0.467188 0.717188 0.467188 0.715625 0.465625 0.7125 0.465625 0.710938 0.464063 0.704688 0.464063 0.703125 0.4625 0.7 0.4625 0.698438 0.460938 0.696875 0.460938 0.695312 0.459375 0.69375 0.459375 0.692188 0.457813 0.692188 0.45625 0.690625 0.45625 0.689063 0.454688 0.6875 0.454688 0.684375 0.451563 0.684375 0.464063 0.6875 0.467188 0.689063 0.467188 0.690625 0.46875 0.692188 0.46875 0.69375 0.470313 0.695312 0.470313 0.696875 0.471875 0.698438 0.471875 0.7 0.473438 0.703125 0.473438 0.704688 0.475 0.709375 0.475 0.710938 0.476562 0.714063 0.476562 0.715625 0.478125 0.71875 0.478125 0.720313 0.479688 0.725 0.479688 0.726562 0.48125 0.740625 0.48125 0.742188 0.482813 0.746875 0.482813 0.748438 0.484375 0.754688 0.484375 0.75625 0.485938 0.764063 0.485938 0.765625 0.4875 0.775 0.4875 0.776563 0.489063 0.778125 0.489063 0.779688 0.490625 0.778125 0.492188 0.775 0.492188 0.842188 0.492188 0.823438 0.492188 0.821875 0.490625 0.823438 0.489063 0.839063 0.489063 0.840625 0.4875 0.848438 0.4875 0.85 0.485938 0.85625 0.485938 0.857813 0.484375 0.864063 0.484375 0.865625 0.482813 0.873438 0.482813 0.875 0.48125 0.878125 0.48125 0.879688 0.479688 0.88125 0.479688 0.882812 0.478125 0.884375 0.478125 0.885938 0.476562 0.8875 0.476562 0.892188 0.471875 0.892188 0.465625 0.890625 0.464063 0.890625 0.4625 0.889063 0.4625 0.414254
0 0.684375 0.5125 0.684375 0.523438 0.6875 0.526563 0.6875 0.528125 0.689063 0.529688 0.689063 0.53125 0.692188 0.534375 0.69375 0.534375 0.7 0.540625 0.703125 0.540625 0.704688 0.542188 0.707813 0.542188 0.709375 0.54375 0.710938 0.54375 0.7125 0.545313 0.714063 0.545313 0.715625 0.546875 0.71875 0.546875 0.720313 0.548438 0.726562 0.548438 0.728125 0.55 0.73125 0.55 0.734375 0.553125 0.7375 0.553125 0.739063 0.554688 0.74375 0.554688 0.745313 0.55625 0.757812 0.55625 0.759375 0.557813 0.770313 0.557813 0.771875 0.559375 0.785938 0.559375 0.7875 0.560938 0.826563 0.560938 0.828125 0.559375 0.842188 0.559375 0.84375 0.557813 0.85 0.557813 0.851562 0.55625 0.85625 0.55625 0.857813 0.554688 0.8625 0.554688 0.864063 0.553125 0.867188 0.553125 0.871875 0.548438 0.873438 0.548438 0.875 0.546875 0.876563 0.546875 0.884375 0.539063 0.884375 0.534375 0.885938 0.532813 0.885938 0.53125 0.8875 0.529688 0.8875 0.526563 0.884375 0.526563 0.882812 0.528125 0.882812 0.53125 0.878125 0.535938 0.875 0.535938 0.86875 0.542188 0.867188 0.542188 0.865625 0.54375 0.8625 0.54375 0.860938 0.545313 0.857813 0.545313 0.85625 0.546875 0.848438 0.546875 0.846875 0.548438 0.835938 0.548438 0.834375 0.55 0.7875 0.55 0.785938 0.548438 0.773438 0.548438 0.771875 0.546875 0.760938 0.546875 0.759375 0.545313 0.742188 0.545313 0.740625 0.54375 0.7375 0.54375 0.735938 0.542188 0.734375 0.542188 0.732813 0.540625 0.729688 0.540625 0.728125 0.539063 0.721875 0.539063 0.720313 0.5375 0.71875 0.5375 0.717188 0.535938 0.715625 0.535938 0.714063 0.534375 0.7125 0.534375 0.710938 0.532813 0.709375 0.532813 0.707813 0.53125 0.704688 0.53125 0.703125 0.529688 0.701563 0.529688 0.696875 0.525 0.695312 0.525 0.690625 0.520313 0.689063 0.520313 0.6875 0.51875 0.6875 0.517188 0.685938 0.515625 0.685938 0.514063 0.311301
0 0.376563 0.495313 0.376563 0.496875 0.375 0.498438 0.375 0.501563 0.373438 0.503125 0.373438 0.504688 0.365625 0.5125 0.364063 0.5125 0.3625 0.514063 0.360938 0.514063 0.359375 0.515625 0.357813 0.515625 0.35625 0.517188 0.353125 0.517188 0.351562 0.51875 0.348438 0.51875 0.346875 0.520313 0.342188 0.520313 0.340625 0.521875 0.332813 0.521875 0.33125 0.523438 0.325 0.523438 0.323438 0.525 0.31875 0.525 0.317188 0.526563 0.30625 0.526563 0.304688 0.528125 0.275 0.528125 0.273438 0.529688 0.242188 0.529688 0.240625 0.528125 0.223438 0.528125 0.221875 0.526563 0.223438 0.525 0.223438 0.523438 0.225 0.521875 0.221875 0.521875 0.220313 0.520313 0.215625 0.520313 0.214063 0.51875 0.209375 0.51875 0.207813 0.517188 0.20625 0.517188 0.204688 0.515625 0.201563 0.515625 0.2 0.514063 0.198438 0.514063 0.196875 0.5125 0.19375 0.5125 0.190625 0.509375 0.1875 0.509375 0.18125 0.503125 0.18125 0.517188 0.182813 0.51875 0.182813 0.520313 0.184375 0.520313 0.185938 0.521875 0.1875 0.521875 0.189063 0.523438 0.189063 0.526563 0.192188 0.526563 0.19375 0.528125 0.196875 0.528125 0.198438 0.529688 0.2 0.529688 0.203125 0.532813 0.204688 0.532813 0.20625 0.534375 0.210938 0.534375 0.2125 0.535938 0.21875 0.535938 0.220313 0.5375 0.235938 0.5375 0.2375 0.539063 0.298438 0.539063 0.3 0.5375 0.31875 0.5375 0.320312 0.535938 0.325 0.535938 0.326563 0.534375 0.33125 0.534375 0.332813 0.532813 0.339063 0.532813 0.340625 0.53125 0.34375 0.53125 0.345313 0.529688 0.348438 0.529688 0.35 0.528125 0.353125 0.528125 0.354688 0.526563 0.35625 0.526563 0.357813 0.525 0.359375 0.525 0.360938 0.523438 0.3625 0.523438 0.364063 0.521875 0.365625 0.521875 0.36875 0.51875 0.370313 0.51875 0.371875 0.517188 0.375 0.517188 0.376563 0.515625 0.376563 0.514063 0.378125 0.5125 0.378125 0.510938 0.379688 0.509375 0.379688 0.501563 0.378125 0.5 0.378125 0.495313 0.252196
