0 0.482813 0.457813 0.476562 0.464063 0.475 0.464063 0.473438 0.465625 0.471875 0.465625 0.467188 0.470313 0.4625 0.470313 0.460938 0.471875 0.457813 0.471875 0.45625 0.473438 0.454688 0.473438 0.453125 0.475 0.451563 0.475 0.45 0.476562 0.445312 0.476562 0.44375 0.478125 0.439063 0.478125 0.4375 0.479688 0.432813 0.479688 0.43125 0.48125 0.425 0.48125 0.423438 0.482813 0.415625 0.482813 0.414062 0.484375 0.39375 0.484375 0.392188 0.485938 0.378125 0.485938 0.376563 0.4875 0.35 0.4875 0.348438 0.489063 0.329688 0.489063 0.328125 0.4875 0.3 0.4875 0.298438 0.485938 0.282813 0.485938 0.28125 0.484375 0.267188 0.484375 0.265625 0.482813 0.254688 0.482813 0.253125 0.48125 0.248438 0.48125 0.246875 0.479688 0.245313 0.479688 0.24375 0.478125 0.242188 0.478125 0.240625 0.476562 0.234375 0.476562 0.232813 0.475 0.23125 0.475 0.228125 0.471875 0.226562 0.471875 0.225 0.470313 0.223438 0.470313 0.221875 0.46875 0.221875 0.482813 0.228125 0.489063 0.23125 0.489063 0.232813 0.490625 0.235938 0.490625 0.2375 0.492188 0.239063 0.492188 0.240625 0.49375 0.242188 0.49375 0.24375 0.495313 0.25 0.495313 0.251563 0.496875 0.25625 0.496875 0.257812 0.498438 0.260938 0.498438 0.2625 0.5 0.26875 0.5 0.270313 0.501563 0.285938 0.501563 0.2875 0.503125 0.3 0.503125 0.301563 0.504688 0.317188 0.504688 0.31875 0.50625 0.346875 0.50625 0.348438 0.504688 0.365625 0.504688 0.367188 0.503125 0.385938 0.503125 0.3875 0.501563 0.404688 0.501563 0.40625 0.5 0.414062 0.5 0.415625 0.498438 0.41875 0.498438 0.420313 0.496875 0.426563 0.496875 0.428125 0.495313 0.439063 0.495313 0.440625 0.49375 0.44375 0.49375 0.445312 0.492188 0.448438 0.492188 0.45 0.490625 0.453125 0.490625 0.454688 0.489063 0.459375 0.489063 0.460938 0.4875 0.4625 0.4875 0.464063 0.485938 0.465625 0.485938 0.467188 0.484375 0.470313 0.484375 0.471875 0.482813 0.473438 0.482813 0.478125 0.478125 0.479688 0.478125 0.48125 0.476562 0.48125 0.475 0.482813 0.473438 0.484375 0.473438 0.485938 0.471875 0.485938 0.470313 0.4875 0.46875 0.4875 0.459375 0.485938 0.457813 0.918274
0 0.195312 0.3 0.19375 0.301563 0.19375 0.309375 0.196875 0.3125 0.196875 0.314063 0.198438 0.315625 0.198438 0.320312 0.2 0.320312 0.203125 0.323438 0.204688 0.323438 0.20625 0.325 0.207813 0.325 0.209375 0.326563 0.210938 0.326563 0.2125 0.328125 0.215625 0.328125 0.217188 0.329688 0.221875 0.329688 0.223438 0.33125 0.228125 0.33125 0.229688 0.332813 0.251563 0.332813 0.253125 0.334375 0.265625 0.334375 0.267188 0.335938 0.278125 0.335938 0.279688 0.3375 0.38125 0.3375 0.382812 0.335938 0.398438 0.335938 0.4 0.334375 0.414062 0.334375 0.415625 0.332813 0.439063 0.332813 0.440625 0.33125 0.45 0.33125 0.451563 0.329688 0.454688 0.329688 0.45625 0.328125 0.460938 0.328125 0.4625 0.326563 0.467188 0.326563 0.46875 0.325 0.470313 0.325 0.471875 0.323438 0.475 0.323438 0.479688 0.31875 0.479688 0.317188 0.48125 0.315625 0.48125 0.307813 0.479688 0.30625 0.475 0.30625 0.473438 0.307813 0.467188 0.307813 0.465625 0.309375 0.459375 0.309375 0.457813 0.310937 0.45625 0.310937 0.454688 0.3125 0.45 0.3125 0.448438 0.314063 0.428125 0.314063 0.426563 0.315625 0.38125 0.315625 0.379688 0.317188 0.367188 0.317188 0.365625 0.31875 0.273438 0.31875 0.271875 0.317188 0.257812 0.317188 0.25625 0.315625 0.248438 0.315625 0.246875 0.314063 0.232813 0.314063 0.23125 0.3125 0.223438 0.3125 0.221875 0.310937 0.215625 0.310937 0.214063 0.309375 0.2125 0.309375 0.210938 0.307813 0.207813 0.307813 0.20625 0.30625 0.201563 0.30625 0.917524
0 0.195312 0.275 0.19375 0.276563 0.1875 0.276563 0.1875 0.289063 0.189063 0.290625 0.189063 0.292188 0.192188 0.295313 0.192188 0.296875 0.19375 0.298438 0.19375 0.301563 0.196875 0.304688 0.198438 0.304688 0.2 0.30625 0.201563 0.30625 0.203125 0.307813 0.204688 0.307813 0.20625 0.309375 0.209375 0.309375 0.210938 0.310937 0.214063 0.310937 0.215625 0.3125 0.225 0.3125 0.226562 0.314063 0.239063 0.314063 0.240625 0.315625 0.259375 0.315625 0.260938 0.317188 0.28125 0.317188 0.282813 0.31875 0.354688 0.31875 0.35625 0.317188 0.370313 0.317188 0.371875 0.315625 0.403125 0.315625 0.404688 0.314063 0.426563 0.314063 0.428125 0.3125 0.442188 0.3125 0.44375 0.310937 0.453125 0.310937 0.454688 0.309375 0.459375 0.309375 0.460938 0.307813 0.465625 0.307813 0.467188 0.30625 0.473438 0.30625 0.475 0.304688 0.476562 0.304688 0.476562 0.2875 0.475 0.289063 0.471875 0.289063 0.470313 0.290625 0.46875 0.290625 0.467188 0.292188 0.4625 0.292188 0.460938 0.29375 0.453125 0.29375 0.451563 0.295313 0.434375 0.295313 0.432813 0.296875 0.395313 0.296875 0.39375 0.298438 0.375 0.298438 0.373438 0.3 0.348438 0.3 0.346875 0.298438 0.242188 0.298438 0.240625 0.296875 0.229688 0.296875 0.228125 0.295313 0.21875 0.295313 0.217188 0.29375 0.209375 0.29375 0.207813 0.292188 0.201563 0.292188 0.198438 0.289063 0.196875 0.289063 0.192188 0.284375 0.192188 0.282813 0.195312 0.279688 0.201563 0.279688 0.203125 0.278125 0.207813 0.278125 0.20625 0.276563 0.198438 0.276563 0.196875 0.275 0.878323
0 0.476562 0.365625 0.476562 0.371875 0.471875 0.376563 0.470313 0.376563 0.465625 0.38125 0.4625 0.38125 0.460938 0.382812 0.451563 0.382812 0.45 0.384375 0.445312 0.384375 0.44375 0.385938 0.440625 0.385938 0.439063 0.3875 0.43125 0.3875 0.429688 0.389063 0.4125 0.389063 0.410938 0.390625 0.4 0.390625 0.398438 0.392188 0.392188 0.392188 0.390625 0.39375 0.379688 0.39375 0.378125 0.395313 0.278125 0.395313 0.276563 0.39375 0.267188 0.39375 0.265625 0.392188 0.25625 0.392188 0.254688 0.390625 0.246875 0.390625 0.245313 0.389063 0.228125 0.389063 0.226562 0.3875 0.223438 0.3875 0.221875 0.385938 0.21875 0.385938 0.217188 0.384375 0.215625 0.384375 0.214063 0.382812 0.20625 0.382812 0.20625 0.39375 0.207813 0.395313 0.209375 0.395313 0.210938 0.396875 0.2125 0.396875 0.215625 0.4 0.217188 0.4 0.21875 0.401563 0.223438 0.401563 0.225 0.403125 0.229688 0.403125 0.23125 0.404688 0.235938 0.404688 0.2375 0.40625 0.245313 0.40625 0.246875 0.407813 0.259375 0.407813 0.260938 0.409375 0.273438 0.409375 0.275 0.410938 0.290625 0.410938 0.292188 0.4125 0.373438 0.4125 0.375 0.410938 0.390625 0.410938 0.392188 0.409375 0.404688 0.409375 0.40625 0.407813 0.423438 0.407813 0.425 0.40625 0.434375 0.40625 0.435938 0.404688 0.440625 0.404688 0.442188 0.403125 0.445312 0.403125 0.446875 0.401563 0.451563 0.401563 0.453125 0.4 0.457813 0.4 0.459375 0.398438 0.460938 0.398438 0.4625 0.396875 0.464063 0.396875 0.465625 0.395313 0.467188 0.395313 0.46875 0.39375 0.470313 0.39375 0.471875 0.392188 0.473438 0.392188 0.476562 0.389063 0.476562 0.3875 0.478125 0.385938 0.478125 0.367188 0.830313
0 0.582813 0.446875 0.58125 0.446875 0.579688 0.445312 0.576563 0.445312 0.576563 0.446875 0.58125 0.446875 0.582813 0.448438 0.582813 0.446875 0.601562 0.440625 0.535938 0.448438 0.534375 0.45 0.532813 0.448438 0.532813 0.44375 0.534375 0.442188 0.532813 0.454688 0.53125 0.45625 0.526563 0.45625 0.525 0.454688 0.520313 0.454688 0.51875 0.45625 0.509375 0.45625 0.507812 0.454688 0.50625 0.454688 0.504688 0.453125 0.504688 0.451563 0.503125 0.45 0.501563 0.45 0.496875 0.445312 0.496875 0.440625 0.496875 0.465625 0.498438 0.467188 0.498438 0.46875 0.5 0.470313 0.5 0.471875 0.50625 0.478125 0.507812 0.478125 0.509375 0.479688 0.5125 0.479688 0.514063 0.48125 0.517188 0.48125 0.51875 0.482813 0.520313 0.482813 0.521875 0.484375 0.523438 0.484375 0.525 0.485938 0.528125 0.485938 0.529688 0.4875 0.532813 0.4875 0.534375 0.489063 0.539063 0.489063 0.540625 0.490625 0.546875 0.490625 0.548438 0.492188 0.557813 0.492188 0.559375 0.49375 0.570313 0.49375 0.571875 0.495313 0.585938 0.495313 0.5875 0.496875 0.601562 0.496875 0.603125 0.498438 0.68125 0.498438 0.682813 0.496875 0.69375 0.496875 0.695312 0.495313 0.707813 0.495313 0.709375 0.49375 0.714063 0.49375 0.715625 0.492188 0.720313 0.492188 0.721875 0.490625 0.725 0.490625 0.726562 0.489063 0.729688 0.489063 0.73125 0.4875 0.732813 0.4875 0.734375 0.485938 0.735938 0.485938 0.7375 0.484375 0.740625 0.484375 0.74375 0.48125 0.745313 0.48125 0.75 0.476562 0.75 0.475 0.754688 0.470313 0.754688 0.467188 0.75625 0.465625 0.75625 0.459375 0.754688 0.457813 0.754688 0.454688 0.753125 0.453125 0.753125 0.451563 0.751563 0.451563 0.748438 0.448438 0.746875 0.448438 0.745313 0.446875 0.742188 0.446875 0.740625 0.445312 0.734375 0.445312 0.732813 0.44375 0.729688 0.44375 0.728125 0.442188 0.723438 0.442188 0.721875 0.440625 0.71875 0.440625 0.717188 0.442188 0.7125 0.442188 0.710938 0.44375 0.7 0.44375 0.698438 0.442188 0.696875 0.442188 0.695312 0.440625 0.68125 0.440625 0.679688 0.439063 0.66875 0.439063 0.667188 0.4375 0.620313 0.4375 0.61875 0.439063 0.61875 0.440625 0.620313 0.442188 0.620313 0.44375 0.621875 0.445312 0.621875 0.446875 0.617188 0.451563 0.621875 0.45625 0.621875 0.459375 0.61875 0.4625 0.614062 0.4625 0.6125 0.464063 0.60625 0.464063 0.604688 0.4625 0.592188 0.4625 0.590625 0.464063 0.582813 0.464063 0.58125 0.4625 0.573438 0.4625 0.570313 0.459375 0.56875 0.459375 0.567188 0.457813 0.564063 0.457813 0.5625 0.459375 0.5625 0.4625 0.560938 0.464063 0.546875 0.464063 0.545313 0.4625 0.542188 0.4625 0.540625 0.460938 0.5375 0.460938 0.534375 0.457813 0.534375 0.45625 0.532813 0.454688 0.534375 0.442188 0.534375 0.439063 0.545313 0.439063 0.546875 0.440625 0.546875 0.442188 0.540625 0.448438 0.535938 0.448438 0.601562 0.440625 0.609375 0.440625 0.609375 0.439063 0.601562 0.439063 0.601562 0.440625 0.775735
0 0.490625 0.46875 0.4875 0.471875 0.485938 0.471875 0.473438 0.484375 0.471875 0.484375 0.46875 0.4875 0.467188 0.4875 0.465625 0.489063 0.460938 0.489063 0.459375 0.490625 0.457813 0.490625 0.45625 0.492188 0.451563 0.492188 0.45 0.49375 0.448438 0.49375 0.446875 0.495313 0.44375 0.495313 0.442188 0.496875 0.432813 0.496875 0.43125 0.498438 0.425 0.498438 0.423438 0.5 0.417188 0.5 0.415625 0.501563 0.40625 0.501563 0.404688 0.503125 0.390625 0.503125 0.389063 0.504688 0.376563 0.504688 0.375 0.50625 0.35625 0.50625 0.354688 0.507812 0.309375 0.507812 0.307813 0.50625 0.296875 0.50625 0.295313 0.504688 0.285938 0.504688 0.284375 0.503125 0.271875 0.503125 0.270313 0.501563 0.260938 0.501563 0.259375 0.5 0.254688 0.5 0.253125 0.498438 0.248438 0.498438 0.246875 0.496875 0.242188 0.496875 0.240625 0.495313 0.235938 0.495313 0.234375 0.49375 0.232813 0.49375 0.23125 0.492188 0.229688 0.492188 0.228125 0.490625 0.226562 0.490625 0.225 0.489063 0.223438 0.489063 0.21875 0.484375 0.21875 0.496875 0.220313 0.498438 0.220313 0.5 0.223438 0.503125 0.225 0.503125 0.228125 0.50625 0.229688 0.50625 0.23125 0.507812 0.232813 0.507812 0.234375 0.509375 0.235938 0.509375 0.2375 0.510938 0.239063 0.510938 0.240625 0.5125 0.24375 0.5125 0.245313 0.514063 0.248438 0.514063 0.25 0.515625 0.253125 0.515625 0.254688 0.517188 0.259375 0.517188 0.260938 0.51875 0.265625 0.51875 0.267188 0.520313 0.273438 0.520313 0.275 0.521875 0.285938 0.521875 0.2875 0.523438 0.375 0.523438 0.376563 0.521875 0.392188 0.521875 0.39375 0.520313 0.404688 0.520313 0.40625 0.51875 0.415625 0.51875 0.417188 0.517188 0.423438 0.517188 0.425 0.515625 0.43125 0.515625 0.432813 0.514063 0.435938 0.514063 0.4375 0.5125 0.440625 0.5125 0.442188 0.510938 0.446875 0.510938 0.448438 0.509375 0.454688 0.509375 0.45625 0.507812 0.459375 0.507812 0.460938 0.50625 0.4625 0.50625 0.464063 0.504688 0.467188 0.504688 0.46875 0.503125 0.470313 0.503125 0.473438 0.5 0.475 0.5 0.478125 0.496875 0.479688 0.496875 0.485938 0.490625 0.485938 0.489063 0.4875 0.4875 0.4875 0.485938 0.489063 0.484375 0.490625 0.484375 0.737014
0 0.4875 0.465625 0.482813 0.470313 0.482813 0.471875 0.48125 0.473438 0.48125 0.475 0.471875 0.484375 0.470313 0.484375 0.46875 0.485938 0.467188 0.485938 0.465625 0.4875 0.4625 0.4875 0.460938 0.489063 0.459375 0.489063 0.457813 0.490625 0.453125 0.490625 0.451563 0.492188 0.448438 0.492188 0.446875 0.49375 0.445312 0.49375 0.44375 0.495313 0.439063 0.495313 0.4375 0.496875 0.428125 0.496875 0.426563 0.498438 0.420313 0.498438 0.41875 0.5 0.4125 0.5 0.410938 0.501563 0.4 0.501563 0.398438 0.503125 0.3875 0.503125 0.385938 0.504688 0.370313 0.504688 0.36875 0.50625 0.34375 0.50625 0.342188 0.507812 0.31875 0.507812 0.317188 0.50625 0.3 0.50625 0.298438 0.504688 0.289063 0.504688 0.2875 0.503125 0.275 0.503125 0.273438 0.501563 0.264063 0.501563 0.2625 0.5 0.259375 0.5 0.257812 0.498438 0.253125 0.498438 0.251563 0.496875 0.245313 0.496875 0.24375 0.495313 0.242188 0.495313 0.240625 0.49375 0.2375 0.49375 0.235938 0.492188 0.232813 0.492188 0.23125 0.490625 0.228125 0.490625 0.225 0.4875 0.223438 0.4875 0.217188 0.48125 0.217188 0.478125 0.215625 0.476562 0.215625 0.473438 0.215625 0.489063 0.220313 0.49375 0.220313 0.495313 0.221875 0.496875 0.221875 0.498438 0.228125 0.504688 0.229688 0.504688 0.23125 0.50625 0.232813 0.50625 0.235938 0.509375 0.2375 0.509375 0.239063 0.510938 0.242188 0.510938 0.24375 0.5125 0.245313 0.5125 0.246875 0.514063 0.248438 0.514063 0.25 0.515625 0.254688 0.515625 0.25625 0.517188 0.260938 0.517188 0.2625 0.51875 0.267188 0.51875 0.26875 0.520313 0.275 0.520313 0.276563 0.521875 0.289063 0.521875 0.290625 0.523438 0.375 0.523438 0.376563 0.521875 0.392188 0.521875 0.39375 0.520313 0.404688 0.520313 0.40625 0.51875 0.414062 0.51875 0.415625 0.517188 0.421875 0.517188 0.423438 0.515625 0.429688 0.515625 0.43125 0.514063 0.435938 0.514063 0.4375 0.5125 0.440625 0.5125 0.442188 0.510938 0.445312 0.510938 0.446875 0.509375 0.453125 0.509375 0.454688 0.507812 0.457813 0.507812 0.459375 0.50625 0.460938 0.50625 0.4625 0.504688 0.465625 0.504688 0.467188 0.503125 0.46875 0.503125 0.470313 0.501563 0.471875 0.501563 0.476562 0.496875 0.478125 0.496875 0.48125 0.49375 0.48125 0.492188 0.485938 0.4875 0.485938 0.485938 0.4875 0.484375 0.734535
0 0.209375 0.421875 0.209375 0.434375 0.210938 0.434375 0.2125 0.435938 0.2125 0.4375 0.214063 0.439063 0.214063 0.440625 0.217188 0.44375 0.217188 0.445312 0.225 0.453125 0.228125 0.453125 0.229688 0.454688 0.232813 0.454688 0.234375 0.45625 0.235938 0.45625 0.2375 0.457813 0.240625 0.457813 0.242188 0.459375 0.246875 0.459375 0.248438 0.460938 0.253125 0.460938 0.254688 0.4625 0.264063 0.4625 0.265625 0.464063 0.275 0.464063 0.276563 0.465625 0.2875 0.465625 0.289063 0.467188 0.382812 0.467188 0.384375 0.465625 0.4 0.465625 0.401563 0.464063 0.414062 0.464063 0.415625 0.4625 0.423438 0.4625 0.425 0.460938 0.429688 0.460938 0.43125 0.459375 0.4375 0.459375 0.439063 0.457813 0.445312 0.457813 0.446875 0.45625 0.451563 0.45625 0.453125 0.454688 0.45625 0.454688 0.457813 0.453125 0.460938 0.453125 0.4625 0.451563 0.464063 0.451563 0.465625 0.45 0.467188 0.45 0.46875 0.448438 0.470313 0.448438 0.471875 0.446875 0.473438 0.446875 0.478125 0.442188 0.479688 0.442188 0.482813 0.439063 0.482813 0.425 0.478125 0.425 0.476562 0.426563 0.476562 0.428125 0.473438 0.43125 0.471875 0.43125 0.470313 0.432813 0.467188 0.432813 0.465625 0.434375 0.464063 0.434375 0.4625 0.435938 0.460938 0.435938 0.459375 0.4375 0.45625 0.4375 0.454688 0.439063 0.451563 0.439063 0.45 0.440625 0.445312 0.440625 0.44375 0.442188 0.4375 0.442188 0.435938 0.44375 0.429688 0.44375 0.428125 0.445312 0.414062 0.445312 0.4125 0.446875 0.401563 0.446875 0.4 0.448438 0.392188 0.448438 0.390625 0.45 0.35625 0.45 0.354688 0.451563 0.290625 0.451563 0.289063 0.45 0.276563 0.45 0.275 0.448438 0.26875 0.448438 0.267188 0.446875 0.259375 0.446875 0.257812 0.445312 0.24375 0.445312 0.242188 0.44375 0.239063 0.44375 0.2375 0.442188 0.232813 0.442188 0.23125 0.440625 0.229688 0.440625 0.228125 0.439063 0.223438 0.439063 0.221875 0.4375 0.220313 0.4375 0.214063 0.43125 0.2125 0.43125 0.209375 0.428125 0.693294
0 0.476562 0.389063 0.476562 0.392188 0.473438 0.395313 0.471875 0.395313 0.470313 0.396875 0.46875 0.396875 0.467188 0.398438 0.465625 0.398438 0.4625 0.401563 0.459375 0.401563 0.457813 0.403125 0.45 0.403125 0.448438 0.404688 0.445312 0.404688 0.44375 0.40625 0.4375 0.40625 0.435938 0.407813 0.425 0.407813 0.423438 0.409375 0.4125 0.409375 0.410938 0.410938 0.398438 0.410938 0.396875 0.4125 0.382812 0.4125 0.38125 0.414062 0.282813 0.414062 0.28125 0.4125 0.26875 0.4125 0.267188 0.410938 0.257812 0.410938 0.25625 0.409375 0.245313 0.409375 0.24375 0.407813 0.229688 0.407813 0.228125 0.40625 0.225 0.40625 0.225 0.421875 0.229688 0.421875 0.23125 0.423438 0.2375 0.423438 0.239063 0.425 0.246875 0.425 0.248438 0.426563 0.253125 0.426563 0.254688 0.428125 0.264063 0.428125 0.265625 0.429688 0.301563 0.429688 0.303125 0.43125 0.379688 0.43125 0.38125 0.429688 0.39375 0.429688 0.395313 0.428125 0.404688 0.428125 0.40625 0.426563 0.415625 0.426563 0.417188 0.425 0.429688 0.425 0.43125 0.423438 0.4375 0.423438 0.439063 0.421875 0.44375 0.421875 0.445312 0.420313 0.45 0.420313 0.451563 0.41875 0.454688 0.41875 0.45625 0.417188 0.459375 0.417188 0.460938 0.415625 0.464063 0.415625 0.465625 0.414062 0.46875 0.414062 0.470313 0.4125 0.471875 0.4125 0.473438 0.410938 0.475 0.410938 0.478125 0.407813 0.478125 0.4 0.479688 0.398438 0.479688 0.395313 0.478125 0.39375 0.478125 0.389063 0.515013
0 0.754688 0.475 0.753125 0.475 0.751563 0.476562 0.751563 0.478125 0.745313 0.484375 0.74375 0.484375 0.742188 0.485938 0.740625 0.485938 0.739063 0.4875 0.7375 0.4875 0.735938 0.489063 0.732813 0.489063 0.73125 0.490625 0.729688 0.490625 0.728125 0.492188 0.726562 0.492188 0.725 0.49375 0.71875 0.49375 0.717188 0.495313 0.710938 0.495313 0.709375 0.496875 0.7 0.496875 0.698438 0.498438 0.684375 0.498438 0.682813 0.5 0.660938 0.5 0.659375 0.501563 0.617188 0.501563 0.615625 0.5 0.595313 0.5 0.59375 0.498438 0.584375 0.498438 0.582813 0.496875 0.571875 0.496875 0.570313 0.495313 0.55625 0.495313 0.554688 0.49375 0.545313 0.49375 0.54375 0.492188 0.539063 0.492188 0.5375 0.490625 0.532813 0.490625 0.53125 0.489063 0.526563 0.489063 0.525 0.4875 0.523438 0.4875 0.521875 0.485938 0.520313 0.485938 0.51875 0.484375 0.515625 0.484375 0.514063 0.482813 0.510938 0.482813 0.509375 0.48125 0.50625 0.48125 0.501563 0.476562 0.5 0.476562 0.498438 0.475 0.498438 0.490625 0.5 0.490625 0.501563 0.492188 0.503125 0.492188 0.50625 0.495313 0.507812 0.495313 0.509375 0.496875 0.5125 0.496875 0.514063 0.498438 0.515625 0.498438 0.517188 0.5 0.51875 0.5 0.520313 0.501563 0.523438 0.501563 0.525 0.503125 0.528125 0.503125 0.529688 0.504688 0.53125 0.504688 0.532813 0.50625 0.535938 0.50625 0.5375 0.507812 0.539063 0.507812 0.540625 0.509375 0.546875 0.509375 0.548438 0.510938 0.55625 0.510938 0.557813 0.5125 0.564063 0.5125 0.565625 0.514063 0.571875 0.514063 0.573438 0.515625 0.58125 0.515625 0.582813 0.517188 0.592188 0.517188 0.59375 0.51875 0.610938 0.51875 0.6125 0.520313 0.654688 0.520313 0.65625 0.51875 0.670313 0.51875 0.671875 0.517188 0.684375 0.517188 0.685938 0.515625 0.695312 0.515625 0.696875 0.514063 0.701563 0.514063 0.703125 0.5125 0.709375 0.5125 0.710938 0.510938 0.717188 0.510938 0.71875 0.509375 0.723438 0.509375 0.725 0.507812 0.728125 0.507812 0.729688 0.50625 0.732813 0.50625 0.734375 0.504688 0.7375 0.504688 0.739063 0.503125 0.742188 0.503125 0.74375 0.501563 0.745313 0.501563 0.75 0.496875 0.751563 0.496875 0.753125 0.495313 0.753125 0.49375 0.754688 0.492188 0.754688 0.490625 0.75625 0.489063 0.75625 0.476562 0.754688 0.475 0.757812 0.465625 0.757812 0.464063 0.757812 0.465625 0.493665
0 0.478125 0.392188 0.475 0.395313 0.473438 0.395313 0.471875 0.396875 0.470313 0.396875 0.46875 0.398438 0.467188 0.398438 0.464063 0.401563 0.460938 0.401563 0.459375 0.403125 0.451563 0.403125 0.45 0.404688 0.446875 0.404688 0.445312 0.40625 0.44375 0.40625 0.442188 0.407813 0.4375 0.407813 0.435938 0.409375 0.41875 0.409375 0.417188 0.410938 0.407813 0.410938 0.40625 0.4125 0.396875 0.4125 0.395313 0.414062 0.379688 0.414062 0.378125 0.415625 0.296875 0.415625 0.295313 0.414062 0.271875 0.414062 0.270313 0.4125 0.2625 0.4125 0.260938 0.410938 0.254688 0.410938 0.253125 0.409375 0.235938 0.409375 0.234375 0.407813 0.228125 0.407813 0.226562 0.40625 0.223438 0.40625 0.221875 0.404688 0.220313 0.404688 0.21875 0.403125 0.214063 0.403125 0.2125 0.401563 0.210938 0.401563 0.210938 0.417188 0.214063 0.417188 0.215625 0.41875 0.217188 0.41875 0.21875 0.420313 0.220313 0.420313 0.221875 0.421875 0.226562 0.421875 0.228125 0.423438 0.23125 0.423438 0.232813 0.425 0.240625 0.425 0.242188 0.426563 0.248438 0.426563 0.25 0.428125 0.259375 0.428125 0.260938 0.429688 0.267188 0.429688 0.26875 0.43125 0.307813 0.43125 0.309375 0.432813 0.346875 0.432813 0.348438 0.43125 0.390625 0.43125 0.392188 0.429688 0.401563 0.429688 0.403125 0.428125 0.41875 0.428125 0.420313 0.426563 0.43125 0.426563 0.432813 0.425 0.4375 0.425 0.439063 0.423438 0.44375 0.423438 0.445312 0.421875 0.451563 0.421875 0.453125 0.420313 0.457813 0.420313 0.459375 0.41875 0.460938 0.41875 0.4625 0.417188 0.465625 0.417188 0.467188 0.415625 0.471875 0.415625 0.475 0.4125 0.476562 0.4125 0.478125 0.410938 0.301962
0 0.496875 0.264063 0.495313 0.265625 0.489063 0.265625 0.4875 0.267188 0.478125 0.267188 0.476562 0.26875 0.473438 0.26875 0.471875 0.270313 0.464063 0.270313 0.4625 0.271875 0.453125 0.271875 0.451563 0.273438 0.440625 0.273438 0.439063 0.275 0.43125 0.275 0.429688 0.276563 0.395313 0.276563 0.39375 0.278125 0.260938 0.278125 0.259375 0.276563 0.248438 0.276563 0.248438 0.296875 0.385938 0.296875 0.3875 0.295313 0.435938 0.295313 0.4375 0.29375 0.45 0.29375 0.451563 0.292188 0.459375 0.292188 0.460938 0.290625 0.465625 0.290625 0.467188 0.289063 0.471875 0.289063 0.473438 0.2875 0.475 0.2875 0.476562 0.285938 0.478125 0.285938 0.479688 0.284375 0.482813 0.284375 0.484375 0.282813 0.484375 0.28125 0.4875 0.278125 0.4875 0.276563 0.489063 0.275 0.492188 0.275 0.49375 0.276563 0.49375 0.278125 0.495313 0.278125 0.498438 0.28125 0.5 0.28125 0.501563 0.282813 0.503125 0.282813 0.503125 0.264063 0.268423
