0 0.477083 0.18125 0.475 0.182812 0.472917 0.182812 0.470833 0.184375 0.466667 0.184375 0.464583 0.185937 0.4625 0.185937 0.460417 0.1875 0.458333 0.1875 0.45625 0.189062 0.454167 0.189062 0.45 0.192187 0.447917 0.192187 0.445833 0.19375 0.44375 0.19375 0.429167 0.204687 0.429167 0.20625 0.425 0.209375 0.425 0.210938 0.422917 0.2125 0.422917 0.234375 0.425 0.235937 0.425 0.239062 0.427083 0.240625 0.427083 0.242187 0.43125 0.245312 0.43125 0.246875 0.435417 0.25 0.435417 0.251563 0.445833 0.259375 0.447917 0.259375 0.454167 0.264062 0.45625 0.264062 0.460417 0.267187 0.464583 0.267187 0.466667 0.26875 0.46875 0.26875 0.470833 0.270312 0.472917 0.270312 0.475 0.271875 0.479167 0.271875 0.48125 0.273438 0.491667 0.273438 0.49375 0.275 0.50625 0.275 0.508333 0.276562 0.541667 0.276562 0.54375 0.275 0.55625 0.275 0.558333 0.273438 0.566667 0.273438 0.56875 0.271875 0.572917 0.271875 0.575 0.270312 0.577083 0.270312 0.579167 0.26875 0.583333 0.26875 0.585417 0.267187 0.589583 0.267187 0.595833 0.2625 0.597917 0.2625 0.604167 0.257812 0.60625 0.257812 0.608333 0.25625 0.608333 0.254688 0.614583 0.25 0.614583 0.248437 0.61875 0.245312 0.61875 0.24375 0.620833 0.242187 0.620833 0.223437 0.61875 0.221875 0.61875 0.21875 0.616667 0.217187 0.616667 0.214062 0.6125 0.210938 0.6125 0.209375 0.595833 0.196875 0.59375 0.196875 0.589583 0.19375 0.5875 0.19375 0.585417 0.192187 0.583333 0.192187 0.58125 0.190625 0.579167 0.190625 0.577083 0.189062 0.575 0.189062 0.572917 0.1875 0.570833 0.1875 0.56875 0.185937 0.564583 0.185937 0.5625 0.184375 0.560417 0.184375 0.558333 0.182812 0.554167 0.182812 0.552083 0.18125 0.981782
0 0.4125 0.278125 0.410417 0.279687 0.410417 0.28125 0.408333 0.282812 0.408333 0.30625 0.410417 0.30625 0.4125 0.307812 0.4125 0.309375 0.414583 0.310937 0.414583 0.314062 0.416667 0.315625 0.416667 0.317187 0.41875 0.31875 0.41875 0.320312 0.425 0.325 0.425 0.326562 0.435417 0.334375 0.4375 0.334375 0.439583 0.335938 0.441667 0.335938 0.447917 0.340625 0.452083 0.340625 0.454167 0.342187 0.458333 0.342187 0.460417 0.34375 0.464583 0.34375 0.466667 0.345312 0.46875 0.345312 0.470833 0.346875 0.479167 0.346875 0.48125 0.348437 0.5 0.348437 0.502083 0.35 0.514583 0.35 0.516667 0.348437 0.535417 0.348437 0.5375 0.346875 0.545833 0.346875 0.547917 0.345312 0.55 0.345312 0.552083 0.34375 0.554167 0.34375 0.55625 0.342187 0.5625 0.342187 0.564583 0.340625 0.566667 0.340625 0.570833 0.3375 0.572917 0.3375 0.575 0.335938 0.577083 0.335938 0.5875 0.328125 0.589583 0.328125 0.589583 0.326562 0.591667 0.325 0.591667 0.323437 0.595833 0.320312 0.595833 0.31875 0.602083 0.314062 0.602083 0.3125 0.604167 0.310937 0.604167 0.3 0.602083 0.3 0.602083 0.303125 0.6 0.304688 0.6 0.307812 0.59375 0.3125 0.59375 0.314062 0.591667 0.315625 0.591667 0.317187 0.5875 0.320312 0.585417 0.320312 0.579167 0.325 0.577083 0.325 0.570833 0.329687 0.56875 0.329687 0.566667 0.33125 0.5625 0.33125 0.560417 0.332812 0.558333 0.332812 0.55625 0.334375 0.554167 0.334375 0.552083 0.335938 0.547917 0.335938 0.545833 0.3375 0.522917 0.3375 0.520833 0.339062 0.510417 0.339062 0.508333 0.3375 0.483333 0.3375 0.48125 0.335938 0.475 0.335938 0.472917 0.334375 0.470833 0.334375 0.46875 0.332812 0.466667 0.332812 0.464583 0.33125 0.460417 0.33125 0.458333 0.329687 0.45625 0.329687 0.452083 0.326562 0.45 0.326562 0.447917 0.325 0.445833 0.325 0.4375 0.31875 0.435417 0.31875 0.43125 0.315625 0.43125 0.314062 0.425 0.309375 0.425 0.307812 0.422917 0.30625 0.422917 0.304688 0.420833 0.303125 0.420833 0.301562 0.416667 0.298437 0.416667 0.285937 0.414583 0.284375 0.414583 0.279687 0.977355
0 0.41875 0.292187 0.41875 0.3 0.425 0.304688 0.425 0.30625 0.427083 0.307812 0.427083 0.309375 0.433333 0.314062 0.433333 0.315625 0.435417 0.317187 0.4375 0.317187 0.441667 0.320312 0.441667 0.321875 0.44375 0.321875 0.445833 0.323437 0.447917 0.323437 0.452083 0.326562 0.454167 0.326562 0.45625 0.328125 0.458333 0.328125 0.460417 0.329687 0.464583 0.329687 0.466667 0.33125 0.46875 0.33125 0.472917 0.334375 0.475 0.334375 0.477083 0.335938 0.491667 0.335938 0.49375 0.3375 0.529167 0.3375 0.53125 0.335938 0.547917 0.335938 0.55 0.334375 0.554167 0.334375 0.560417 0.329687 0.566667 0.329687 0.56875 0.328125 0.570833 0.328125 0.577083 0.323437 0.579167 0.323437 0.589583 0.315625 0.589583 0.3125 0.59375 0.309375 0.595833 0.309375 0.595833 0.303125 0.59375 0.304688 0.59375 0.30625 0.591667 0.307812 0.591667 0.309375 0.589583 0.310937 0.585417 0.310937 0.58125 0.314062 0.579167 0.314062 0.570833 0.320312 0.5625 0.320312 0.55625 0.325 0.552083 0.325 0.55 0.326562 0.527083 0.326562 0.525 0.328125 0.502083 0.328125 0.5 0.326562 0.485417 0.326562 0.483333 0.325 0.477083 0.325 0.475 0.323437 0.472917 0.323437 0.46875 0.320312 0.4625 0.320312 0.460417 0.31875 0.458333 0.31875 0.45625 0.317187 0.454167 0.317187 0.45 0.314062 0.445833 0.314062 0.44375 0.3125 0.441667 0.3125 0.4375 0.309375 0.4375 0.307812 0.435417 0.307812 0.43125 0.304688 0.43125 0.303125 0.429167 0.301562 0.429167 0.298437 0.422917 0.29375 0.422917 0.292187 0.957214
0 0.602083 0.271875 0.604167 0.270312 0.602083 0.270312 0.602083 0.271875 0.427083 0.259375 0.429167 0.260937 0.429167 0.2625 0.435417 0.267187 0.4375 0.267187 0.445833 0.273438 0.447917 0.273438 0.45 0.275 0.452083 0.275 0.454167 0.276562 0.45625 0.276562 0.460417 0.279687 0.4625 0.279687 0.464583 0.28125 0.46875 0.28125 0.470833 0.282812 0.475 0.282812 0.477083 0.284375 0.48125 0.284375 0.483333 0.285937 0.49375 0.285937 0.495833 0.2875 0.5125 0.2875 0.514583 0.289062 0.53125 0.289062 0.533333 0.2875 0.547917 0.2875 0.55 0.285937 0.5625 0.285937 0.564583 0.284375 0.566667 0.284375 0.56875 0.282812 0.572917 0.282812 0.575 0.28125 0.577083 0.28125 0.579167 0.279687 0.583333 0.279687 0.5875 0.276562 0.591667 0.276562 0.59375 0.275 0.595833 0.275 0.595833 0.278125 0.420833 0.25625 0.420833 0.25 0.420833 0.25625 0.595833 0.278125 0.591667 0.278125 0.585417 0.282812 0.585417 0.284375 0.583333 0.284375 0.579167 0.2875 0.575 0.2875 0.572917 0.289062 0.56875 0.289062 0.566667 0.290625 0.564583 0.290625 0.5625 0.292187 0.558333 0.292187 0.55625 0.29375 0.552083 0.29375 0.55 0.295312 0.541667 0.295312 0.539583 0.296875 0.5 0.296875 0.497917 0.295312 0.49375 0.295312 0.491667 0.29375 0.485417 0.29375 0.483333 0.292187 0.48125 0.292187 0.479167 0.290625 0.472917 0.290625 0.470833 0.289062 0.46875 0.289062 0.466667 0.2875 0.4625 0.2875 0.460417 0.285937 0.458333 0.285937 0.45625 0.284375 0.454167 0.284375 0.447917 0.279687 0.44375 0.279687 0.43125 0.270312 0.43125 0.26875 0.425 0.264062 0.425 0.259375 0.427083 0.259375 0.956091
0 0.427083 0.278125 0.425 0.279687 0.425 0.282812 0.427083 0.284375 0.427083 0.285937 0.43125 0.289062 0.43125 0.290625 0.447917 0.303125 0.452083 0.303125 0.454167 0.304688 0.45625 0.304688 0.458333 0.30625 0.460417 0.30625 0.464583 0.309375 0.46875 0.309375 0.470833 0.310937 0.475 0.310937 0.477083 0.3125 0.483333 0.3125 0.485417 0.314062 0.491667 0.314062 0.49375 0.315625 0.502083 0.315625 0.504167 0.317187 0.535417 0.317187 0.5375 0.315625 0.545833 0.315625 0.547917 0.314062 0.554167 0.314062 0.55625 0.3125 0.5625 0.3125 0.564583 0.310937 0.566667 0.310937 0.56875 0.309375 0.572917 0.309375 0.577083 0.30625 0.579167 0.30625 0.58125 0.304688 0.583333 0.304688 0.585417 0.303125 0.585417 0.301562 0.591667 0.296875 0.59375 0.296875 0.602083 0.290625 0.602083 0.285937 0.604167 0.284375 0.604167 0.282812 0.602083 0.282812 0.602083 0.285937 0.597917 0.289062 0.595833 0.289062 0.59375 0.290625 0.59375 0.292187 0.589583 0.295312 0.585417 0.295312 0.58125 0.298437 0.579167 0.298437 0.577083 0.3 0.575 0.3 0.572917 0.301562 0.56875 0.301562 0.566667 0.303125 0.5625 0.303125 0.560417 0.304688 0.55625 0.304688 0.554167 0.30625 0.547917 0.30625 0.545833 0.307812 0.53125 0.307812 0.529167 0.309375 0.510417 0.309375 0.508333 0.307812 0.495833 0.307812 0.49375 0.30625 0.485417 0.30625 0.483333 0.304688 0.48125 0.304688 0.479167 0.303125 0.477083 0.303125 0.475 0.301562 0.46875 0.301562 0.466667 0.3 0.4625 0.3 0.460417 0.298437 0.458333 0.298437 0.45625 0.296875 0.454167 0.296875 0.44375 0.289062 0.441667 0.289062 0.4375 0.285937 0.435417 0.285937 0.429167 0.28125 0.429167 0.279687 0.427083 0.278125 0.420833 0.271875 0.420833 0.270312 0.420833 0.271875 0.955435
0 0.427083 0.26875 0.425 0.270312 0.427083 0.271875 0.427083 0.273438 0.429167 0.275 0.429167 0.276562 0.435417 0.28125 0.435417 0.282812 0.4375 0.284375 0.439583 0.284375 0.45 0.292187 0.452083 0.292187 0.45625 0.295312 0.458333 0.295312 0.460417 0.296875 0.464583 0.296875 0.466667 0.298437 0.46875 0.298437 0.470833 0.3 0.477083 0.3 0.479167 0.301562 0.48125 0.301562 0.483333 0.303125 0.489583 0.303125 0.491667 0.304688 0.5 0.304688 0.502083 0.30625 0.539583 0.30625 0.541667 0.304688 0.547917 0.304688 0.55 0.303125 0.558333 0.303125 0.560417 0.301562 0.566667 0.301562 0.56875 0.3 0.570833 0.3 0.572917 0.298437 0.575 0.298437 0.577083 0.296875 0.579167 0.296875 0.583333 0.29375 0.585417 0.29375 0.5875 0.292187 0.589583 0.292187 0.6 0.284375 0.6 0.282812 0.602083 0.28125 0.602083 0.279687 0.604167 0.278125 0.604167 0.275 0.602083 0.275 0.6 0.276562 0.6 0.278125 0.597917 0.279687 0.595833 0.279687 0.59375 0.28125 0.591667 0.28125 0.58125 0.289062 0.575 0.289062 0.572917 0.290625 0.570833 0.290625 0.56875 0.292187 0.566667 0.292187 0.564583 0.29375 0.5625 0.29375 0.560417 0.295312 0.554167 0.295312 0.552083 0.296875 0.491667 0.296875 0.489583 0.295312 0.483333 0.295312 0.48125 0.29375 0.475 0.29375 0.472917 0.292187 0.470833 0.292187 0.46875 0.290625 0.466667 0.290625 0.464583 0.289062 0.460417 0.289062 0.458333 0.2875 0.45625 0.2875 0.454167 0.285937 0.452083 0.285937 0.447917 0.282812 0.44375 0.282812 0.4375 0.278125 0.4375 0.276562 0.43125 0.276562 0.429167 0.275 0.429167 0.270312 0.427083 0.26875 0.420833 0.264062 0.420833 0.259375 0.420833 0.264062 0.9539
0 0.608333 0.259375 0.610417 0.259375 0.610417 0.25625 0.610417 0.257812 0.608333 0.259375 0.60625 0.2625 0.604167 0.260937 0.6 0.264062 0.595833 0.264062 0.59375 0.265625 0.59375 0.267187 0.591667 0.26875 0.5875 0.26875 0.585417 0.270312 0.579167 0.270312 0.575 0.273438 0.572917 0.273438 0.570833 0.275 0.5625 0.275 0.560417 0.276562 0.541667 0.276562 0.539583 0.278125 0.510417 0.278125 0.508333 0.276562 0.491667 0.276562 0.489583 0.275 0.479167 0.275 0.477083 0.273438 0.475 0.273438 0.472917 0.271875 0.470833 0.271875 0.46875 0.270312 0.464583 0.270312 0.4625 0.26875 0.458333 0.26875 0.45 0.2625 0.447917 0.2625 0.429167 0.248437 0.429167 0.245312 0.422917 0.240625 0.422917 0.235937 0.420833 0.234375 0.420833 0.23125 0.420833 0.246875 0.422917 0.248437 0.422917 0.251563 0.425 0.253125 0.425 0.254688 0.433333 0.260937 0.433333 0.2625 0.44375 0.270312 0.445833 0.270312 0.45 0.273438 0.452083 0.273438 0.454167 0.275 0.45625 0.275 0.458333 0.276562 0.460417 0.276562 0.4625 0.278125 0.466667 0.278125 0.46875 0.279687 0.472917 0.279687 0.475 0.28125 0.477083 0.28125 0.479167 0.282812 0.485417 0.282812 0.4875 0.284375 0.497917 0.284375 0.5 0.285937 0.54375 0.285937 0.545833 0.284375 0.5625 0.284375 0.564583 0.282812 0.566667 0.282812 0.56875 0.28125 0.570833 0.28125 0.572917 0.279687 0.575 0.279687 0.577083 0.278125 0.583333 0.278125 0.5875 0.275 0.589583 0.275 0.59375 0.271875 0.595833 0.271875 0.597917 0.270312 0.597917 0.26875 0.6 0.267187 0.602083 0.267187 0.60625 0.264062 0.60625 0.2625 0.94951
0 0.420833 0.276562 0.420833 0.2875 0.422917 0.289062 0.422917 0.290625 0.425 0.292187 0.425 0.29375 0.427083 0.295312 0.427083 0.296875 0.429167 0.296875 0.433333 0.3 0.433333 0.303125 0.441667 0.309375 0.44375 0.309375 0.445833 0.310937 0.447917 0.310937 0.454167 0.315625 0.45625 0.315625 0.458333 0.317187 0.4625 0.317187 0.464583 0.31875 0.46875 0.31875 0.472917 0.321875 0.477083 0.321875 0.479167 0.323437 0.4875 0.323437 0.489583 0.325 0.545833 0.325 0.547917 0.323437 0.554167 0.323437 0.55625 0.321875 0.558333 0.321875 0.5625 0.31875 0.56875 0.31875 0.570833 0.317187 0.572917 0.317187 0.58125 0.310937 0.583333 0.310937 0.585417 0.309375 0.5875 0.309375 0.589583 0.307812 0.589583 0.30625 0.595833 0.301562 0.595833 0.3 0.59375 0.3 0.589583 0.303125 0.5875 0.303125 0.5875 0.304688 0.583333 0.307812 0.577083 0.307812 0.572917 0.310937 0.570833 0.310937 0.56875 0.3125 0.566667 0.3125 0.564583 0.314062 0.558333 0.314062 0.55625 0.315625 0.547917 0.315625 0.545833 0.317187 0.541667 0.317187 0.539583 0.31875 0.53125 0.31875 0.529167 0.320312 0.504167 0.320312 0.502083 0.31875 0.497917 0.31875 0.495833 0.317187 0.491667 0.317187 0.489583 0.315625 0.48125 0.315625 0.479167 0.314062 0.470833 0.314062 0.46875 0.3125 0.466667 0.3125 0.4625 0.309375 0.460417 0.309375 0.458333 0.307812 0.452083 0.307812 0.44375 0.301562 0.441667 0.301562 0.4375 0.298437 0.4375 0.296875 0.435417 0.296875 0.433333 0.295312 0.43125 0.295312 0.429167 0.29375 0.429167 0.289062 0.427083 0.2875 0.425 0.2875 0.420833 0.284375 0.934008
0 0.59375 0.309375 0.59375 0.30625 0.59375 0.309375 0.5875 0.3125 0.583333 0.3125 0.58125 0.314062 0.579167 0.314062 0.577083 0.315625 0.577083 0.317187 0.572917 0.320312 0.5625 0.320312 0.55625 0.325 0.554167 0.325 0.552083 0.326562 0.525 0.326562 0.522917 0.328125 0.502083 0.328125 0.5 0.326562 0.485417 0.326562 0.483333 0.325 0.475 0.325 0.470833 0.321875 0.46875 0.321875 0.466667 0.320312 0.4625 0.320312 0.460417 0.31875 0.45625 0.31875 0.45 0.314062 0.44375 0.314062 0.4375 0.309375 0.4375 0.307812 0.435417 0.307812 0.429167 0.303125 0.429167 0.3 0.427083 0.298437 0.427083 0.296875 0.422917 0.29375 0.422917 0.290625 0.420833 0.289062 0.420833 0.285937 0.420833 0.298437 0.422917 0.3 0.422917 0.301562 0.427083 0.304688 0.427083 0.307812 0.429167 0.309375 0.43125 0.309375 0.433333 0.310937 0.433333 0.3125 0.435417 0.314062 0.435417 0.315625 0.4375 0.315625 0.445833 0.321875 0.447917 0.321875 0.454167 0.326562 0.45625 0.326562 0.458333 0.328125 0.464583 0.328125 0.466667 0.329687 0.46875 0.329687 0.470833 0.33125 0.470833 0.332812 0.472917 0.332812 0.475 0.334375 0.552083 0.334375 0.558333 0.329687 0.560417 0.329687 0.5625 0.328125 0.56875 0.328125 0.570833 0.326562 0.570833 0.325 0.572917 0.323437 0.575 0.323437 0.577083 0.321875 0.579167 0.321875 0.5875 0.315625 0.5875 0.3125 0.0762292
0 0.40625 0.307812 0.40625 0.317187 0.408333 0.31875 0.408333 0.321875 0.410417 0.323437 0.410417 0.326562 0.414583 0.329687 0.414583 0.33125 0.416667 0.332812 0.416667 0.334375 0.429167 0.34375 0.43125 0.34375 0.4375 0.348437 0.439583 0.348437 0.441667 0.35 0.44375 0.35 0.447917 0.353125 0.452083 0.353125 0.454167 0.354687 0.458333 0.354687 0.460417 0.35625 0.4625 0.35625 0.464583 0.357812 0.466667 0.357812 0.46875 0.359375 0.54375 0.359375 0.547917 0.35625 0.552083 0.35625 0.554167 0.354687 0.55625 0.354687 0.558333 0.353125 0.5625 0.353125 0.56875 0.348437 0.570833 0.348437 0.572917 0.346875 0.575 0.346875 0.579167 0.34375 0.579167 0.342187 0.58125 0.340625 0.583333 0.340625 0.5875 0.3375 0.5875 0.335938 0.589583 0.334375 0.589583 0.33125 0.591667 0.329687 0.59375 0.329687 0.595833 0.328125 0.595833 0.323437 0.59375 0.323437 0.59375 0.326562 0.591667 0.328125 0.591667 0.329687 0.589583 0.33125 0.585417 0.33125 0.583333 0.332812 0.583333 0.334375 0.579167 0.3375 0.575 0.3375 0.570833 0.340625 0.56875 0.340625 0.564583 0.34375 0.560417 0.34375 0.558333 0.345312 0.554167 0.345312 0.552083 0.346875 0.55 0.346875 0.547917 0.348437 0.541667 0.348437 0.539583 0.35 0.520833 0.35 0.51875 0.351562 0.502083 0.351562 0.5 0.35 0.479167 0.35 0.477083 0.348437 0.470833 0.348437 0.46875 0.346875 0.466667 0.346875 0.464583 0.345312 0.4625 0.345312 0.460417 0.34375 0.452083 0.34375 0.45 0.342187 0.447917 0.342187 0.441667 0.3375 0.439583 0.3375 0.4375 0.335938 0.435417 0.335938 0.429167 0.33125 0.427083 0.33125 0.422917 0.328125 0.422917 0.326562 0.4125 0.31875 0.4125 0.3125 0.410417 0.310937 0.410417 0.307812 0.0696829
0 0.408333 0.307812 0.408333 0.321875 0.410417 0.323437 0.410417 0.326562 0.4125 0.328125 0.4125 0.329687 0.416667 0.332812 0.416667 0.334375 0.427083 0.342187 0.429167 0.342187 0.435417 0.346875 0.4375 0.346875 0.441667 0.35 0.44375 0.35 0.447917 0.353125 0.452083 0.353125 0.454167 0.354687 0.458333 0.354687 0.460417 0.35625 0.4625 0.35625 0.464583 0.357812 0.466667 0.357812 0.46875 0.359375 0.475 0.359375 0.477083 0.360937 0.535417 0.360937 0.5375 0.359375 0.54375 0.359375 0.545833 0.357812 0.547917 0.357812 0.55 0.35625 0.552083 0.35625 0.554167 0.354687 0.558333 0.354687 0.560417 0.353125 0.5625 0.353125 0.566667 0.35 0.56875 0.35 0.572917 0.346875 0.575 0.346875 0.5875 0.3375 0.5875 0.335938 0.591667 0.332812 0.591667 0.33125 0.595833 0.328125 0.595833 0.325 0.59375 0.325 0.59375 0.329687 0.591667 0.33125 0.5875 0.33125 0.585417 0.332812 0.583333 0.332812 0.583333 0.334375 0.579167 0.3375 0.577083 0.3375 0.575 0.339062 0.572917 0.339062 0.570833 0.340625 0.56875 0.340625 0.564583 0.34375 0.5625 0.34375 0.560417 0.345312 0.554167 0.345312 0.552083 0.346875 0.55 0.346875 0.547917 0.348437 0.541667 0.348437 0.539583 0.35 0.522917 0.35 0.520833 0.351562 0.5 0.351562 0.497917 0.35 0.477083 0.35 0.475 0.348437 0.470833 0.348437 0.46875 0.346875 0.466667 0.346875 0.464583 0.345312 0.460417 0.345312 0.458333 0.34375 0.452083 0.34375 0.45 0.342187 0.447917 0.342187 0.44375 0.339062 0.441667 0.339062 0.439583 0.3375 0.4375 0.3375 0.429167 0.33125 0.427083 0.33125 0.422917 0.328125 0.422917 0.326562 0.414583 0.320312 0.414583 0.31875 0.4125 0.317187 0.4125 0.3125 0.410417 0.310937 0.410417 0.307812 0.0444685
0 0.410417 0.309375 0.410417 0.328125 0.414583 0.33125 0.414583 0.332812 0.433333 0.346875 0.435417 0.346875 0.4375 0.348437 0.439583 0.348437 0.441667 0.35 0.44375 0.35 0.447917 0.353125 0.45 0.353125 0.452083 0.354687 0.45625 0.354687 0.458333 0.35625 0.460417 0.35625 0.4625 0.357812 0.466667 0.357812 0.46875 0.359375 0.475 0.359375 0.477083 0.360937 0.491667 0.360937 0.49375 0.3625 0.520833 0.3625 0.522917 0.360937 0.535417 0.360937 0.5375 0.359375 0.54375 0.359375 0.545833 0.357812 0.547917 0.357812 0.55 0.35625 0.552083 0.35625 0.554167 0.354687 0.558333 0.354687 0.560417 0.353125 0.5625 0.353125 0.564583 0.351562 0.566667 0.351562 0.570833 0.348437 0.572917 0.348437 0.589583 0.335938 0.589583 0.334375 0.595833 0.329687 0.595833 0.323437 0.59375 0.325 0.59375 0.328125 0.589583 0.33125 0.5875 0.33125 0.579167 0.3375 0.577083 0.3375 0.575 0.339062 0.572917 0.339062 0.56875 0.342187 0.566667 0.342187 0.564583 0.34375 0.5625 0.34375 0.560417 0.345312 0.554167 0.345312 0.552083 0.346875 0.55 0.346875 0.547917 0.348437 0.54375 0.348437 0.541667 0.35 0.525 0.35 0.522917 0.351562 0.5 0.351562 0.497917 0.35 0.477083 0.35 0.475 0.348437 0.470833 0.348437 0.46875 0.346875 0.466667 0.346875 0.464583 0.345312 0.458333 0.345312 0.45625 0.34375 0.45 0.34375 0.44375 0.339062 0.441667 0.339062 0.439583 0.3375 0.4375 0.3375 0.429167 0.33125 0.427083 0.33125 0.420833 0.326562 0.420833 0.325 0.414583 0.320312 0.414583 0.31875 0.4125 0.317187 0.4125 0.314062 0.410417 0.3125 0.030064
