0 0.535938 0.432813 0.534375 0.434375 0.528125 0.434375 0.526563 0.435938 0.525 0.435938 0.523438 0.4375 0.521875 0.4375 0.520313 0.439063 0.514063 0.439063 0.5125 0.440625 0.5 0.440625 0.496875 0.44375 0.496875 0.459375 0.498438 0.460938 0.498438 0.4625 0.5 0.464063 0.5 0.467188 0.501563 0.46875 0.501563 0.470313 0.504688 0.473438 0.50625 0.473438 0.510938 0.478125 0.5125 0.478125 0.515625 0.48125 0.517188 0.48125 0.51875 0.482813 0.520313 0.482813 0.521875 0.484375 0.523438 0.484375 0.525 0.485938 0.528125 0.485938 0.529688 0.4875 0.534375 0.4875 0.535938 0.489063 0.539063 0.489063 0.540625 0.490625 0.546875 0.490625 0.548438 0.492188 0.557813 0.492188 0.559375 0.49375 0.567188 0.49375 0.56875 0.495313 0.575 0.495313 0.576563 0.496875 0.6 0.496875 0.601562 0.498438 0.692188 0.498438 0.69375 0.496875 0.701563 0.496875 0.703125 0.495313 0.710938 0.495313 0.7125 0.49375 0.720313 0.49375 0.721875 0.492188 0.725 0.492188 0.726562 0.490625 0.728125 0.490625 0.729688 0.489063 0.73125 0.489063 0.732813 0.4875 0.734375 0.4875 0.735938 0.485938 0.7375 0.485938 0.739063 0.484375 0.740625 0.484375 0.74375 0.48125 0.745313 0.48125 0.753125 0.473438 0.753125 0.471875 0.754688 0.470313 0.754688 0.46875 0.75625 0.467188 0.75625 0.45625 0.754688 0.454688 0.754688 0.453125 0.746875 0.445312 0.745313 0.445312 0.74375 0.44375 0.742188 0.44375 0.740625 0.442188 0.7375 0.442188 0.735938 0.440625 0.732813 0.440625 0.73125 0.439063 0.726562 0.439063 0.725 0.4375 0.71875 0.4375 0.717188 0.435938 0.710938 0.435938 0.709375 0.434375 0.6875 0.434375 0.685938 0.432813 0.675 0.432813 0.673438 0.434375 0.664062 0.434375 0.6625 0.435938 0.65625 0.435938 0.654688 0.4375 0.640625 0.4375 0.639063 0.439063 0.632812 0.439063 0.628125 0.44375 0.625 0.44375 0.623438 0.445312 0.620313 0.445312 0.61875 0.44375 0.6125 0.44375 0.610938 0.442188 0.60625 0.442188 0.604688 0.440625 0.601562 0.440625 0.598437 0.4375 0.595313 0.4375 0.59375 0.435938 0.5875 0.435938 0.585938 0.434375 0.582813 0.434375 0.58125 0.435938 0.576563 0.435938 0.575 0.434375 0.571875 0.434375 0.570313 0.432813 0.567188 0.432813 0.565625 0.434375 0.5625 0.434375 0.560938 0.432813 0.559375 0.432813 0.557813 0.434375 0.55 0.434375 0.548438 0.432813 0.941218
0 0.2 0.326563 0.2 0.345313 0.201563 0.346875 0.204688 0.346875 0.20625 0.348438 0.209375 0.348438 0.2125 0.351562 0.214063 0.351562 0.215625 0.353125 0.217188 0.353125 0.21875 0.354688 0.223438 0.354688 0.226562 0.357813 0.226562 0.359375 0.221875 0.364063 0.223438 0.364063 0.225 0.365625 0.228125 0.365625 0.229688 0.367188 0.23125 0.367188 0.232813 0.36875 0.239063 0.36875 0.240625 0.370313 0.254688 0.370313 0.25625 0.371875 0.273438 0.371875 0.275 0.373438 0.289063 0.373438 0.290625 0.375 0.314063 0.375 0.315625 0.376563 0.345313 0.376563 0.346875 0.375 0.348438 0.376563 0.353125 0.376563 0.354688 0.375 0.384375 0.375 0.385938 0.373438 0.4 0.373438 0.401563 0.371875 0.410938 0.371875 0.4125 0.370313 0.423438 0.370313 0.425 0.36875 0.4375 0.36875 0.439063 0.367188 0.442188 0.367188 0.44375 0.365625 0.448438 0.365625 0.45 0.364063 0.457813 0.364063 0.459375 0.3625 0.464063 0.3625 0.465625 0.360938 0.467188 0.360938 0.46875 0.359375 0.46875 0.340625 0.464063 0.345313 0.460938 0.345313 0.459375 0.346875 0.45625 0.346875 0.454688 0.348438 0.451563 0.348438 0.45 0.35 0.445312 0.35 0.44375 0.351562 0.432813 0.351562 0.43125 0.353125 0.417188 0.353125 0.415625 0.354688 0.404688 0.354688 0.403125 0.35625 0.392188 0.35625 0.390625 0.357813 0.290625 0.357813 0.289063 0.35625 0.273438 0.35625 0.271875 0.354688 0.260938 0.354688 0.259375 0.353125 0.25 0.353125 0.246875 0.35 0.245313 0.35 0.24375 0.348438 0.240625 0.348438 0.239063 0.346875 0.242188 0.34375 0.24375 0.34375 0.246875 0.340625 0.245313 0.340625 0.24375 0.339063 0.2375 0.339063 0.235938 0.3375 0.23125 0.3375 0.229688 0.335938 0.225 0.335938 0.223438 0.334375 0.215625 0.334375 0.214063 0.332813 0.2125 0.332813 0.210938 0.33125 0.207813 0.33125 0.204688 0.328125 0.201563 0.328125 0.939871
0 0.209375 0.432813 0.209375 0.44375 0.210938 0.445312 0.210938 0.446875 0.2125 0.448438 0.2125 0.45 0.214063 0.451563 0.214063 0.453125 0.23125 0.470313 0.232813 0.470313 0.234375 0.471875 0.235938 0.471875 0.2375 0.473438 0.239063 0.473438 0.240625 0.475 0.24375 0.475 0.245313 0.476562 0.248438 0.476562 0.25 0.478125 0.254688 0.478125 0.25625 0.479688 0.260938 0.479688 0.2625 0.48125 0.270313 0.48125 0.271875 0.482813 0.282813 0.482813 0.284375 0.484375 0.295313 0.484375 0.296875 0.485938 0.310937 0.485938 0.3125 0.4875 0.359375 0.4875 0.360938 0.485938 0.38125 0.485938 0.382812 0.484375 0.401563 0.484375 0.403125 0.482813 0.414062 0.482813 0.415625 0.48125 0.421875 0.48125 0.423438 0.479688 0.429688 0.479688 0.43125 0.478125 0.435938 0.478125 0.4375 0.476562 0.44375 0.476562 0.445312 0.475 0.45 0.475 0.451563 0.473438 0.453125 0.473438 0.454688 0.471875 0.45625 0.471875 0.457813 0.470313 0.460938 0.470313 0.4625 0.46875 0.464063 0.46875 0.465625 0.467188 0.467188 0.467188 0.473438 0.460938 0.475 0.460938 0.484375 0.451563 0.484375 0.45 0.485938 0.448438 0.485938 0.442188 0.482813 0.439063 0.479688 0.442188 0.478125 0.442188 0.475 0.445312 0.473438 0.445312 0.471875 0.446875 0.46875 0.446875 0.464063 0.451563 0.4625 0.451563 0.460938 0.453125 0.459375 0.453125 0.457813 0.454688 0.453125 0.454688 0.451563 0.45625 0.45 0.45625 0.448438 0.457813 0.446875 0.457813 0.445312 0.459375 0.4375 0.459375 0.435938 0.460938 0.43125 0.460938 0.429688 0.4625 0.425 0.4625 0.423438 0.464063 0.417188 0.464063 0.415625 0.465625 0.404688 0.465625 0.403125 0.467188 0.39375 0.467188 0.392188 0.46875 0.379688 0.46875 0.378125 0.470313 0.3 0.470313 0.298438 0.46875 0.2875 0.46875 0.285938 0.467188 0.278125 0.467188 0.276563 0.465625 0.267188 0.465625 0.265625 0.464063 0.259375 0.464063 0.257812 0.4625 0.254688 0.4625 0.253125 0.460938 0.251563 0.460938 0.25 0.459375 0.246875 0.459375 0.245313 0.457813 0.24375 0.457813 0.242188 0.45625 0.242188 0.454688 0.234375 0.446875 0.229688 0.446875 0.228125 0.445312 0.226562 0.445312 0.225 0.44375 0.223438 0.44375 0.220313 0.440625 0.21875 0.440625 0.215625 0.4375 0.214063 0.4375 0.937643
0 0.4875 0.459375 0.485938 0.460938 0.484375 0.460938 0.482813 0.4625 0.482813 0.464063 0.470313 0.476562 0.46875 0.476562 0.467188 0.478125 0.465625 0.478125 0.460938 0.482813 0.460938 0.484375 0.459375 0.485938 0.457813 0.485938 0.45625 0.4875 0.454688 0.4875 0.453125 0.489063 0.451563 0.489063 0.448438 0.492188 0.445312 0.492188 0.44375 0.49375 0.442188 0.49375 0.440625 0.495313 0.434375 0.495313 0.432813 0.496875 0.426563 0.496875 0.425 0.498438 0.420313 0.498438 0.41875 0.5 0.415625 0.5 0.414062 0.501563 0.40625 0.501563 0.404688 0.503125 0.389063 0.503125 0.3875 0.504688 0.373438 0.504688 0.371875 0.50625 0.353125 0.50625 0.351562 0.507812 0.30625 0.507812 0.304688 0.50625 0.295313 0.50625 0.29375 0.504688 0.2875 0.504688 0.285938 0.503125 0.271875 0.503125 0.270313 0.501563 0.264063 0.501563 0.2625 0.5 0.259375 0.5 0.257812 0.498438 0.254688 0.498438 0.253125 0.496875 0.246875 0.496875 0.245313 0.495313 0.242188 0.495313 0.239063 0.492188 0.2375 0.492188 0.235938 0.490625 0.234375 0.490625 0.225 0.48125 0.225 0.479688 0.223438 0.478125 0.223438 0.476562 0.214063 0.467188 0.214063 0.48125 0.217188 0.484375 0.217188 0.489063 0.21875 0.490625 0.21875 0.49375 0.220313 0.495313 0.220313 0.496875 0.228125 0.504688 0.229688 0.504688 0.234375 0.509375 0.2375 0.509375 0.239063 0.510938 0.240625 0.510938 0.242188 0.5125 0.24375 0.5125 0.245313 0.514063 0.248438 0.514063 0.25 0.515625 0.254688 0.515625 0.25625 0.517188 0.259375 0.517188 0.260938 0.51875 0.264063 0.51875 0.265625 0.520313 0.273438 0.520313 0.275 0.521875 0.285938 0.521875 0.2875 0.523438 0.3 0.523438 0.301563 0.525 0.370313 0.525 0.371875 0.523438 0.389063 0.523438 0.390625 0.521875 0.4 0.521875 0.401563 0.520313 0.407813 0.520313 0.409375 0.51875 0.417188 0.51875 0.41875 0.517188 0.425 0.517188 0.426563 0.515625 0.434375 0.515625 0.435938 0.514063 0.440625 0.514063 0.442188 0.5125 0.445312 0.5125 0.446875 0.510938 0.451563 0.510938 0.453125 0.509375 0.45625 0.509375 0.457813 0.507812 0.459375 0.507812 0.460938 0.50625 0.4625 0.50625 0.464063 0.504688 0.465625 0.504688 0.467188 0.503125 0.46875 0.503125 0.470313 0.501563 0.471875 0.501563 0.476562 0.496875 0.478125 0.496875 0.48125 0.49375 0.482813 0.49375 0.4875 0.489063 0.4875 0.4875 0.489063 0.485938 0.490625 0.485938 0.492188 0.484375 0.49375 0.484375 0.49375 0.4625 0.490625 0.459375 0.937367
0 0.203125 0.396875 0.203125 0.4125 0.204688 0.414062 0.204688 0.415625 0.20625 0.417188 0.20625 0.41875 0.207813 0.420313 0.207813 0.421875 0.209375 0.423438 0.209375 0.426563 0.2125 0.429688 0.214063 0.429688 0.217188 0.432813 0.21875 0.432813 0.220313 0.434375 0.223438 0.434375 0.225 0.435938 0.226562 0.435938 0.229688 0.439063 0.232813 0.439063 0.234375 0.440625 0.2375 0.440625 0.239063 0.442188 0.240625 0.442188 0.242188 0.44375 0.246875 0.44375 0.248438 0.445312 0.2625 0.445312 0.264063 0.446875 0.271875 0.446875 0.273438 0.448438 0.282813 0.448438 0.284375 0.45 0.307813 0.45 0.309375 0.451563 0.353125 0.451563 0.354688 0.45 0.3875 0.45 0.389063 0.448438 0.398438 0.448438 0.4 0.446875 0.409375 0.446875 0.410938 0.445312 0.423438 0.445312 0.425 0.44375 0.43125 0.44375 0.432813 0.442188 0.435938 0.442188 0.4375 0.440625 0.442188 0.440625 0.44375 0.439063 0.45 0.439063 0.451563 0.4375 0.454688 0.4375 0.45625 0.435938 0.457813 0.435938 0.459375 0.434375 0.460938 0.434375 0.4625 0.432813 0.465625 0.432813 0.467188 0.43125 0.46875 0.43125 0.470313 0.429688 0.471875 0.429688 0.476562 0.425 0.476562 0.410938 0.473438 0.414062 0.46875 0.414062 0.467188 0.415625 0.465625 0.415625 0.464063 0.417188 0.4625 0.417188 0.460938 0.41875 0.459375 0.41875 0.457813 0.420313 0.453125 0.420313 0.451563 0.421875 0.445312 0.421875 0.44375 0.423438 0.440625 0.423438 0.439063 0.425 0.435938 0.425 0.434375 0.426563 0.426563 0.426563 0.425 0.428125 0.409375 0.428125 0.407813 0.429688 0.401563 0.429688 0.4 0.43125 0.39375 0.43125 0.392188 0.432813 0.351562 0.432813 0.35 0.434375 0.307813 0.434375 0.30625 0.432813 0.273438 0.432813 0.271875 0.43125 0.264063 0.43125 0.2625 0.429688 0.257812 0.429688 0.25625 0.428125 0.251563 0.428125 0.25 0.426563 0.242188 0.426563 0.240625 0.425 0.23125 0.425 0.229688 0.423438 0.228125 0.423438 0.226562 0.421875 0.225 0.421875 0.210938 0.407813 0.210938 0.40625 0.209375 0.404688 0.209375 0.403125 0.931883
0 0.2 0.359375 0.2 0.38125 0.204688 0.385938 0.204688 0.3875 0.20625 0.389063 0.20625 0.390625 0.207813 0.392188 0.207813 0.395313 0.209375 0.395313 0.210938 0.396875 0.2125 0.396875 0.217188 0.401563 0.223438 0.401563 0.225 0.403125 0.228125 0.403125 0.229688 0.404688 0.232813 0.404688 0.234375 0.40625 0.2375 0.40625 0.239063 0.407813 0.251563 0.407813 0.253125 0.409375 0.264063 0.409375 0.265625 0.410938 0.279688 0.410938 0.28125 0.4125 0.317188 0.4125 0.31875 0.414062 0.332813 0.414062 0.334375 0.4125 0.385938 0.4125 0.3875 0.410938 0.401563 0.410938 0.403125 0.409375 0.421875 0.409375 0.423438 0.407813 0.43125 0.407813 0.432813 0.40625 0.4375 0.40625 0.439063 0.404688 0.442188 0.404688 0.44375 0.403125 0.448438 0.403125 0.45 0.401563 0.459375 0.401563 0.4625 0.398438 0.464063 0.398438 0.465625 0.396875 0.46875 0.396875 0.470313 0.395313 0.471875 0.395313 0.473438 0.39375 0.475 0.39375 0.475 0.375 0.473438 0.376563 0.471875 0.376563 0.46875 0.379688 0.467188 0.379688 0.465625 0.38125 0.464063 0.38125 0.4625 0.382812 0.454688 0.382812 0.453125 0.384375 0.448438 0.384375 0.446875 0.385938 0.44375 0.385938 0.442188 0.3875 0.439063 0.3875 0.4375 0.389063 0.428125 0.389063 0.426563 0.390625 0.398438 0.390625 0.396875 0.392188 0.385938 0.392188 0.384375 0.39375 0.3375 0.39375 0.335938 0.395313 0.317188 0.395313 0.315625 0.39375 0.3125 0.39375 0.310937 0.395313 0.30625 0.395313 0.304688 0.39375 0.282813 0.39375 0.28125 0.392188 0.271875 0.392188 0.270313 0.390625 0.260938 0.390625 0.259375 0.389063 0.248438 0.389063 0.246875 0.3875 0.235938 0.3875 0.234375 0.385938 0.23125 0.385938 0.229688 0.384375 0.228125 0.384375 0.226562 0.382812 0.228125 0.38125 0.228125 0.378125 0.226562 0.376563 0.221875 0.376563 0.220313 0.375 0.21875 0.375 0.217188 0.373438 0.217188 0.371875 0.210938 0.365625 0.209375 0.365625 0.207813 0.364063 0.20625 0.364063 0.201563 0.359375 0.883501
0 0.20625 0.414062 0.20625 0.428125 0.207813 0.429688 0.207813 0.43125 0.209375 0.432813 0.209375 0.434375 0.2125 0.4375 0.2125 0.439063 0.214063 0.440625 0.214063 0.442188 0.215625 0.44375 0.215625 0.445312 0.217188 0.445312 0.223438 0.451563 0.226562 0.451563 0.228125 0.453125 0.232813 0.453125 0.234375 0.454688 0.235938 0.454688 0.239063 0.457813 0.242188 0.457813 0.24375 0.459375 0.248438 0.459375 0.25 0.460938 0.251563 0.460938 0.253125 0.4625 0.260938 0.4625 0.2625 0.464063 0.275 0.464063 0.276563 0.465625 0.284375 0.465625 0.285938 0.467188 0.295313 0.467188 0.296875 0.46875 0.382812 0.46875 0.384375 0.467188 0.39375 0.467188 0.395313 0.465625 0.40625 0.465625 0.407813 0.464063 0.417188 0.464063 0.41875 0.4625 0.425 0.4625 0.426563 0.460938 0.43125 0.460938 0.432813 0.459375 0.4375 0.459375 0.439063 0.457813 0.445312 0.457813 0.446875 0.45625 0.45 0.45625 0.451563 0.454688 0.453125 0.454688 0.454688 0.453125 0.459375 0.453125 0.460938 0.451563 0.4625 0.451563 0.464063 0.45 0.464063 0.448438 0.465625 0.446875 0.467188 0.446875 0.46875 0.445312 0.471875 0.445312 0.473438 0.44375 0.475 0.44375 0.476562 0.442188 0.478125 0.442188 0.479688 0.440625 0.48125 0.440625 0.482813 0.439063 0.482813 0.426563 0.48125 0.426563 0.478125 0.423438 0.476562 0.425 0.475 0.425 0.473438 0.426563 0.471875 0.426563 0.470313 0.428125 0.46875 0.428125 0.4625 0.434375 0.459375 0.434375 0.45625 0.4375 0.454688 0.4375 0.453125 0.439063 0.45 0.439063 0.448438 0.440625 0.439063 0.440625 0.4375 0.442188 0.434375 0.442188 0.432813 0.44375 0.428125 0.44375 0.426563 0.445312 0.420313 0.445312 0.41875 0.446875 0.407813 0.446875 0.40625 0.448438 0.396875 0.448438 0.395313 0.45 0.342188 0.45 0.340625 0.451563 0.3375 0.451563 0.335938 0.45 0.332813 0.45 0.33125 0.451563 0.325 0.451563 0.323438 0.45 0.29375 0.45 0.292188 0.448438 0.28125 0.448438 0.279688 0.446875 0.271875 0.446875 0.270313 0.445312 0.265625 0.445312 0.264063 0.44375 0.260938 0.44375 0.253125 0.435938 0.246875 0.435938 0.245313 0.434375 0.24375 0.434375 0.242188 0.432813 0.240625 0.432813 0.239063 0.43125 0.234375 0.43125 0.232813 0.429688 0.23125 0.429688 0.229688 0.428125 0.225 0.428125 0.223438 0.426563 0.221875 0.426563 0.220313 0.425 0.21875 0.425 0.214063 0.420313 0.2125 0.420313 0.209375 0.417188 0.209375 0.415625 0.207813 0.414062 0.695478
0 0.2125 0.453125 0.2125 0.467188 0.214063 0.467188 0.21875 0.471875 0.21875 0.475 0.220313 0.476562 0.220313 0.478125 0.226562 0.484375 0.228125 0.484375 0.232813 0.489063 0.234375 0.489063 0.235938 0.490625 0.239063 0.490625 0.240625 0.492188 0.24375 0.492188 0.245313 0.49375 0.246875 0.49375 0.248438 0.495313 0.251563 0.495313 0.253125 0.496875 0.257812 0.496875 0.259375 0.498438 0.264063 0.498438 0.265625 0.5 0.270313 0.5 0.271875 0.501563 0.282813 0.501563 0.284375 0.503125 0.29375 0.503125 0.295313 0.504688 0.30625 0.504688 0.307813 0.50625 0.35625 0.50625 0.357813 0.504688 0.378125 0.504688 0.379688 0.503125 0.395313 0.503125 0.396875 0.501563 0.40625 0.501563 0.407813 0.5 0.415625 0.5 0.417188 0.498438 0.421875 0.498438 0.423438 0.496875 0.428125 0.496875 0.429688 0.495313 0.432813 0.495313 0.434375 0.49375 0.440625 0.49375 0.442188 0.492188 0.445312 0.492188 0.446875 0.490625 0.45 0.490625 0.451563 0.489063 0.454688 0.489063 0.457813 0.485938 0.459375 0.485938 0.460938 0.484375 0.4625 0.484375 0.464063 0.482813 0.465625 0.482813 0.467188 0.48125 0.46875 0.48125 0.470313 0.479688 0.471875 0.479688 0.475 0.476562 0.476562 0.476562 0.478125 0.475 0.478125 0.473438 0.4875 0.464063 0.4875 0.460938 0.489063 0.459375 0.4875 0.457813 0.4875 0.45625 0.484375 0.453125 0.482813 0.453125 0.482813 0.454688 0.479688 0.457813 0.478125 0.457813 0.476562 0.459375 0.476562 0.460938 0.475 0.4625 0.473438 0.4625 0.471875 0.464063 0.470313 0.464063 0.465625 0.46875 0.464063 0.46875 0.4625 0.470313 0.459375 0.470313 0.45625 0.473438 0.454688 0.473438 0.453125 0.475 0.451563 0.475 0.45 0.476562 0.44375 0.476562 0.442188 0.478125 0.434375 0.478125 0.432813 0.479688 0.429688 0.479688 0.428125 0.48125 0.423438 0.48125 0.421875 0.482813 0.410938 0.482813 0.409375 0.484375 0.395313 0.484375 0.39375 0.485938 0.382812 0.485938 0.38125 0.4875 0.364063 0.4875 0.3625 0.489063 0.315625 0.489063 0.314063 0.4875 0.296875 0.4875 0.295313 0.485938 0.285938 0.485938 0.284375 0.484375 0.271875 0.484375 0.270313 0.482813 0.2625 0.482813 0.260938 0.48125 0.254688 0.48125 0.253125 0.479688 0.25 0.479688 0.248438 0.478125 0.246875 0.478125 0.245313 0.476562 0.24375 0.476562 0.242188 0.475 0.240625 0.475 0.2375 0.471875 0.235938 0.471875 0.232813 0.46875 0.23125 0.46875 0.228125 0.465625 0.228125 0.464063 0.221875 0.457813 0.220313 0.457813 0.215625 0.453125 0.681865
0 0.49375 0.465625 0.49375 0.470313 0.495313 0.471875 0.495313 0.473438 0.496875 0.475 0.496875 0.476562 0.498438 0.478125 0.498438 0.48125 0.5 0.482813 0.5 0.484375 0.501563 0.485938 0.501563 0.4875 0.510938 0.496875 0.514063 0.496875 0.515625 0.498438 0.517188 0.498438 0.51875 0.5 0.520313 0.5 0.521875 0.501563 0.523438 0.501563 0.525 0.503125 0.529688 0.503125 0.53125 0.504688 0.534375 0.504688 0.535938 0.50625 0.5375 0.50625 0.540625 0.509375 0.545313 0.509375 0.546875 0.510938 0.554688 0.510938 0.55625 0.5125 0.560938 0.5125 0.5625 0.514063 0.567188 0.514063 0.56875 0.515625 0.58125 0.515625 0.582813 0.517188 0.592188 0.517188 0.59375 0.51875 0.598437 0.51875 0.601562 0.521875 0.603125 0.521875 0.604688 0.523438 0.609375 0.523438 0.610938 0.525 0.66875 0.525 0.670313 0.523438 0.673438 0.523438 0.675 0.521875 0.676563 0.521875 0.678125 0.520313 0.679688 0.520313 0.68125 0.51875 0.682813 0.51875 0.684375 0.517188 0.69375 0.517188 0.695312 0.515625 0.7 0.515625 0.701563 0.514063 0.704688 0.514063 0.707813 0.510938 0.710938 0.510938 0.7125 0.509375 0.725 0.509375 0.726562 0.507812 0.728125 0.507812 0.73125 0.504688 0.734375 0.504688 0.735938 0.503125 0.739063 0.503125 0.740625 0.501563 0.742188 0.501563 0.746875 0.496875 0.748438 0.496875 0.751563 0.49375 0.751563 0.492188 0.753125 0.490625 0.753125 0.4875 0.754688 0.485938 0.754688 0.479688 0.753125 0.478125 0.751563 0.479688 0.751563 0.48125 0.748438 0.484375 0.746875 0.484375 0.745313 0.485938 0.745313 0.4875 0.74375 0.489063 0.742188 0.489063 0.740625 0.490625 0.739063 0.490625 0.735938 0.49375 0.734375 0.49375 0.732813 0.495313 0.73125 0.495313 0.729688 0.496875 0.725 0.496875 0.723438 0.498438 0.721875 0.498438 0.720313 0.5 0.7125 0.5 0.710938 0.501563 0.704688 0.501563 0.703125 0.503125 0.7 0.503125 0.7 0.504688 0.698438 0.50625 0.696875 0.50625 0.692188 0.510938 0.6875 0.510938 0.685938 0.5125 0.679688 0.5125 0.678125 0.514063 0.667188 0.514063 0.665625 0.515625 0.657813 0.515625 0.65625 0.517188 0.64375 0.517188 0.642188 0.51875 0.615625 0.51875 0.614062 0.517188 0.6125 0.517188 0.610938 0.515625 0.609375 0.515625 0.607813 0.514063 0.60625 0.514063 0.603125 0.510938 0.603125 0.509375 0.601562 0.509375 0.6 0.507812 0.595313 0.507812 0.59375 0.50625 0.592188 0.50625 0.590625 0.504688 0.5875 0.504688 0.585938 0.503125 0.58125 0.503125 0.579688 0.501563 0.573438 0.501563 0.571875 0.5 0.567188 0.5 0.565625 0.498438 0.560938 0.498438 0.559375 0.496875 0.545313 0.496875 0.54375 0.495313 0.539063 0.495313 0.5375 0.49375 0.534375 0.49375 0.532813 0.492188 0.53125 0.492188 0.529688 0.490625 0.526563 0.490625 0.525 0.489063 0.521875 0.489063 0.520313 0.4875 0.51875 0.4875 0.517188 0.485938 0.515625 0.485938 0.514063 0.484375 0.5125 0.484375 0.510938 0.482813 0.509375 0.482813 0.503125 0.476562 0.501563 0.476562 0.5 0.475 0.498438 0.475 0.496875 0.473438 0.496875 0.470313 0.495313 0.46875 0.495313 0.465625 0.504884
0 0.195312 0.310937 0.195312 0.329688 0.196875 0.33125 0.196875 0.332813 0.198438 0.334375 0.203125 0.334375 0.204688 0.335938 0.2125 0.335938 0.214063 0.3375 0.215625 0.3375 0.21875 0.340625 0.21875 0.345313 0.220313 0.345313 0.221875 0.346875 0.226562 0.346875 0.228125 0.348438 0.232813 0.348438 0.234375 0.35 0.239063 0.35 0.240625 0.351562 0.251563 0.351562 0.253125 0.353125 0.265625 0.353125 0.267188 0.354688 0.28125 0.354688 0.282813 0.35625 0.315625 0.35625 0.317188 0.357813 0.351562 0.357813 0.353125 0.35625 0.392188 0.35625 0.39375 0.354688 0.403125 0.354688 0.404688 0.353125 0.415625 0.353125 0.417188 0.351562 0.435938 0.351562 0.4375 0.35 0.445312 0.35 0.446875 0.348438 0.448438 0.348438 0.448438 0.332813 0.432813 0.332813 0.43125 0.334375 0.421875 0.334375 0.420313 0.335938 0.4125 0.335938 0.410938 0.3375 0.39375 0.3375 0.392188 0.339063 0.354688 0.339063 0.353125 0.340625 0.335938 0.340625 0.334375 0.339063 0.275 0.339063 0.273438 0.3375 0.260938 0.3375 0.259375 0.335938 0.25 0.335938 0.248438 0.334375 0.246875 0.334375 0.240625 0.328125 0.240625 0.326563 0.245313 0.321875 0.24375 0.321875 0.242188 0.320312 0.234375 0.320312 0.232813 0.31875 0.228125 0.31875 0.226562 0.317188 0.220313 0.317188 0.21875 0.315625 0.214063 0.315625 0.2125 0.314063 0.207813 0.314063 0.20625 0.3125 0.204688 0.3125 0.203125 0.310937 0.490545
0 0.203125 0.38125 0.203125 0.40625 0.209375 0.4125 0.210938 0.4125 0.2125 0.414062 0.214063 0.414062 0.215625 0.415625 0.217188 0.415625 0.221875 0.420313 0.225 0.420313 0.226562 0.421875 0.229688 0.421875 0.23125 0.423438 0.2375 0.423438 0.239063 0.425 0.245313 0.425 0.246875 0.426563 0.253125 0.426563 0.254688 0.428125 0.2625 0.428125 0.264063 0.429688 0.271875 0.429688 0.273438 0.43125 0.292188 0.43125 0.29375 0.432813 0.314063 0.432813 0.315625 0.434375 0.351562 0.434375 0.353125 0.435938 0.351562 0.434375 0.353125 0.432813 0.375 0.432813 0.376563 0.43125 0.390625 0.43125 0.392188 0.429688 0.398438 0.429688 0.4 0.428125 0.407813 0.428125 0.409375 0.426563 0.423438 0.426563 0.425 0.425 0.43125 0.425 0.432813 0.423438 0.4375 0.423438 0.439063 0.421875 0.44375 0.421875 0.445312 0.420313 0.451563 0.420313 0.453125 0.41875 0.45625 0.41875 0.457813 0.417188 0.460938 0.417188 0.4625 0.415625 0.464063 0.415625 0.465625 0.414062 0.467188 0.414062 0.46875 0.4125 0.470313 0.4125 0.471875 0.410938 0.471875 0.396875 0.470313 0.396875 0.467188 0.4 0.465625 0.4 0.464063 0.401563 0.459375 0.401563 0.457813 0.403125 0.45 0.403125 0.448438 0.404688 0.442188 0.404688 0.440625 0.40625 0.435938 0.40625 0.434375 0.407813 0.428125 0.407813 0.426563 0.409375 0.415625 0.409375 0.414062 0.410938 0.392188 0.410938 0.390625 0.4125 0.365625 0.4125 0.364063 0.414062 0.360938 0.414062 0.359375 0.4125 0.357813 0.414062 0.320312 0.414062 0.31875 0.4125 0.28125 0.4125 0.279688 0.410938 0.267188 0.410938 0.265625 0.409375 0.25 0.409375 0.248438 0.407813 0.239063 0.407813 0.2375 0.40625 0.232813 0.40625 0.23125 0.404688 0.228125 0.404688 0.226562 0.403125 0.225 0.403125 0.217188 0.395313 0.217188 0.39375 0.215625 0.392188 0.215625 0.389063 0.214063 0.389063 0.2125 0.3875 0.210938 0.3875 0.207813 0.384375 0.20625 0.384375 0.41878
0 0.757812 0.457813 0.75625 0.459375 0.75625 0.460938 0.757812 0.4625 0.757812 0.465625 0.75625 0.467188 0.75625 0.46875 0.753125 0.471875 0.753125 0.473438 0.751563 0.475 0.751563 0.476562 0.746875 0.48125 0.745313 0.48125 0.742188 0.484375 0.740625 0.484375 0.7375 0.4875 0.735938 0.4875 0.734375 0.489063 0.73125 0.489063 0.729688 0.490625 0.728125 0.490625 0.726562 0.492188 0.725 0.492188 0.723438 0.49375 0.71875 0.49375 0.717188 0.495313 0.709375 0.495313 0.707813 0.496875 0.696875 0.496875 0.695312 0.498438 0.685938 0.498438 0.684375 0.5 0.609375 0.5 0.607813 0.498438 0.575 0.498438 0.573438 0.496875 0.567188 0.496875 0.565625 0.495313 0.559375 0.495313 0.557813 0.49375 0.548438 0.49375 0.546875 0.492188 0.540625 0.492188 0.539063 0.490625 0.534375 0.490625 0.532813 0.489063 0.526563 0.489063 0.525 0.4875 0.521875 0.4875 0.51875 0.484375 0.517188 0.484375 0.515625 0.482813 0.509375 0.482813 0.510938 0.484375 0.514063 0.484375 0.515625 0.485938 0.517188 0.485938 0.51875 0.4875 0.51875 0.489063 0.520313 0.490625 0.523438 0.490625 0.525 0.492188 0.528125 0.492188 0.532813 0.496875 0.535938 0.496875 0.5375 0.498438 0.539063 0.498438 0.540625 0.5 0.542188 0.5 0.54375 0.501563 0.546875 0.501563 0.548438 0.503125 0.551563 0.503125 0.553125 0.504688 0.554688 0.504688 0.55625 0.50625 0.560938 0.50625 0.5625 0.507812 0.565625 0.507812 0.567188 0.509375 0.570313 0.509375 0.571875 0.510938 0.582813 0.510938 0.584375 0.5125 0.592188 0.5125 0.59375 0.514063 0.601562 0.514063 0.603125 0.515625 0.614062 0.515625 0.615625 0.517188 0.659375 0.517188 0.660938 0.515625 0.675 0.515625 0.676563 0.514063 0.682813 0.514063 0.684375 0.5125 0.698438 0.5125 0.7 0.510938 0.70625 0.510938 0.707813 0.509375 0.710938 0.509375 0.7125 0.507812 0.714063 0.507812 0.715625 0.50625 0.71875 0.50625 0.720313 0.504688 0.725 0.504688 0.728125 0.501563 0.729688 0.501563 0.732813 0.498438 0.735938 0.498438 0.7375 0.496875 0.739063 0.496875 0.74375 0.492188 0.745313 0.492188 0.746875 0.490625 0.748438 0.490625 0.75 0.489063 0.75 0.4875 0.754688 0.482813 0.754688 0.479688 0.75625 0.478125 0.75625 0.476562 0.757812 0.475 0.757812 0.470313 0.759375 0.46875 0.759375 0.4625 0.757812 0.460938 0.757812 0.457813 0.754688 0.454688 0.754688 0.453125 0.753125 0.451563 0.753125 0.45 0.75 0.45 0.75 0.453125 0.753125 0.45625 0.754688 0.454688 0.387469
0 0.203125 0.35 0.201563 0.351562 0.201563 0.353125 0.2 0.354688 0.2 0.35625 0.198438 0.357813 0.198438 0.365625 0.207813 0.375 0.207813 0.376563 0.210938 0.376563 0.2125 0.378125 0.215625 0.378125 0.220313 0.382812 0.223438 0.382812 0.225 0.384375 0.229688 0.384375 0.23125 0.385938 0.240625 0.385938 0.242188 0.3875 0.245313 0.3875 0.246875 0.389063 0.253125 0.389063 0.254688 0.390625 0.265625 0.390625 0.267188 0.392188 0.282813 0.392188 0.284375 0.39375 0.3 0.39375 0.301563 0.392188 0.3125 0.392188 0.314063 0.39375 0.38125 0.39375 0.382812 0.392188 0.395313 0.392188 0.396875 0.390625 0.40625 0.390625 0.407813 0.389063 0.428125 0.389063 0.429688 0.3875 0.435938 0.3875 0.4375 0.385938 0.442188 0.385938 0.44375 0.384375 0.448438 0.384375 0.45 0.382812 0.45 0.367188 0.446875 0.367188 0.445312 0.36875 0.442188 0.36875 0.440625 0.370313 0.429688 0.370313 0.428125 0.371875 0.417188 0.371875 0.415625 0.373438 0.410938 0.373438 0.409375 0.375 0.398438 0.375 0.396875 0.376563 0.35625 0.376563 0.354688 0.378125 0.3125 0.378125 0.310937 0.376563 0.290625 0.376563 0.289063 0.375 0.270313 0.375 0.26875 0.373438 0.25 0.373438 0.248438 0.371875 0.232813 0.371875 0.23125 0.370313 0.226562 0.370313 0.225 0.36875 0.223438 0.36875 0.221875 0.367188 0.220313 0.367188 0.21875 0.365625 0.217188 0.365625 0.20625 0.354688 0.20625 0.353125 0.368557
0 0.2125 0.453125 0.2125 0.467188 0.214063 0.46875 0.215625 0.46875 0.217188 0.470313 0.217188 0.473438 0.21875 0.475 0.21875 0.478125 0.220313 0.478125 0.228125 0.485938 0.229688 0.485938 0.232813 0.489063 0.234375 0.489063 0.235938 0.490625 0.2375 0.490625 0.239063 0.492188 0.242188 0.492188 0.24375 0.49375 0.245313 0.49375 0.246875 0.495313 0.251563 0.495313 0.253125 0.496875 0.257812 0.496875 0.259375 0.498438 0.264063 0.498438 0.265625 0.5 0.270313 0.5 0.271875 0.501563 0.28125 0.501563 0.282813 0.503125 0.29375 0.503125 0.295313 0.504688 0.304688 0.504688 0.30625 0.50625 0.360938 0.50625 0.3625 0.504688 0.382812 0.504688 0.384375 0.503125 0.396875 0.503125 0.398438 0.501563 0.407813 0.501563 0.409375 0.5 0.415625 0.5 0.417188 0.498438 0.423438 0.498438 0.425 0.496875 0.429688 0.496875 0.43125 0.495313 0.434375 0.495313 0.435938 0.49375 0.440625 0.49375 0.442188 0.492188 0.446875 0.492188 0.448438 0.490625 0.451563 0.490625 0.453125 0.489063 0.454688 0.489063 0.45625 0.4875 0.457813 0.4875 0.459375 0.485938 0.460938 0.485938 0.4625 0.484375 0.464063 0.484375 0.465625 0.482813 0.467188 0.482813 0.46875 0.48125 0.470313 0.48125 0.473438 0.478125 0.475 0.478125 0.476562 0.476562 0.478125 0.476562 0.478125 0.475 0.484375 0.46875 0.484375 0.453125 0.482813 0.454688 0.482813 0.45625 0.48125 0.457813 0.479688 0.457813 0.473438 0.464063 0.471875 0.464063 0.467188 0.46875 0.465625 0.46875 0.464063 0.470313 0.4625 0.470313 0.460938 0.471875 0.457813 0.471875 0.454688 0.475 0.453125 0.475 0.451563 0.476562 0.445312 0.476562 0.44375 0.478125 0.4375 0.478125 0.435938 0.479688 0.43125 0.479688 0.429688 0.48125 0.425 0.48125 0.423438 0.482813 0.414062 0.482813 0.4125 0.484375 0.396875 0.484375 0.395313 0.485938 0.384375 0.485938 0.382812 0.4875 0.36875 0.4875 0.367188 0.489063 0.310937 0.489063 0.309375 0.4875 0.295313 0.4875 0.29375 0.485938 0.284375 0.485938 0.282813 0.484375 0.270313 0.484375 0.26875 0.482813 0.260938 0.482813 0.259375 0.48125 0.253125 0.48125 0.251563 0.479688 0.248438 0.479688 0.246875 0.478125 0.245313 0.478125 0.24375 0.476562 0.240625 0.476562 0.239063 0.475 0.2375 0.475 0.234375 0.471875 0.232813 0.471875 0.23125 0.470313 0.229688 0.470313 0.225 0.465625 0.225 0.464063 0.215625 0.454688 0.215625 0.453125 0.364275
