0 0.457292 0.390625 0.45625 0.391406 0.453125 0.391406 0.452083 0.392187 0.448958 0.392187 0.447917 0.392969 0.444792 0.392969 0.44375 0.39375 0.441667 0.39375 0.440625 0.394531 0.439583 0.394531 0.438542 0.395312 0.436458 0.395312 0.435417 0.396094 0.432292 0.396094 0.43125 0.396875 0.430208 0.396875 0.429167 0.397656 0.427083 0.397656 0.426042 0.398438 0.423958 0.398438 0.422917 0.399219 0.421875 0.399219 0.420833 0.4 0.419792 0.4 0.417708 0.401562 0.416667 0.401562 0.415625 0.402344 0.414583 0.402344 0.413542 0.403125 0.4125 0.403125 0.410417 0.404687 0.409375 0.404687 0.407292 0.40625 0.40625 0.40625 0.405208 0.407031 0.404167 0.407031 0.402083 0.408594 0.401042 0.408594 0.398958 0.410156 0.397917 0.410156 0.391667 0.414844 0.390625 0.414844 0.3875 0.417187 0.3875 0.417969 0.380208 0.423437 0.380208 0.424219 0.377083 0.426562 0.377083 0.427344 0.375 0.428906 0.375 0.429688 0.372917 0.43125 0.372917 0.432031 0.371875 0.432812 0.371875 0.433594 0.369792 0.435156 0.369792 0.436719 0.36875 0.4375 0.36875 0.438281 0.366667 0.439844 0.366667 0.440625 0.365625 0.441406 0.365625 0.442969 0.364583 0.44375 0.364583 0.445312 0.363542 0.446094 0.363542 0.478906 0.364583 0.479687 0.364583 0.482031 0.365625 0.482812 0.365625 0.484375 0.366667 0.485156 0.366667 0.485937 0.36875 0.4875 0.36875 0.488281 0.369792 0.489062 0.369792 0.490625 0.370833 0.491406 0.370833 0.492187 0.371875 0.492969 0.371875 0.49375 0.372917 0.494531 0.372917 0.495312 0.375 0.496875 0.375 0.497656 0.376042 0.498437 0.376042 0.499219 0.38125 0.503125 0.38125 0.503906 0.397917 0.516406 0.398958 0.516406 0.401042 0.517969 0.402083 0.517969 0.405208 0.520312 0.40625 0.520312 0.408333 0.521875 0.409375 0.521875 0.411458 0.523438 0.4125 0.523438 0.413542 0.524219 0.414583 0.524219 0.415625 0.525 0.416667 0.525 0.417708 0.525781 0.41875 0.525781 0.419792 0.526562 0.420833 0.526562 0.421875 0.527344 0.423958 0.527344 0.425 0.528125 0.426042 0.528125 0.427083 0.528906 0.428125 0.528906 0.429167 0.529687 0.43125 0.529687 0.432292 0.530469 0.434375 0.530469 0.435417 0.53125 0.4375 0.53125 0.438542 0.532031 0.440625 0.532031 0.441667 0.532812 0.444792 0.532812 0.445833 0.533594 0.448958 0.533594 0.45 0.534375 0.453125 0.534375 0.454167 0.535156 0.457292 0.535156 0.458333 0.535937 0.463542 0.535937 0.464583 0.536719 0.471875 0.536719 0.472917 0.5375 0.483333 0.5375 0.484375 0.538281 0.5 0.538281 0.501042 0.5375 0.509375 0.5375 0.510417 0.536719 0.51875 0.536719 0.519792 0.535937 0.525 0.535937 0.526042 0.535156 0.528125 0.535156 0.529167 0.534375 0.533333 0.534375 0.534375 0.533594 0.5375 0.533594 0.538542 0.532812 0.541667 0.532812 0.542708 0.532031 0.54375 0.532031 0.544792 0.53125 0.546875 0.53125 0.547917 0.530469 0.55 0.530469 0.551042 0.529687 0.553125 0.529687 0.554167 0.528906 0.555208 0.528906 0.55625 0.528125 0.558333 0.528125 0.559375 0.527344 0.560417 0.527344 0.561458 0.526562 0.5625 0.526562 0.563542 0.525781 0.564583 0.525781 0.566667 0.524219 0.567708 0.524219 0.56875 0.523438 0.569792 0.523438 0.571875 0.521875 0.572917 0.521875 0.573958 0.521094 0.575 0.521094 0.579167 0.517969 0.580208 0.517969 0.583333 0.515625 0.584375 0.515625 0.596875 0.50625 0.596875 0.505469 0.6 0.503125 0.6 0.502344 0.602083 0.500781 0.602083 0.5 0.605208 0.497656 0.605208 0.496875 0.607292 0.495312 0.607292 0.494531 0.613542 0.489844 0.613542 0.488281 0.614583 0.4875 0.614583 0.486719 0.615625 0.485937 0.615625 0.485156 0.616667 0.484375 0.616667 0.482812 0.617708 0.482031 0.617708 0.480469 0.61875 0.479687 0.61875 0.476562 0.619792 0.475781 0.619792 0.471094 0.620833 0.470312 0.620833 0.452344 0.619792 0.451562 0.619792 0.449219 0.61875 0.448437 0.61875 0.446094 0.617708 0.445312 0.617708 0.44375 0.616667 0.442969 0.616667 0.441406 0.615625 0.440625 0.615625 0.439844 0.614583 0.439062 0.614583 0.438281 0.613542 0.4375 0.613542 0.435937 0.6125 0.435156 0.6125 0.434375 0.610417 0.432812 0.610417 0.432031 0.609375 0.43125 0.609375 0.430469 0.607292 0.428906 0.607292 0.428125 0.605208 0.426562 0.605208 0.425781 0.6 0.421875 0.6 0.421094 0.590625 0.414062 0.589583 0.414062 0.584375 0.410156 0.583333 0.410156 0.58125 0.408594 0.580208 0.408594 0.578125 0.407031 0.577083 0.407031 0.575 0.405469 0.573958 0.405469 0.572917 0.404687 0.571875 0.404687 0.569792 0.403125 0.56875 0.403125 0.567708 0.402344 0.566667 0.402344 0.565625 0.401562 0.564583 0.401562 0.5625 0.4 0.561458 0.4 0.560417 0.399219 0.558333 0.399219 0.557292 0.398438 0.55625 0.398438 0.555208 0.397656 0.554167 0.397656 0.553125 0.396875 0.551042 0.396875 0.55 0.396094 0.547917 0.396094 0.546875 0.395312 0.544792 0.395312 0.54375 0.394531 0.542708 0.394531 0.541667 0.39375 0.539583 0.39375 0.538542 0.392969 0.535417 0.392969 0.534375 0.392187 0.53125 0.392187 0.530208 0.391406 0.528125 0.391406 0.527083 0.390625 0.977585
0 0.382292 0.560156 0.382292 0.573437 0.383333 0.574219 0.383333 0.576562 0.384375 0.577344 0.384375 0.578906 0.385417 0.579687 0.385417 0.580469 0.386458 0.58125 0.386458 0.582031 0.390625 0.585156 0.390625 0.585938 0.391667 0.586719 0.391667 0.5875 0.407292 0.599219 0.408333 0.599219 0.414583 0.603906 0.415625 0.603906 0.417708 0.605469 0.41875 0.605469 0.421875 0.607812 0.422917 0.607812 0.423958 0.608594 0.425 0.608594 0.426042 0.609375 0.427083 0.609375 0.429167 0.610937 0.430208 0.610937 0.43125 0.611719 0.433333 0.611719 0.434375 0.6125 0.435417 0.6125 0.436458 0.613281 0.4375 0.613281 0.438542 0.614062 0.439583 0.614062 0.440625 0.614844 0.442708 0.614844 0.44375 0.615625 0.445833 0.615625 0.446875 0.616406 0.448958 0.616406 0.45 0.617188 0.452083 0.617188 0.453125 0.617969 0.455208 0.617969 0.45625 0.61875 0.459375 0.61875 0.460417 0.619531 0.464583 0.619531 0.465625 0.620312 0.470833 0.620312 0.471875 0.621094 0.480208 0.621094 0.48125 0.621875 0.5 0.621875 0.501042 0.621094 0.510417 0.621094 0.511458 0.620312 0.515625 0.620312 0.516667 0.619531 0.519792 0.619531 0.520833 0.61875 0.523958 0.61875 0.525 0.617969 0.528125 0.617969 0.529167 0.617188 0.53125 0.617188 0.532292 0.616406 0.533333 0.616406 0.534375 0.615625 0.536458 0.615625 0.5375 0.614844 0.539583 0.614844 0.540625 0.614062 0.541667 0.614062 0.542708 0.613281 0.54375 0.613281 0.544792 0.6125 0.546875 0.6125 0.547917 0.611719 0.548958 0.611719 0.55 0.610937 0.551042 0.610937 0.553125 0.609375 0.554167 0.609375 0.555208 0.608594 0.55625 0.608594 0.559375 0.60625 0.560417 0.60625 0.5625 0.604687 0.563542 0.604687 0.566667 0.602344 0.567708 0.602344 0.577083 0.595312 0.578125 0.595312 0.578125 0.59375 0.58125 0.591406 0.58125 0.589844 0.579167 0.591406 0.578125 0.591406 0.577083 0.592187 0.576042 0.592187 0.576042 0.592969 0.575 0.59375 0.573958 0.59375 0.572917 0.594531 0.571875 0.594531 0.569792 0.596094 0.56875 0.596094 0.567708 0.596875 0.566667 0.596875 0.5625 0.6 0.561458 0.6 0.560417 0.600781 0.559375 0.600781 0.557292 0.602344 0.55625 0.602344 0.555208 0.603125 0.554167 0.603125 0.553125 0.603906 0.552083 0.603906 0.55 0.605469 0.548958 0.605469 0.547917 0.60625 0.545833 0.60625 0.544792 0.607031 0.54375 0.607031 0.542708 0.607812 0.541667 0.607812 0.540625 0.608594 0.539583 0.608594 0.538542 0.609375 0.534375 0.609375 0.533333 0.610156 0.532292 0.610156 0.53125 0.610937 0.530208 0.610937 0.529167 0.611719 0.527083 0.611719 0.526042 0.6125 0.520833 0.6125 0.519792 0.613281 0.516667 0.613281 0.515625 0.614062 0.510417 0.614062 0.509375 0.614844 0.477083 0.614844 0.476042 0.614062 0.470833 0.614062 0.469792 0.613281 0.467708 0.613281 0.466667 0.6125 0.4625 0.6125 0.461458 0.611719 0.457292 0.611719 0.45625 0.610937 0.454167 0.610937 0.453125 0.610156 0.451042 0.610156 0.45 0.609375 0.447917 0.609375 0.446875 0.608594 0.44375 0.608594 0.442708 0.607812 0.441667 0.607812 0.440625 0.607031 0.438542 0.607031 0.4375 0.60625 0.436458 0.60625 0.435417 0.605469 0.434375 0.605469 0.433333 0.604687 0.432292 0.604687 0.43125 0.603906 0.430208 0.603906 0.429167 0.603125 0.428125 0.603125 0.427083 0.602344 0.426042 0.602344 0.423958 0.600781 0.422917 0.600781 0.421875 0.6 0.420833 0.6 0.417708 0.597656 0.416667 0.597656 0.414583 0.596094 0.413542 0.596094 0.40625 0.590625 0.405208 0.590625 0.398958 0.585938 0.398958 0.585156 0.394792 0.582031 0.394792 0.58125 0.391667 0.578906 0.391667 0.578125 0.389583 0.576562 0.389583 0.575781 0.388542 0.575 0.388542 0.574219 0.3875 0.573437 0.3875 0.572656 0.386458 0.571875 0.386458 0.571094 0.385417 0.570312 0.385417 0.56875 0.384375 0.567969 0.384375 0.566406 0.383333 0.565625 0.383333 0.563281 0.382292 0.5625 0.963607
0 0.601042 0.566406 0.6 0.567187 0.6 0.571875 0.598958 0.572656 0.598958 0.574219 0.597917 0.575 0.597917 0.578125 0.596875 0.578906 0.596875 0.586719 0.595833 0.5875 0.595833 0.588281 0.594792 0.589062 0.594792 0.589844 0.59375 0.590625 0.59375 0.591406 0.592708 0.592187 0.592708 0.594531 0.591667 0.595312 0.591667 0.596094 0.590625 0.596875 0.590625 0.597656 0.588542 0.599219 0.588542 0.6 0.5875 0.600781 0.5875 0.602344 0.585417 0.603906 0.585417 0.604687 0.583333 0.60625 0.583333 0.607031 0.58125 0.608594 0.58125 0.609375 0.567708 0.619531 0.566667 0.619531 0.564583 0.621094 0.563542 0.621094 0.559375 0.624219 0.558333 0.624219 0.557292 0.625 0.55625 0.625 0.555208 0.625781 0.554167 0.625781 0.552083 0.627344 0.551042 0.627344 0.55 0.628125 0.548958 0.628125 0.547917 0.628906 0.546875 0.628906 0.544792 0.630469 0.542708 0.630469 0.541667 0.63125 0.539583 0.63125 0.538542 0.632031 0.5375 0.632031 0.536458 0.632812 0.535417 0.632812 0.534375 0.633594 0.53125 0.633594 0.530208 0.634375 0.528125 0.634375 0.527083 0.635156 0.526042 0.635156 0.525 0.635937 0.520833 0.635937 0.519792 0.636719 0.511458 0.636719 0.510417 0.6375 0.503125 0.6375 0.502083 0.638281 0.479167 0.638281 0.478125 0.6375 0.473958 0.6375 0.472917 0.636719 0.466667 0.636719 0.465625 0.635937 0.459375 0.635937 0.458333 0.635156 0.45625 0.635156 0.455208 0.634375 0.453125 0.634375 0.452083 0.633594 0.448958 0.633594 0.447917 0.632812 0.446875 0.632812 0.445833 0.632031 0.44375 0.632031 0.442708 0.63125 0.440625 0.63125 0.439583 0.630469 0.438542 0.630469 0.436458 0.628906 0.433333 0.628906 0.432292 0.628125 0.430208 0.628125 0.429167 0.627344 0.429167 0.626562 0.428125 0.625781 0.425 0.625781 0.427083 0.627344 0.429167 0.627344 0.430208 0.628125 0.430208 0.628906 0.43125 0.629687 0.432292 0.629687 0.433333 0.630469 0.434375 0.630469 0.4375 0.632812 0.438542 0.632812 0.439583 0.633594 0.440625 0.633594 0.442708 0.635156 0.44375 0.635156 0.444792 0.635937 0.445833 0.635937 0.446875 0.636719 0.447917 0.636719 0.448958 0.6375 0.45 0.6375 0.451042 0.638281 0.453125 0.638281 0.454167 0.639062 0.45625 0.639062 0.457292 0.639844 0.458333 0.639844 0.459375 0.640625 0.461458 0.640625 0.4625 0.641406 0.466667 0.641406 0.467708 0.642187 0.46875 0.642187 0.469792 0.642969 0.471875 0.642969 0.472917 0.64375 0.517708 0.64375 0.51875 0.642969 0.522917 0.642969 0.523958 0.642187 0.526042 0.642187 0.527083 0.641406 0.530208 0.641406 0.53125 0.640625 0.535417 0.640625 0.536458 0.639844 0.5375 0.639844 0.538542 0.639062 0.540625 0.639062 0.541667 0.638281 0.54375 0.638281 0.544792 0.6375 0.545833 0.6375 0.546875 0.636719 0.547917 0.636719 0.548958 0.635937 0.55 0.635937 0.551042 0.635156 0.552083 0.635156 0.553125 0.634375 0.555208 0.634375 0.557292 0.632812 0.558333 0.632812 0.559375 0.632031 0.560417 0.632031 0.5625 0.630469 0.563542 0.630469 0.565625 0.628906 0.566667 0.628906 0.570833 0.625781 0.571875 0.625781 0.585417 0.615625 0.585417 0.614844 0.588542 0.6125 0.588542 0.611719 0.589583 0.610937 0.589583 0.610156 0.592708 0.607812 0.592708 0.607031 0.59375 0.60625 0.59375 0.605469 0.594792 0.604687 0.594792 0.603125 0.595833 0.602344 0.595833 0.601562 0.596875 0.600781 0.596875 0.6 0.597917 0.599219 0.597917 0.597656 0.598958 0.596875 0.598958 0.594531 0.6 0.59375 0.6 0.592187 0.601042 0.591406 0.601042 0.588281 0.602083 0.5875 0.602083 0.582812 0.603125 0.582031 0.603125 0.569531 0.602083 0.56875 0.602083 0.566406 0.950369
0 0.601042 0.521094 0.601042 0.519531 0.601042 0.521094 0.598958 0.522656 0.596875 0.522656 0.595833 0.523438 0.595833 0.524219 0.5875 0.530469 0.5875 0.53125 0.586458 0.532031 0.585417 0.532031 0.58125 0.535156 0.580208 0.535156 0.578125 0.536719 0.577083 0.536719 0.575 0.538281 0.573958 0.538281 0.572917 0.539062 0.571875 0.539062 0.56875 0.541406 0.567708 0.541406 0.566667 0.542187 0.565625 0.542187 0.563542 0.54375 0.5625 0.54375 0.561458 0.544531 0.560417 0.544531 0.559375 0.545312 0.558333 0.545312 0.55625 0.546875 0.554167 0.546875 0.553125 0.547656 0.552083 0.547656 0.551042 0.548437 0.548958 0.548437 0.547917 0.549219 0.546875 0.549219 0.545833 0.55 0.542708 0.55 0.541667 0.550781 0.539583 0.550781 0.538542 0.551562 0.536458 0.551562 0.535417 0.552344 0.53125 0.552344 0.530208 0.553125 0.528125 0.553125 0.527083 0.553906 0.522917 0.553906 0.521875 0.554688 0.51875 0.554688 0.517708 0.555469 0.509375 0.555469 0.508333 0.55625 0.480208 0.55625 0.479167 0.555469 0.467708 0.555469 0.466667 0.554688 0.460417 0.554688 0.459375 0.553906 0.457292 0.553906 0.45625 0.553125 0.453125 0.553125 0.452083 0.552344 0.447917 0.552344 0.446875 0.551562 0.44375 0.551562 0.442708 0.550781 0.441667 0.550781 0.440625 0.55 0.438542 0.55 0.4375 0.549219 0.434375 0.549219 0.433333 0.548437 0.432292 0.548437 0.43125 0.547656 0.429167 0.547656 0.428125 0.546875 0.427083 0.546875 0.426042 0.546094 0.423958 0.546094 0.422917 0.545312 0.421875 0.545312 0.420833 0.544531 0.419792 0.544531 0.417708 0.542969 0.416667 0.542969 0.415625 0.542187 0.414583 0.542187 0.413542 0.541406 0.4125 0.541406 0.411458 0.540625 0.410417 0.540625 0.408333 0.539062 0.407292 0.539062 0.405208 0.5375 0.404167 0.5375 0.402083 0.535937 0.401042 0.535937 0.391667 0.528906 0.390625 0.528906 0.389583 0.528125 0.389583 0.527344 0.38125 0.521094 0.38125 0.520312 0.380208 0.519531 0.379167 0.519531 0.377083 0.517969 0.377083 0.516406 0.376042 0.515625 0.375 0.515625 0.375 0.517188 0.376042 0.517969 0.376042 0.519531 0.378125 0.521094 0.378125 0.522656 0.380208 0.524219 0.380208 0.525 0.38125 0.525781 0.38125 0.526562 0.383333 0.528125 0.383333 0.528906 0.385417 0.530469 0.385417 0.53125 0.388542 0.533594 0.388542 0.534375 0.389583 0.535156 0.390625 0.535156 0.4 0.542187 0.401042 0.542187 0.404167 0.544531 0.405208 0.544531 0.408333 0.546875 0.409375 0.546875 0.411458 0.548437 0.4125 0.548437 0.413542 0.549219 0.414583 0.549219 0.415625 0.55 0.416667 0.55 0.417708 0.550781 0.41875 0.550781 0.419792 0.551562 0.420833 0.551562 0.422917 0.553125 0.423958 0.553125 0.425 0.553906 0.427083 0.553906 0.428125 0.554688 0.429167 0.554688 0.430208 0.555469 0.43125 0.555469 0.432292 0.55625 0.433333 0.55625 0.434375 0.557031 0.436458 0.557031 0.4375 0.557812 0.439583 0.557812 0.440625 0.558594 0.442708 0.558594 0.44375 0.559375 0.445833 0.559375 0.446875 0.560156 0.45 0.560156 0.451042 0.560937 0.45625 0.560937 0.457292 0.561719 0.461458 0.561719 0.4625 0.5625 0.466667 0.5625 0.467708 0.563281 0.471875 0.563281 0.472917 0.564062 0.508333 0.564062 0.509375 0.563281 0.514583 0.563281 0.515625 0.5625 0.519792 0.5625 0.520833 0.561719 0.523958 0.561719 0.525 0.560937 0.529167 0.560937 0.530208 0.560156 0.534375 0.560156 0.535417 0.559375 0.5375 0.559375 0.538542 0.558594 0.539583 0.558594 0.540625 0.557812 0.542708 0.557812 0.54375 0.557031 0.544792 0.557031 0.545833 0.55625 0.546875 0.55625 0.547917 0.555469 0.548958 0.555469 0.55 0.554688 0.552083 0.554688 0.553125 0.553906 0.555208 0.553906 0.55625 0.553125 0.557292 0.553125 0.559375 0.551562 0.560417 0.551562 0.561458 0.550781 0.5625 0.550781 0.563542 0.55 0.564583 0.55 0.565625 0.549219 0.566667 0.549219 0.56875 0.547656 0.569792 0.547656 0.572917 0.545312 0.573958 0.545312 0.577083 0.542969 0.578125 0.542969 0.58125 0.540625 0.582292 0.540625 0.589583 0.535156 0.590625 0.535156 0.592708 0.533594 0.592708 0.532812 0.59375 0.532031 0.59375 0.53125 0.596875 0.528906 0.596875 0.527344 0.597917 0.526562 0.597917 0.525 0.598958 0.524219 0.598958 0.522656 0.94388
0 0.369792 0.491406 0.369792 0.499219 0.370833 0.5 0.370833 0.500781 0.373958 0.503125 0.373958 0.504687 0.377083 0.507031 0.377083 0.507812 0.383333 0.5125 0.383333 0.513281 0.391667 0.519531 0.391667 0.520312 0.395833 0.523438 0.396875 0.523438 0.401042 0.526562 0.402083 0.526562 0.403125 0.527344 0.404167 0.527344 0.407292 0.529687 0.408333 0.529687 0.409375 0.530469 0.410417 0.530469 0.411458 0.53125 0.4125 0.53125 0.414583 0.532812 0.415625 0.532812 0.416667 0.533594 0.417708 0.533594 0.41875 0.534375 0.420833 0.534375 0.422917 0.535937 0.423958 0.535937 0.425 0.536719 0.427083 0.536719 0.428125 0.5375 0.429167 0.5375 0.430208 0.538281 0.43125 0.538281 0.432292 0.539062 0.434375 0.539062 0.435417 0.539844 0.4375 0.539844 0.438542 0.540625 0.440625 0.540625 0.441667 0.541406 0.44375 0.541406 0.444792 0.542187 0.446875 0.542187 0.447917 0.542969 0.451042 0.542969 0.452083 0.54375 0.45625 0.54375 0.457292 0.544531 0.461458 0.544531 0.4625 0.545312 0.465625 0.545312 0.466667 0.546094 0.470833 0.546094 0.471875 0.546875 0.505208 0.546875 0.50625 0.546094 0.514583 0.546094 0.515625 0.545312 0.519792 0.545312 0.520833 0.544531 0.523958 0.544531 0.525 0.54375 0.529167 0.54375 0.530208 0.542969 0.532292 0.542969 0.533333 0.542187 0.536458 0.542187 0.5375 0.541406 0.538542 0.541406 0.539583 0.540625 0.542708 0.540625 0.54375 0.539844 0.545833 0.539844 0.546875 0.539062 0.547917 0.539062 0.548958 0.538281 0.551042 0.538281 0.552083 0.5375 0.553125 0.5375 0.554167 0.536719 0.55625 0.536719 0.557292 0.535937 0.558333 0.535937 0.560417 0.534375 0.561458 0.534375 0.5625 0.533594 0.564583 0.533594 0.567708 0.53125 0.56875 0.53125 0.569792 0.530469 0.570833 0.530469 0.572917 0.528906 0.573958 0.528906 0.576042 0.527344 0.577083 0.527344 0.580208 0.525 0.58125 0.525 0.602083 0.509375 0.602083 0.508594 0.60625 0.505469 0.60625 0.504687 0.607292 0.503906 0.607292 0.503125 0.608333 0.502344 0.608333 0.501562 0.609375 0.500781 0.609375 0.5 0.610417 0.499219 0.610417 0.497656 0.611458 0.496875 0.611458 0.494531 0.610417 0.49375 0.609375 0.494531 0.609375 0.495312 0.605208 0.498437 0.605208 0.499219 0.602083 0.501562 0.602083 0.502344 0.6 0.503906 0.6 0.504687 0.588542 0.513281 0.588542 0.514062 0.5875 0.514844 0.586458 0.514844 0.584375 0.516406 0.583333 0.516406 0.578125 0.520312 0.577083 0.520312 0.573958 0.522656 0.572917 0.522656 0.571875 0.523438 0.570833 0.523438 0.56875 0.525 0.567708 0.525 0.566667 0.525781 0.565625 0.525781 0.563542 0.527344 0.5625 0.527344 0.561458 0.528125 0.559375 0.528125 0.558333 0.528906 0.557292 0.528906 0.55625 0.529687 0.554167 0.529687 0.553125 0.530469 0.551042 0.530469 0.55 0.53125 0.547917 0.53125 0.546875 0.532031 0.544792 0.532031 0.54375 0.532812 0.542708 0.532812 0.541667 0.533594 0.539583 0.533594 0.538542 0.534375 0.536458 0.534375 0.535417 0.535156 0.530208 0.535156 0.529167 0.535937 0.526042 0.535937 0.525 0.536719 0.521875 0.536719 0.520833 0.5375 0.5125 0.5375 0.511458 0.538281 0.503125 0.538281 0.502083 0.539062 0.482292 0.539062 0.48125 0.538281 0.471875 0.538281 0.470833 0.5375 0.464583 0.5375 0.463542 0.536719 0.458333 0.536719 0.457292 0.535937 0.454167 0.535937 0.453125 0.535156 0.448958 0.535156 0.447917 0.534375 0.444792 0.534375 0.44375 0.533594 0.440625 0.533594 0.439583 0.532812 0.438542 0.532812 0.4375 0.532031 0.434375 0.532031 0.433333 0.53125 0.432292 0.53125 0.43125 0.530469 0.429167 0.530469 0.428125 0.529687 0.426042 0.529687 0.425 0.528906 0.423958 0.528906 0.422917 0.528125 0.420833 0.528125 0.419792 0.527344 0.41875 0.527344 0.416667 0.525781 0.414583 0.525781 0.413542 0.525 0.4125 0.525 0.410417 0.523438 0.409375 0.523438 0.407292 0.521875 0.40625 0.521875 0.403125 0.519531 0.402083 0.519531 0.401042 0.51875 0.4 0.51875 0.395833 0.515625 0.394792 0.515625 0.39375 0.514844 0.39375 0.514062 0.389583 0.510937 0.388542 0.510937 0.385417 0.508594 0.385417 0.507812 0.378125 0.502344 0.378125 0.501562 0.373958 0.498437 0.373958 0.497656 0.372917 0.496875 0.372917 0.496094 0.369792 0.49375 0.942114
0 0.385417 0.547656 0.385417 0.553906 0.3875 0.555469 0.3875 0.55625 0.388542 0.557031 0.388542 0.558594 0.389583 0.559375 0.389583 0.560156 0.392708 0.5625 0.392708 0.563281 0.398958 0.567969 0.398958 0.56875 0.411458 0.578125 0.4125 0.578125 0.416667 0.58125 0.417708 0.58125 0.421875 0.584375 0.423958 0.584375 0.425 0.585156 0.426042 0.585156 0.427083 0.585938 0.428125 0.585938 0.429167 0.586719 0.430208 0.586719 0.43125 0.5875 0.433333 0.5875 0.434375 0.588281 0.435417 0.588281 0.4375 0.589844 0.439583 0.589844 0.440625 0.590625 0.441667 0.590625 0.442708 0.591406 0.444792 0.591406 0.445833 0.592187 0.447917 0.592187 0.448958 0.592969 0.45 0.592969 0.451042 0.59375 0.454167 0.59375 0.455208 0.594531 0.457292 0.594531 0.458333 0.595312 0.460417 0.595312 0.461458 0.596094 0.4625 0.596094 0.463542 0.596875 0.46875 0.596875 0.469792 0.597656 0.479167 0.597656 0.480208 0.598437 0.50625 0.598437 0.507292 0.597656 0.515625 0.597656 0.516667 0.596875 0.522917 0.596875 0.523958 0.596094 0.527083 0.596094 0.528125 0.595312 0.530208 0.595312 0.53125 0.594531 0.533333 0.594531 0.534375 0.59375 0.5375 0.59375 0.538542 0.592969 0.540625 0.592969 0.541667 0.592187 0.542708 0.592187 0.54375 0.591406 0.544792 0.591406 0.545833 0.590625 0.547917 0.590625 0.548958 0.589844 0.55 0.589844 0.551042 0.589062 0.552083 0.589062 0.553125 0.588281 0.554167 0.588281 0.555208 0.5875 0.55625 0.5875 0.557292 0.586719 0.558333 0.586719 0.559375 0.585938 0.560417 0.585938 0.5625 0.584375 0.563542 0.584375 0.564583 0.583594 0.565625 0.583594 0.56875 0.58125 0.569792 0.58125 0.570833 0.580469 0.571875 0.580469 0.575 0.578125 0.576042 0.578125 0.58125 0.574219 0.582292 0.574219 0.583333 0.573437 0.584375 0.573437 0.585417 0.572656 0.585417 0.571875 0.5875 0.570312 0.588542 0.570312 0.588542 0.569531 0.589583 0.56875 0.589583 0.567969 0.591667 0.566406 0.589583 0.566406 0.588542 0.567187 0.588542 0.567969 0.586458 0.569531 0.584375 0.569531 0.583333 0.570312 0.583333 0.571094 0.582292 0.571875 0.58125 0.571875 0.580208 0.572656 0.579167 0.572656 0.578125 0.573437 0.577083 0.573437 0.575 0.575 0.572917 0.575 0.571875 0.575781 0.570833 0.575781 0.566667 0.578906 0.565625 0.578906 0.564583 0.579687 0.563542 0.579687 0.5625 0.580469 0.561458 0.580469 0.560417 0.58125 0.559375 0.58125 0.558333 0.582031 0.557292 0.582031 0.55625 0.582812 0.555208 0.582812 0.554167 0.583594 0.552083 0.583594 0.551042 0.584375 0.55 0.584375 0.548958 0.585156 0.546875 0.585156 0.545833 0.585938 0.54375 0.585938 0.542708 0.586719 0.540625 0.586719 0.539583 0.5875 0.5375 0.5875 0.536458 0.588281 0.534375 0.588281 0.533333 0.589062 0.53125 0.589062 0.530208 0.589844 0.525 0.589844 0.523958 0.590625 0.51875 0.590625 0.517708 0.591406 0.513542 0.591406 0.5125 0.592187 0.503125 0.592187 0.502083 0.592969 0.497917 0.592969 0.496875 0.592187 0.48125 0.592187 0.480208 0.591406 0.476042 0.591406 0.475 0.590625 0.469792 0.590625 0.46875 0.589844 0.4625 0.589844 0.461458 0.589062 0.459375 0.589062 0.458333 0.588281 0.45625 0.588281 0.455208 0.5875 0.454167 0.5875 0.453125 0.586719 0.447917 0.586719 0.446875 0.585938 0.445833 0.585938 0.444792 0.585156 0.442708 0.585156 0.441667 0.584375 0.440625 0.584375 0.439583 0.583594 0.4375 0.583594 0.436458 0.582812 0.435417 0.582812 0.434375 0.582031 0.433333 0.582031 0.432292 0.58125 0.43125 0.58125 0.430208 0.580469 0.428125 0.580469 0.427083 0.579687 0.426042 0.579687 0.423958 0.578125 0.422917 0.578125 0.421875 0.577344 0.420833 0.577344 0.41875 0.575781 0.417708 0.575781 0.416667 0.575 0.415625 0.575 0.410417 0.571094 0.409375 0.571094 0.39375 0.559375 0.39375 0.558594 0.392708 0.557812 0.391667 0.557812 0.389583 0.55625 0.389583 0.554688 0.388542 0.553906 0.388542 0.553125 0.3875 0.553125 0.386458 0.552344 0.386458 0.550781 0.385417 0.55 0.940442
0 0.366667 0.4875 0.366667 0.492969 0.367708 0.49375 0.367708 0.495312 0.36875 0.496094 0.36875 0.496875 0.369792 0.497656 0.369792 0.498437 0.370833 0.499219 0.370833 0.500781 0.373958 0.503125 0.373958 0.503906 0.375 0.504687 0.375 0.505469 0.377083 0.507031 0.377083 0.507812 0.383333 0.5125 0.383333 0.513281 0.391667 0.519531 0.391667 0.520312 0.392708 0.521094 0.39375 0.521094 0.397917 0.524219 0.398958 0.524219 0.403125 0.527344 0.404167 0.527344 0.407292 0.529687 0.408333 0.529687 0.409375 0.530469 0.410417 0.530469 0.411458 0.53125 0.4125 0.53125 0.414583 0.532812 0.415625 0.532812 0.416667 0.533594 0.41875 0.533594 0.419792 0.534375 0.420833 0.534375 0.422917 0.535937 0.425 0.535937 0.426042 0.536719 0.427083 0.536719 0.428125 0.5375 0.429167 0.5375 0.430208 0.538281 0.432292 0.538281 0.433333 0.539062 0.434375 0.539062 0.435417 0.539844 0.4375 0.539844 0.438542 0.540625 0.440625 0.540625 0.441667 0.541406 0.444792 0.541406 0.445833 0.542187 0.447917 0.542187 0.448958 0.542969 0.452083 0.542969 0.453125 0.54375 0.457292 0.54375 0.458333 0.544531 0.461458 0.544531 0.4625 0.545312 0.465625 0.545312 0.466667 0.546094 0.471875 0.546094 0.472917 0.546875 0.504167 0.546875 0.505208 0.546094 0.513542 0.546094 0.514583 0.545312 0.51875 0.545312 0.519792 0.544531 0.522917 0.544531 0.523958 0.54375 0.529167 0.54375 0.530208 0.542969 0.532292 0.542969 0.533333 0.542187 0.535417 0.542187 0.536458 0.541406 0.538542 0.541406 0.539583 0.540625 0.542708 0.540625 0.54375 0.539844 0.545833 0.539844 0.546875 0.539062 0.547917 0.539062 0.548958 0.538281 0.551042 0.538281 0.552083 0.5375 0.553125 0.5375 0.554167 0.536719 0.55625 0.536719 0.557292 0.535937 0.558333 0.535937 0.560417 0.534375 0.561458 0.534375 0.5625 0.533594 0.564583 0.533594 0.567708 0.53125 0.56875 0.53125 0.570833 0.529687 0.571875 0.529687 0.572917 0.528906 0.573958 0.528906 0.576042 0.527344 0.577083 0.527344 0.58125 0.524219 0.582292 0.524219 0.601042 0.510156 0.601042 0.509375 0.605208 0.50625 0.605208 0.505469 0.607292 0.503906 0.607292 0.503125 0.608333 0.502344 0.608333 0.501562 0.609375 0.500781 0.609375 0.5 0.610417 0.499219 0.610417 0.49375 0.609375 0.494531 0.609375 0.495312 0.605208 0.498437 0.605208 0.499219 0.602083 0.501562 0.602083 0.502344 0.598958 0.504687 0.598958 0.505469 0.584375 0.516406 0.583333 0.516406 0.578125 0.520312 0.577083 0.520312 0.573958 0.522656 0.572917 0.522656 0.571875 0.523438 0.570833 0.523438 0.56875 0.525 0.567708 0.525 0.566667 0.525781 0.565625 0.525781 0.563542 0.527344 0.5625 0.527344 0.561458 0.528125 0.559375 0.528125 0.558333 0.528906 0.557292 0.528906 0.55625 0.529687 0.554167 0.529687 0.553125 0.530469 0.551042 0.530469 0.55 0.53125 0.547917 0.53125 0.546875 0.532031 0.544792 0.532031 0.54375 0.532812 0.542708 0.532812 0.541667 0.533594 0.539583 0.533594 0.538542 0.534375 0.535417 0.534375 0.534375 0.535156 0.530208 0.535156 0.529167 0.535937 0.526042 0.535937 0.525 0.536719 0.520833 0.536719 0.519792 0.5375 0.5125 0.5375 0.511458 0.538281 0.503125 0.538281 0.502083 0.539062 0.482292 0.539062 0.48125 0.538281 0.471875 0.538281 0.470833 0.5375 0.464583 0.5375 0.463542 0.536719 0.458333 0.536719 0.457292 0.535937 0.454167 0.535937 0.453125 0.535156 0.45 0.535156 0.448958 0.534375 0.444792 0.534375 0.44375 0.533594 0.441667 0.533594 0.440625 0.532812 0.438542 0.532812 0.4375 0.532031 0.435417 0.532031 0.434375 0.53125 0.432292 0.53125 0.43125 0.530469 0.429167 0.530469 0.428125 0.529687 0.426042 0.529687 0.425 0.528906 0.423958 0.528906 0.422917 0.528125 0.420833 0.528125 0.419792 0.527344 0.41875 0.527344 0.416667 0.525781 0.414583 0.525781 0.413542 0.525 0.4125 0.525 0.410417 0.523438 0.409375 0.523438 0.407292 0.521875 0.40625 0.521875 0.403125 0.519531 0.402083 0.519531 0.4 0.517969 0.398958 0.517969 0.395833 0.515625 0.394792 0.515625 0.39375 0.514844 0.39375 0.514062 0.389583 0.510937 0.388542 0.510937 0.385417 0.508594 0.385417 0.507812 0.378125 0.502344 0.378125 0.501562 0.373958 0.498437 0.373958 0.497656 0.372917 0.496875 0.372917 0.496094 0.371875 0.495312 0.371875 0.494531 0.369792 0.492969 0.369792 0.491406 0.36875 0.490625 0.36875 0.488281 0.367708 0.4875 0.940326
0 0.588542 0.596875 0.5875 0.597656 0.585417 0.597656 0.579167 0.602344 0.579167 0.603125 0.578125 0.603906 0.577083 0.603906 0.576042 0.604687 0.576042 0.605469 0.573958 0.607031 0.572917 0.607031 0.567708 0.610937 0.566667 0.610937 0.564583 0.6125 0.563542 0.6125 0.560417 0.614844 0.559375 0.614844 0.558333 0.615625 0.557292 0.615625 0.555208 0.617188 0.554167 0.617188 0.552083 0.61875 0.551042 0.61875 0.55 0.619531 0.548958 0.619531 0.547917 0.620312 0.546875 0.620312 0.545833 0.621094 0.544792 0.621094 0.542708 0.622656 0.540625 0.622656 0.539583 0.623437 0.538542 0.623437 0.5375 0.624219 0.536458 0.624219 0.535417 0.625 0.533333 0.625 0.532292 0.625781 0.530208 0.625781 0.529167 0.626562 0.526042 0.626562 0.525 0.627344 0.522917 0.627344 0.521875 0.628125 0.520833 0.628125 0.519792 0.628906 0.515625 0.628906 0.514583 0.629687 0.504167 0.629687 0.503125 0.630469 0.475 0.630469 0.473958 0.629687 0.467708 0.629687 0.466667 0.628906 0.460417 0.628906 0.459375 0.628125 0.45625 0.628125 0.455208 0.627344 0.453125 0.627344 0.452083 0.626562 0.45 0.626562 0.448958 0.625781 0.446875 0.625781 0.445833 0.625 0.44375 0.625 0.442708 0.624219 0.441667 0.624219 0.440625 0.623437 0.438542 0.623437 0.4375 0.622656 0.436458 0.622656 0.435417 0.621875 0.434375 0.621875 0.433333 0.621094 0.432292 0.621094 0.430208 0.619531 0.429167 0.619531 0.428125 0.61875 0.427083 0.61875 0.425 0.617188 0.423958 0.617188 0.422917 0.616406 0.421875 0.616406 0.420833 0.615625 0.419792 0.615625 0.414583 0.611719 0.413542 0.611719 0.410417 0.609375 0.409375 0.609375 0.407292 0.607812 0.407292 0.607031 0.40625 0.60625 0.405208 0.60625 0.403125 0.604687 0.403125 0.603906 0.395833 0.598437 0.395833 0.601562 0.396875 0.602344 0.396875 0.603125 0.4 0.605469 0.4 0.60625 0.401042 0.607031 0.401042 0.607812 0.407292 0.6125 0.407292 0.613281 0.4125 0.617188 0.413542 0.617188 0.419792 0.621875 0.420833 0.621875 0.422917 0.623437 0.423958 0.623437 0.425 0.624219 0.426042 0.624219 0.427083 0.625 0.428125 0.625 0.429167 0.625781 0.430208 0.625781 0.432292 0.627344 0.433333 0.627344 0.434375 0.628125 0.435417 0.628125 0.436458 0.628906 0.4375 0.628906 0.438542 0.629687 0.440625 0.629687 0.441667 0.630469 0.442708 0.630469 0.44375 0.63125 0.445833 0.63125 0.446875 0.632031 0.448958 0.632031 0.45 0.632812 0.453125 0.632812 0.454167 0.633594 0.455208 0.633594 0.45625 0.634375 0.458333 0.634375 0.459375 0.635156 0.466667 0.635156 0.467708 0.635937 0.472917 0.635937 0.473958 0.636719 0.478125 0.636719 0.479167 0.6375 0.50625 0.6375 0.507292 0.636719 0.5125 0.636719 0.513542 0.635937 0.519792 0.635937 0.520833 0.635156 0.523958 0.635156 0.525 0.634375 0.528125 0.634375 0.529167 0.633594 0.53125 0.633594 0.532292 0.632812 0.534375 0.632812 0.535417 0.632031 0.5375 0.632031 0.538542 0.63125 0.539583 0.63125 0.540625 0.630469 0.542708 0.630469 0.54375 0.629687 0.544792 0.629687 0.545833 0.628906 0.546875 0.628906 0.548958 0.627344 0.55 0.627344 0.551042 0.626562 0.552083 0.626562 0.553125 0.625781 0.554167 0.625781 0.555208 0.625 0.55625 0.625 0.558333 0.623437 0.559375 0.623437 0.5625 0.621094 0.563542 0.621094 0.566667 0.61875 0.567708 0.61875 0.579167 0.610156 0.579167 0.609375 0.58125 0.607812 0.58125 0.607031 0.584375 0.604687 0.584375 0.603906 0.585417 0.603125 0.585417 0.602344 0.586458 0.601562 0.586458 0.6 0.588542 0.598437 0.93472
0 0.596875 0.570312 0.596875 0.567969 0.597917 0.567187 0.596875 0.567187 0.596875 0.570312 0.592708 0.575781 0.589583 0.575781 0.588542 0.576562 0.588542 0.577344 0.586458 0.578906 0.585417 0.578906 0.584375 0.579687 0.584375 0.580469 0.582292 0.582031 0.58125 0.582031 0.578125 0.584375 0.577083 0.584375 0.572917 0.5875 0.571875 0.5875 0.570833 0.588281 0.569792 0.588281 0.566667 0.590625 0.565625 0.590625 0.5625 0.592969 0.561458 0.592969 0.560417 0.59375 0.559375 0.59375 0.558333 0.594531 0.557292 0.594531 0.55625 0.595312 0.555208 0.595312 0.554167 0.596094 0.553125 0.596094 0.552083 0.596875 0.551042 0.596875 0.55 0.597656 0.548958 0.597656 0.547917 0.598437 0.546875 0.598437 0.545833 0.599219 0.54375 0.599219 0.542708 0.6 0.541667 0.6 0.540625 0.600781 0.538542 0.600781 0.5375 0.601562 0.536458 0.601562 0.535417 0.602344 0.532292 0.602344 0.53125 0.603125 0.529167 0.603125 0.528125 0.603906 0.525 0.603906 0.523958 0.604687 0.519792 0.604687 0.51875 0.605469 0.511458 0.605469 0.510417 0.60625 0.495833 0.60625 0.494792 0.607031 0.489583 0.607031 0.488542 0.60625 0.479167 0.60625 0.478125 0.605469 0.471875 0.605469 0.470833 0.604687 0.46875 0.604687 0.467708 0.603906 0.465625 0.603906 0.464583 0.603125 0.459375 0.603125 0.458333 0.602344 0.455208 0.602344 0.454167 0.601562 0.452083 0.601562 0.451042 0.600781 0.445833 0.600781 0.444792 0.6 0.442708 0.6 0.441667 0.599219 0.440625 0.599219 0.439583 0.598437 0.438542 0.598437 0.4375 0.597656 0.434375 0.597656 0.432292 0.596094 0.43125 0.596094 0.430208 0.595312 0.429167 0.595312 0.428125 0.594531 0.427083 0.594531 0.426042 0.59375 0.425 0.59375 0.421875 0.591406 0.420833 0.591406 0.41875 0.589844 0.417708 0.589844 0.415625 0.588281 0.414583 0.588281 0.410417 0.585156 0.409375 0.585156 0.397917 0.576562 0.397917 0.575781 0.39375 0.572656 0.39375 0.571875 0.391667 0.570312 0.391667 0.569531 0.390625 0.56875 0.390625 0.567969 0.389583 0.567187 0.389583 0.566406 0.3875 0.564844 0.3875 0.572656 0.388542 0.573437 0.388542 0.574219 0.390625 0.575781 0.390625 0.576562 0.391667 0.577344 0.391667 0.578125 0.39375 0.579687 0.39375 0.580469 0.396875 0.582812 0.396875 0.583594 0.405208 0.589844 0.40625 0.589844 0.413542 0.595312 0.414583 0.595312 0.416667 0.596875 0.417708 0.596875 0.420833 0.599219 0.421875 0.599219 0.422917 0.6 0.423958 0.6 0.426042 0.601562 0.428125 0.601562 0.430208 0.603125 0.43125 0.603125 0.432292 0.603906 0.433333 0.603906 0.434375 0.604687 0.435417 0.604687 0.436458 0.605469 0.438542 0.605469 0.439583 0.60625 0.440625 0.60625 0.441667 0.607031 0.442708 0.607031 0.44375 0.607812 0.446875 0.607812 0.447917 0.608594 0.45 0.608594 0.451042 0.609375 0.453125 0.609375 0.454167 0.610156 0.457292 0.610156 0.458333 0.610937 0.4625 0.610937 0.463542 0.611719 0.466667 0.611719 0.467708 0.6125 0.46875 0.6125 0.469792 0.613281 0.473958 0.613281 0.475 0.614062 0.511458 0.614062 0.5125 0.613281 0.515625 0.613281 0.516667 0.6125 0.519792 0.6125 0.520833 0.611719 0.523958 0.611719 0.525 0.610937 0.529167 0.610937 0.530208 0.610156 0.53125 0.610156 0.532292 0.609375 0.533333 0.609375 0.534375 0.608594 0.536458 0.608594 0.5375 0.607812 0.540625 0.607812 0.541667 0.607031 0.542708 0.607031 0.54375 0.60625 0.544792 0.60625 0.545833 0.605469 0.546875 0.605469 0.547917 0.604687 0.55 0.604687 0.552083 0.603125 0.553125 0.603125 0.554167 0.602344 0.555208 0.602344 0.55625 0.601562 0.557292 0.601562 0.559375 0.6 0.560417 0.6 0.561458 0.599219 0.5625 0.599219 0.565625 0.596875 0.566667 0.596875 0.56875 0.595312 0.569792 0.595312 0.572917 0.592969 0.573958 0.592969 0.583333 0.585938 0.584375 0.585938 0.585417 0.585156 0.585417 0.584375 0.590625 0.580469 0.590625 0.579687 0.591667 0.578906 0.591667 0.576562 0.592708 0.575781 0.926657
0 0.596875 0.564062 0.596875 0.564062 0.594792 0.566406 0.59375 0.566406 0.592708 0.567187 0.592708 0.567969 0.590625 0.569531 0.589583 0.569531 0.588542 0.570312 0.588542 0.571094 0.586458 0.572656 0.585417 0.572656 0.58125 0.575781 0.580208 0.575781 0.579167 0.576562 0.579167 0.577344 0.578125 0.578125 0.577083 0.578125 0.575 0.579687 0.573958 0.579687 0.571875 0.58125 0.570833 0.58125 0.56875 0.582812 0.567708 0.582812 0.567708 0.583594 0.566667 0.584375 0.565625 0.584375 0.564583 0.585156 0.5625 0.585156 0.561458 0.585938 0.560417 0.585938 0.558333 0.5875 0.557292 0.5875 0.55625 0.588281 0.554167 0.588281 0.553125 0.589062 0.552083 0.589062 0.551042 0.589844 0.55 0.589844 0.547917 0.591406 0.545833 0.591406 0.544792 0.592187 0.54375 0.592187 0.542708 0.592969 0.541667 0.592969 0.540625 0.59375 0.539583 0.59375 0.538542 0.594531 0.535417 0.594531 0.534375 0.595312 0.532292 0.595312 0.53125 0.596094 0.529167 0.596094 0.528125 0.596875 0.526042 0.596875 0.525 0.597656 0.517708 0.597656 0.516667 0.598437 0.509375 0.598437 0.508333 0.599219 0.494792 0.599219 0.49375 0.6 0.492708 0.599219 0.478125 0.599219 0.477083 0.598437 0.46875 0.598437 0.467708 0.597656 0.4625 0.597656 0.461458 0.596875 0.460417 0.596875 0.459375 0.596094 0.45625 0.596094 0.455208 0.595312 0.452083 0.595312 0.451042 0.594531 0.45 0.594531 0.448958 0.59375 0.447917 0.59375 0.446875 0.592969 0.444792 0.592969 0.44375 0.592187 0.441667 0.592187 0.440625 0.591406 0.438542 0.591406 0.4375 0.590625 0.436458 0.590625 0.434375 0.589062 0.433333 0.589062 0.432292 0.588281 0.430208 0.588281 0.429167 0.5875 0.428125 0.5875 0.426042 0.585938 0.425 0.585938 0.423958 0.585156 0.422917 0.585156 0.421875 0.584375 0.420833 0.584375 0.41875 0.582812 0.417708 0.582812 0.4125 0.578906 0.411458 0.578906 0.396875 0.567969 0.396875 0.567187 0.389583 0.561719 0.389583 0.560156 0.388542 0.559375 0.388542 0.558594 0.385417 0.55625 0.385417 0.553906 0.384375 0.553125 0.384375 0.552344 0.384375 0.560156 0.385417 0.560937 0.385417 0.561719 0.386458 0.5625 0.386458 0.563281 0.3875 0.564062 0.3875 0.564844 0.388542 0.565625 0.388542 0.566406 0.389583 0.567187 0.389583 0.567969 0.391667 0.569531 0.391667 0.570312 0.396875 0.574219 0.396875 0.575 0.398958 0.576562 0.398958 0.577344 0.408333 0.584375 0.409375 0.584375 0.4125 0.586719 0.413542 0.586719 0.416667 0.589062 0.417708 0.589062 0.419792 0.590625 0.420833 0.590625 0.421875 0.591406 0.422917 0.591406 0.425 0.592969 0.426042 0.592969 0.427083 0.59375 0.428125 0.59375 0.429167 0.594531 0.430208 0.594531 0.43125 0.595312 0.432292 0.595312 0.434375 0.596875 0.435417 0.596875 0.436458 0.597656 0.4375 0.597656 0.438542 0.598437 0.440625 0.598437 0.441667 0.599219 0.44375 0.599219 0.444792 0.6 0.445833 0.6 0.446875 0.600781 0.45 0.600781 0.451042 0.601562 0.454167 0.601562 0.455208 0.602344 0.458333 0.602344 0.459375 0.603125 0.461458 0.603125 0.4625 0.603906 0.464583 0.603906 0.465625 0.604687 0.470833 0.604687 0.471875 0.605469 0.478125 0.605469 0.479167 0.60625 0.507292 0.60625 0.508333 0.605469 0.515625 0.605469 0.516667 0.604687 0.522917 0.604687 0.523958 0.603906 0.527083 0.603906 0.528125 0.603125 0.529167 0.603125 0.530208 0.602344 0.532292 0.602344 0.533333 0.601562 0.535417 0.601562 0.536458 0.600781 0.538542 0.600781 0.539583 0.6 0.541667 0.6 0.542708 0.599219 0.544792 0.599219 0.545833 0.598437 0.546875 0.598437 0.547917 0.597656 0.55 0.597656 0.551042 0.596875 0.553125 0.596875 0.554167 0.596094 0.555208 0.596094 0.558333 0.59375 0.560417 0.59375 0.561458 0.592969 0.5625 0.592969 0.564583 0.591406 0.565625 0.591406 0.570833 0.5875 0.571875 0.5875 0.572917 0.586719 0.573958 0.586719 0.576042 0.585156 0.577083 0.585156 0.584375 0.579687 0.584375 0.578906 0.589583 0.575 0.589583 0.574219 0.591667 0.572656 0.591667 0.571875 0.59375 0.570312 0.59375 0.567969 0.594792 0.567187 0.594792 0.566406 0.922779
0 0.605208 0.505469 0.605208 0.50625 0.604167 0.507031 0.604167 0.507812 0.602083 0.509375 0.602083 0.510156 0.601042 0.510937 0.601042 0.511719 0.596875 0.514844 0.596875 0.515625 0.595833 0.516406 0.594792 0.516406 0.589583 0.520312 0.588542 0.520312 0.588542 0.521094 0.586458 0.522656 0.585417 0.522656 0.584375 0.523438 0.584375 0.524219 0.582292 0.525781 0.58125 0.525781 0.577083 0.528906 0.575 0.528906 0.572917 0.530469 0.571875 0.530469 0.569792 0.532031 0.56875 0.532031 0.566667 0.533594 0.565625 0.533594 0.564583 0.534375 0.563542 0.534375 0.5625 0.535156 0.561458 0.535156 0.560417 0.535937 0.559375 0.535937 0.557292 0.5375 0.555208 0.5375 0.554167 0.538281 0.552083 0.538281 0.551042 0.539062 0.55 0.539062 0.548958 0.539844 0.547917 0.539844 0.546875 0.540625 0.544792 0.540625 0.54375 0.541406 0.540625 0.541406 0.539583 0.542187 0.5375 0.542187 0.536458 0.542969 0.534375 0.542969 0.533333 0.54375 0.53125 0.54375 0.530208 0.544531 0.525 0.544531 0.523958 0.545312 0.520833 0.545312 0.519792 0.546094 0.516667 0.546094 0.515625 0.546875 0.508333 0.546875 0.507292 0.547656 0.471875 0.547656 0.470833 0.546875 0.465625 0.546875 0.464583 0.546094 0.461458 0.546094 0.460417 0.545312 0.45625 0.545312 0.455208 0.544531 0.451042 0.544531 0.45 0.54375 0.446875 0.54375 0.445833 0.542969 0.444792 0.542969 0.44375 0.542187 0.440625 0.542187 0.439583 0.541406 0.436458 0.541406 0.435417 0.540625 0.434375 0.540625 0.433333 0.539844 0.432292 0.539844 0.43125 0.539062 0.429167 0.539062 0.428125 0.538281 0.426042 0.538281 0.425 0.5375 0.423958 0.5375 0.421875 0.535937 0.420833 0.535937 0.419792 0.535156 0.417708 0.535156 0.416667 0.534375 0.415625 0.534375 0.414583 0.533594 0.413542 0.533594 0.411458 0.532031 0.409375 0.532031 0.40625 0.529687 0.405208 0.529687 0.403125 0.528125 0.402083 0.528125 0.398958 0.525781 0.397917 0.525781 0.39375 0.522656 0.392708 0.522656 0.390625 0.521094 0.390625 0.520312 0.388542 0.51875 0.3875 0.51875 0.385417 0.517188 0.385417 0.516406 0.384375 0.515625 0.383333 0.515625 0.382292 0.514844 0.382292 0.514062 0.378125 0.510937 0.378125 0.510156 0.376042 0.508594 0.376042 0.507812 0.375 0.507812 0.375 0.511719 0.376042 0.5125 0.376042 0.514062 0.378125 0.515625 0.378125 0.516406 0.382292 0.519531 0.382292 0.520312 0.388542 0.525 0.388542 0.525781 0.401042 0.535156 0.402083 0.535156 0.404167 0.536719 0.405208 0.536719 0.40625 0.5375 0.407292 0.5375 0.409375 0.539062 0.410417 0.539062 0.4125 0.540625 0.413542 0.540625 0.414583 0.541406 0.415625 0.541406 0.416667 0.542187 0.417708 0.542187 0.41875 0.542969 0.419792 0.542969 0.421875 0.544531 0.423958 0.544531 0.425 0.545312 0.427083 0.545312 0.428125 0.546094 0.429167 0.546094 0.430208 0.546875 0.43125 0.546875 0.432292 0.547656 0.434375 0.547656 0.435417 0.548437 0.438542 0.548437 0.439583 0.549219 0.440625 0.549219 0.441667 0.55 0.442708 0.55 0.44375 0.550781 0.446875 0.550781 0.447917 0.551562 0.452083 0.551562 0.453125 0.552344 0.45625 0.552344 0.457292 0.553125 0.459375 0.553125 0.460417 0.553906 0.465625 0.553906 0.466667 0.554688 0.517708 0.554688 0.51875 0.553906 0.521875 0.553906 0.522917 0.553125 0.526042 0.553125 0.527083 0.552344 0.529167 0.552344 0.530208 0.551562 0.534375 0.551562 0.535417 0.550781 0.538542 0.550781 0.539583 0.55 0.540625 0.55 0.541667 0.549219 0.54375 0.549219 0.544792 0.548437 0.547917 0.548437 0.548958 0.547656 0.55 0.547656 0.551042 0.546875 0.552083 0.546875 0.553125 0.546094 0.554167 0.546094 0.555208 0.545312 0.557292 0.545312 0.558333 0.544531 0.559375 0.544531 0.561458 0.542969 0.5625 0.542969 0.563542 0.542187 0.564583 0.542187 0.566667 0.540625 0.567708 0.540625 0.56875 0.539844 0.569792 0.539844 0.571875 0.538281 0.572917 0.538281 0.575 0.536719 0.576042 0.536719 0.577083 0.535937 0.578125 0.535937 0.579167 0.535156 0.580208 0.535156 0.592708 0.525781 0.592708 0.525 0.597917 0.521094 0.597917 0.520312 0.6 0.51875 0.6 0.517969 0.601042 0.517188 0.601042 0.516406 0.602083 0.515625 0.602083 0.514844 0.603125 0.514062 0.603125 0.5125 0.605208 0.510937 0.605208 0.509375 0.60625 0.508594 0.60625 0.505469 0.92136
0 0.560417 0.569531 0.559375 0.56875 0.558333 0.569531 0.560417 0.569531 0.567708 0.566406 0.577083 0.560156 0.580208 0.560156 0.580208 0.558594 0.582292 0.557031 0.584375 0.557031 0.588542 0.553906 0.5875 0.553906 0.592708 0.549219 0.592708 0.550781 0.58125 0.547656 0.584375 0.544531 0.585417 0.544531 0.591667 0.539844 0.591667 0.538281 0.59375 0.536719 0.59375 0.535156 0.601042 0.532031 0.570833 0.551562 0.569792 0.550781 0.567708 0.550781 0.566667 0.551562 0.565625 0.551562 0.563542 0.553125 0.5625 0.553125 0.561458 0.553906 0.560417 0.553906 0.559375 0.554688 0.557292 0.554688 0.55625 0.555469 0.555208 0.555469 0.554167 0.55625 0.552083 0.55625 0.551042 0.557031 0.548958 0.557031 0.547917 0.557812 0.545833 0.557812 0.54375 0.559375 0.541667 0.559375 0.540625 0.560156 0.536458 0.560156 0.535417 0.560937 0.533333 0.560937 0.532292 0.561719 0.530208 0.561719 0.529167 0.5625 0.523958 0.5625 0.522917 0.563281 0.517708 0.563281 0.516667 0.564062 0.508333 0.564062 0.507292 0.564844 0.471875 0.564844 0.470833 0.564062 0.466667 0.564062 0.465625 0.563281 0.460417 0.563281 0.459375 0.5625 0.455208 0.5625 0.454167 0.561719 0.45 0.561719 0.448958 0.560937 0.446875 0.560937 0.445833 0.560156 0.442708 0.560156 0.441667 0.559375 0.439583 0.559375 0.438542 0.558594 0.436458 0.558594 0.435417 0.557812 0.434375 0.557812 0.433333 0.557031 0.43125 0.557031 0.430208 0.55625 0.429167 0.55625 0.428125 0.555469 0.427083 0.555469 0.426042 0.554688 0.425 0.554688 0.423958 0.553906 0.421875 0.553906 0.420833 0.553125 0.419792 0.553125 0.417708 0.551562 0.416667 0.551562 0.415625 0.550781 0.414583 0.550781 0.413542 0.55 0.4125 0.55 0.410417 0.548437 0.409375 0.548437 0.407292 0.546875 0.40625 0.546875 0.404167 0.545312 0.403125 0.545312 0.401042 0.54375 0.4 0.54375 0.391667 0.5375 0.390625 0.5375 0.389583 0.536719 0.389583 0.535937 0.383333 0.53125 0.383333 0.530469 0.38125 0.528906 0.38125 0.528125 0.380208 0.527344 0.380208 0.526562 0.379167 0.525781 0.379167 0.525 0.377083 0.523438 0.377083 0.521875 0.376042 0.521094 0.376042 0.520312 0.375 0.519531 0.375 0.51875 0.373958 0.517969 0.373958 0.515625 0.372917 0.514844 0.372917 0.513281 0.371875 0.5125 0.371875 0.511719 0.370833 0.510937 0.370833 0.520312 0.371875 0.521094 0.371875 0.522656 0.373958 0.524219 0.373958 0.525 0.375 0.525781 0.375 0.527344 0.376042 0.528125 0.376042 0.529687 0.377083 0.530469 0.377083 0.53125 0.379167 0.532812 0.379167 0.533594 0.38125 0.535156 0.38125 0.535937 0.384375 0.538281 0.384375 0.539062 0.3875 0.541406 0.3875 0.542187 0.390625 0.544531 0.390625 0.545312 0.398958 0.551562 0.4 0.551562 0.401042 0.552344 0.401042 0.553125 0.403125 0.554688 0.404167 0.554688 0.40625 0.55625 0.407292 0.55625 0.408333 0.557031 0.409375 0.557031 0.410417 0.557812 0.411458 0.557812 0.4125 0.558594 0.413542 0.558594 0.414583 0.559375 0.415625 0.559375 0.416667 0.560156 0.417708 0.560156 0.41875 0.560937 0.419792 0.560937 0.420833 0.561719 0.421875 0.561719 0.422917 0.5625 0.425 0.5625 0.426042 0.563281 0.427083 0.563281 0.428125 0.564062 0.429167 0.564062 0.430208 0.564844 0.432292 0.564844 0.433333 0.565625 0.435417 0.565625 0.436458 0.566406 0.438542 0.566406 0.439583 0.567187 0.440625 0.567187 0.441667 0.567969 0.44375 0.567969 0.444792 0.56875 0.447917 0.56875 0.448958 0.569531 0.453125 0.569531 0.454167 0.570312 0.45625 0.570312 0.457292 0.571094 0.461458 0.571094 0.4625 0.571875 0.519792 0.571875 0.520833 0.571094 0.522917 0.571094 0.523958 0.570312 0.527083 0.570312 0.528125 0.569531 0.536458 0.569531 0.5375 0.56875 0.538542 0.56875 0.541667 0.566406 0.54375 0.566406 0.544792 0.565625 0.547917 0.565625 0.548958 0.564844 0.55 0.564844 0.551042 0.564062 0.555208 0.564062 0.557292 0.5625 0.557292 0.561719 0.561458 0.558594 0.5625 0.558594 0.563542 0.557812 0.564583 0.557812 0.565625 0.557031 0.566667 0.557031 0.570833 0.553906 0.570833 0.551562 0.601042 0.532031 0.602083 0.532812 0.60625 0.532812 0.60625 0.516406 0.60625 0.520312 0.605208 0.521094 0.605208 0.521875 0.603125 0.523438 0.603125 0.524219 0.602083 0.525 0.602083 0.53125 0.601042 0.532031 0.59375 0.535156 0.592708 0.535156 0.592708 0.535937 0.590625 0.5375 0.589583 0.5375 0.583333 0.542187 0.584375 0.542969 0.584375 0.544531 0.58125 0.547656 0.58125 0.547656 0.592708 0.550781 0.592708 0.548437 0.59375 0.547656 0.59375 0.548437 0.592708 0.549219 0.5875 0.553906 0.588542 0.553125 0.588542 0.553906 0.584375 0.557031 0.58125 0.557031 0.58125 0.557812 0.578125 0.560156 0.577083 0.560156 0.567708 0.566406 0.567708 0.566406 0.920045
0 0.601042 0.592187 0.6 0.592969 0.6 0.595312 0.598958 0.596094 0.598958 0.597656 0.597917 0.598437 0.597917 0.599219 0.596875 0.6 0.596875 0.602344 0.595833 0.603125 0.595833 0.603906 0.594792 0.604687 0.594792 0.605469 0.59375 0.60625 0.59375 0.607031 0.592708 0.607812 0.592708 0.608594 0.589583 0.610937 0.589583 0.611719 0.588542 0.6125 0.588542 0.613281 0.5875 0.614062 0.5875 0.614844 0.580208 0.620312 0.580208 0.621094 0.578125 0.622656 0.577083 0.622656 0.56875 0.628906 0.567708 0.628906 0.564583 0.63125 0.563542 0.63125 0.5625 0.632031 0.561458 0.632031 0.559375 0.633594 0.558333 0.633594 0.55625 0.635156 0.554167 0.635156 0.553125 0.635937 0.551042 0.635937 0.548958 0.6375 0.547917 0.6375 0.546875 0.638281 0.544792 0.638281 0.54375 0.639062 0.542708 0.639062 0.541667 0.639844 0.539583 0.639844 0.538542 0.640625 0.5375 0.640625 0.536458 0.641406 0.532292 0.641406 0.53125 0.642187 0.528125 0.642187 0.527083 0.642969 0.525 0.642969 0.523958 0.64375 0.519792 0.64375 0.51875 0.644531 0.498958 0.644531 0.497917 0.645312 0.489583 0.645312 0.488542 0.644531 0.472917 0.644531 0.471875 0.64375 0.469792 0.64375 0.46875 0.642969 0.466667 0.642969 0.465625 0.642187 0.461458 0.642187 0.460417 0.641406 0.458333 0.641406 0.457292 0.640625 0.45625 0.640625 0.455208 0.639844 0.453125 0.639844 0.452083 0.639062 0.451042 0.639062 0.45 0.638281 0.447917 0.638281 0.446875 0.6375 0.445833 0.6375 0.44375 0.635937 0.442708 0.635937 0.441667 0.635156 0.440625 0.635156 0.439583 0.634375 0.438542 0.634375 0.436458 0.632812 0.435417 0.632812 0.434375 0.632031 0.433333 0.632031 0.432292 0.63125 0.43125 0.63125 0.429167 0.629687 0.428125 0.629687 0.425 0.627344 0.423958 0.627344 0.41875 0.623437 0.417708 0.623437 0.4125 0.619531 0.411458 0.619531 0.410417 0.61875 0.410417 0.617969 0.410417 0.621094 0.411458 0.621094 0.4125 0.621875 0.4125 0.622656 0.413542 0.623437 0.413542 0.624219 0.41875 0.628125 0.41875 0.628906 0.427083 0.635156 0.428125 0.635156 0.43125 0.6375 0.432292 0.6375 0.435417 0.639844 0.436458 0.639844 0.4375 0.640625 0.438542 0.640625 0.440625 0.642187 0.441667 0.642187 0.442708 0.642969 0.44375 0.642969 0.444792 0.64375 0.445833 0.64375 0.446875 0.644531 0.447917 0.644531 0.448958 0.645312 0.45 0.645312 0.451042 0.646094 0.453125 0.646094 0.454167 0.646875 0.45625 0.646875 0.457292 0.647656 0.458333 0.647656 0.459375 0.648438 0.461458 0.648438 0.4625 0.649219 0.464583 0.649219 0.465625 0.65 0.46875 0.65 0.469792 0.650781 0.472917 0.650781 0.473958 0.651562 0.479167 0.651562 0.480208 0.652344 0.485417 0.652344 0.486458 0.653125 0.513542 0.653125 0.514583 0.652344 0.519792 0.652344 0.520833 0.651562 0.526042 0.651562 0.527083 0.650781 0.530208 0.650781 0.53125 0.65 0.534375 0.65 0.535417 0.649219 0.5375 0.649219 0.538542 0.648438 0.540625 0.648438 0.541667 0.647656 0.542708 0.647656 0.54375 0.646875 0.545833 0.646875 0.546875 0.646094 0.547917 0.646094 0.548958 0.645312 0.551042 0.645312 0.552083 0.644531 0.553125 0.644531 0.554167 0.64375 0.555208 0.64375 0.55625 0.642969 0.557292 0.642969 0.558333 0.642187 0.559375 0.642187 0.561458 0.640625 0.5625 0.640625 0.564583 0.639062 0.565625 0.639062 0.566667 0.638281 0.567708 0.638281 0.571875 0.635156 0.572917 0.635156 0.585417 0.625781 0.585417 0.625 0.588542 0.622656 0.588542 0.621875 0.591667 0.619531 0.591667 0.61875 0.59375 0.617188 0.59375 0.616406 0.594792 0.615625 0.594792 0.614844 0.596875 0.613281 0.596875 0.611719 0.597917 0.610937 0.597917 0.610156 0.598958 0.609375 0.598958 0.608594 0.6 0.607812 0.6 0.605469 0.601042 0.604687 0.885399
0 0.602083 0.546875 0.601042 0.547656 0.601042 0.548437 0.596875 0.551562 0.596875 0.552344 0.594792 0.553906 0.59375 0.553906 0.59375 0.554688 0.590625 0.557031 0.589583 0.557031 0.586458 0.559375 0.585417 0.559375 0.58125 0.5625 0.580208 0.5625 0.579167 0.563281 0.578125 0.563281 0.573958 0.566406 0.571875 0.566406 0.56875 0.56875 0.567708 0.56875 0.566667 0.569531 0.565625 0.569531 0.564583 0.570312 0.563542 0.570312 0.561458 0.571875 0.560417 0.571875 0.559375 0.572656 0.557292 0.572656 0.55625 0.573437 0.555208 0.573437 0.553125 0.575 0.551042 0.575 0.55 0.575781 0.546875 0.575781 0.545833 0.576562 0.544792 0.576562 0.54375 0.577344 0.542708 0.577344 0.541667 0.578125 0.539583 0.578125 0.538542 0.578906 0.534375 0.578906 0.533333 0.579687 0.53125 0.579687 0.530208 0.580469 0.526042 0.580469 0.525 0.58125 0.516667 0.58125 0.515625 0.582031 0.509375 0.582031 0.508333 0.582812 0.482292 0.582812 0.48125 0.582031 0.476042 0.582031 0.475 0.58125 0.467708 0.58125 0.466667 0.580469 0.461458 0.580469 0.460417 0.579687 0.459375 0.579687 0.458333 0.578906 0.457292 0.578906 0.45625 0.578125 0.451042 0.578125 0.45 0.577344 0.446875 0.577344 0.445833 0.576562 0.444792 0.576562 0.44375 0.575781 0.442708 0.575781 0.441667 0.575 0.439583 0.575 0.438542 0.574219 0.435417 0.574219 0.43125 0.571094 0.429167 0.571094 0.428125 0.570312 0.427083 0.570312 0.426042 0.569531 0.425 0.569531 0.422917 0.567969 0.421875 0.567969 0.419792 0.566406 0.41875 0.566406 0.414583 0.563281 0.413542 0.563281 0.410417 0.560937 0.409375 0.560937 0.407292 0.559375 0.40625 0.559375 0.402083 0.55625 0.401042 0.55625 0.39375 0.550781 0.39375 0.55 0.392708 0.549219 0.392708 0.557031 0.39375 0.557812 0.39375 0.558594 0.403125 0.565625 0.404167 0.565625 0.410417 0.570312 0.411458 0.570312 0.415625 0.573437 0.416667 0.573437 0.41875 0.575 0.419792 0.575 0.421875 0.576562 0.422917 0.576562 0.423958 0.577344 0.425 0.577344 0.427083 0.578906 0.429167 0.578906 0.430208 0.579687 0.43125 0.579687 0.432292 0.580469 0.433333 0.580469 0.434375 0.58125 0.435417 0.58125 0.436458 0.582031 0.438542 0.582031 0.439583 0.582812 0.440625 0.582812 0.441667 0.583594 0.44375 0.583594 0.444792 0.584375 0.445833 0.584375 0.446875 0.585156 0.45 0.585156 0.451042 0.585938 0.453125 0.585938 0.454167 0.586719 0.45625 0.586719 0.457292 0.5875 0.459375 0.5875 0.460417 0.588281 0.464583 0.588281 0.465625 0.589062 0.470833 0.589062 0.471875 0.589844 0.476042 0.589844 0.477083 0.590625 0.482292 0.590625 0.483333 0.591406 0.5125 0.591406 0.513542 0.590625 0.517708 0.590625 0.51875 0.589844 0.521875 0.589844 0.522917 0.589062 0.528125 0.589062 0.529167 0.588281 0.532292 0.588281 0.533333 0.5875 0.535417 0.5875 0.536458 0.586719 0.539583 0.586719 0.540625 0.585938 0.542708 0.585938 0.54375 0.585156 0.544792 0.585156 0.545833 0.584375 0.547917 0.584375 0.548958 0.583594 0.55 0.583594 0.551042 0.582812 0.553125 0.582812 0.554167 0.582031 0.555208 0.582031 0.55625 0.58125 0.557292 0.58125 0.558333 0.580469 0.559375 0.580469 0.560417 0.579687 0.5625 0.579687 0.563542 0.578906 0.564583 0.578906 0.566667 0.577344 0.567708 0.577344 0.571875 0.574219 0.573958 0.574219 0.575 0.573437 0.576042 0.573437 0.578125 0.571875 0.579167 0.571875 0.584375 0.567969 0.585417 0.567969 0.594792 0.560937 0.594792 0.560156 0.598958 0.557031 0.598958 0.55625 0.601042 0.554688 0.601042 0.553906 0.602083 0.553125 0.602083 0.550781 0.603125 0.55 0.603125 0.547656 0.759659
0 0.601042 0.547656 0.601042 0.548437 0.6 0.549219 0.6 0.55 0.597917 0.551562 0.597917 0.552344 0.594792 0.554688 0.59375 0.554688 0.59375 0.555469 0.590625 0.557812 0.589583 0.557812 0.589583 0.558594 0.588542 0.559375 0.5875 0.559375 0.586458 0.560156 0.585417 0.560156 0.582292 0.5625 0.58125 0.5625 0.580208 0.563281 0.579167 0.563281 0.578125 0.564062 0.577083 0.564062 0.573958 0.566406 0.572917 0.566406 0.571875 0.567187 0.570833 0.567187 0.56875 0.56875 0.567708 0.56875 0.566667 0.569531 0.565625 0.569531 0.564583 0.570312 0.563542 0.570312 0.561458 0.571875 0.560417 0.571875 0.559375 0.572656 0.557292 0.572656 0.55625 0.573437 0.555208 0.573437 0.553125 0.575 0.551042 0.575 0.55 0.575781 0.547917 0.575781 0.546875 0.576562 0.545833 0.576562 0.544792 0.577344 0.542708 0.577344 0.541667 0.578125 0.540625 0.578125 0.539583 0.578906 0.534375 0.578906 0.533333 0.579687 0.53125 0.579687 0.530208 0.580469 0.528125 0.580469 0.527083 0.58125 0.520833 0.58125 0.519792 0.582031 0.511458 0.582031 0.510417 0.582812 0.502083 0.582812 0.501042 0.583594 0.485417 0.583594 0.484375 0.582812 0.479167 0.582812 0.478125 0.582031 0.470833 0.582031 0.469792 0.58125 0.463542 0.58125 0.4625 0.580469 0.459375 0.580469 0.458333 0.579687 0.45625 0.579687 0.455208 0.578906 0.453125 0.578906 0.452083 0.578125 0.447917 0.578125 0.446875 0.577344 0.444792 0.577344 0.44375 0.576562 0.442708 0.576562 0.441667 0.575781 0.439583 0.575781 0.438542 0.575 0.436458 0.575 0.435417 0.574219 0.434375 0.574219 0.433333 0.573437 0.432292 0.573437 0.43125 0.572656 0.430208 0.572656 0.429167 0.571875 0.428125 0.571875 0.427083 0.571094 0.426042 0.571094 0.423958 0.569531 0.422917 0.569531 0.421875 0.56875 0.420833 0.56875 0.417708 0.566406 0.416667 0.566406 0.409375 0.560937 0.408333 0.560937 0.40625 0.559375 0.405208 0.559375 0.402083 0.557031 0.401042 0.557031 0.4 0.55625 0.398958 0.55625 0.397917 0.555469 0.397917 0.554688 0.39375 0.551562 0.39375 0.550781 0.39375 0.559375 0.396875 0.561719 0.397917 0.561719 0.4 0.563281 0.4 0.564062 0.401042 0.564844 0.402083 0.564844 0.404167 0.566406 0.404167 0.567187 0.405208 0.567187 0.409375 0.570312 0.410417 0.570312 0.414583 0.573437 0.415625 0.573437 0.417708 0.575 0.41875 0.575 0.420833 0.576562 0.421875 0.576562 0.422917 0.577344 0.423958 0.577344 0.426042 0.578906 0.427083 0.578906 0.428125 0.579687 0.430208 0.579687 0.43125 0.580469 0.432292 0.580469 0.433333 0.58125 0.434375 0.58125 0.435417 0.582031 0.436458 0.582031 0.4375 0.582812 0.439583 0.582812 0.440625 0.583594 0.442708 0.583594 0.44375 0.584375 0.444792 0.584375 0.445833 0.585156 0.446875 0.585156 0.447917 0.585938 0.453125 0.585938 0.454167 0.586719 0.45625 0.586719 0.457292 0.5875 0.458333 0.5875 0.459375 0.588281 0.461458 0.588281 0.4625 0.589062 0.46875 0.589062 0.469792 0.589844 0.473958 0.589844 0.475 0.590625 0.480208 0.590625 0.48125 0.591406 0.486458 0.591406 0.4875 0.592187 0.510417 0.592187 0.511458 0.591406 0.513542 0.591406 0.514583 0.590625 0.51875 0.590625 0.519792 0.589844 0.525 0.589844 0.526042 0.589062 0.530208 0.589062 0.53125 0.588281 0.533333 0.588281 0.534375 0.5875 0.5375 0.5875 0.538542 0.586719 0.540625 0.586719 0.541667 0.585938 0.54375 0.585938 0.544792 0.585156 0.546875 0.585156 0.547917 0.584375 0.548958 0.584375 0.55 0.583594 0.552083 0.583594 0.553125 0.582812 0.554167 0.582812 0.555208 0.582031 0.55625 0.582031 0.557292 0.58125 0.558333 0.58125 0.559375 0.580469 0.560417 0.580469 0.561458 0.579687 0.5625 0.579687 0.563542 0.578906 0.564583 0.578906 0.565625 0.578125 0.566667 0.578125 0.570833 0.575 0.571875 0.575 0.572917 0.574219 0.575 0.574219 0.576042 0.573437 0.577083 0.573437 0.578125 0.572656 0.579167 0.572656 0.584375 0.56875 0.585417 0.56875 0.588542 0.566406 0.588542 0.565625 0.590625 0.564062 0.591667 0.564062 0.59375 0.5625 0.59375 0.561719 0.597917 0.558594 0.597917 0.557812 0.598958 0.557031 0.598958 0.55625 0.601042 0.554688 0.601042 0.553906 0.602083 0.553125 0.602083 0.547656 0.327315
