0 0.438542 0.303125 0.4375 0.303906 0.435417 0.303906 0.434375 0.304688 0.432292 0.304688 0.43125 0.305469 0.429167 0.305469 0.428125 0.30625 0.426042 0.30625 0.425 0.307031 0.422917 0.307031 0.421875 0.307812 0.419792 0.307812 0.41875 0.308594 0.416667 0.308594 0.415625 0.309375 0.414583 0.309375 0.413542 0.310156 0.4125 0.310156 0.411458 0.310937 0.409375 0.310937 0.408333 0.311719 0.407292 0.311719 0.405208 0.313281 0.404167 0.313281 0.403125 0.314062 0.402083 0.314062 0.4 0.315625 0.398958 0.315625 0.397917 0.316406 0.396875 0.316406 0.394792 0.317969 0.39375 0.317969 0.390625 0.320312 0.389583 0.320312 0.385417 0.323437 0.384375 0.323437 0.373958 0.33125 0.373958 0.332031 0.371875 0.333594 0.371875 0.334375 0.369792 0.335938 0.369792 0.336719 0.367708 0.338281 0.367708 0.339062 0.365625 0.340625 0.365625 0.341406 0.363542 0.342969 0.363542 0.34375 0.3625 0.344531 0.3625 0.346094 0.361458 0.346875 0.361458 0.347656 0.360417 0.348437 0.360417 0.350781 0.359375 0.351562 0.359375 0.354687 0.358333 0.355469 0.358333 0.36875 0.359375 0.369531 0.359375 0.375 0.360417 0.375781 0.360417 0.38125 0.361458 0.382031 0.361458 0.384375 0.3625 0.385156 0.3625 0.386719 0.363542 0.3875 0.363542 0.389062 0.364583 0.389844 0.364583 0.391406 0.365625 0.392187 0.365625 0.392969 0.366667 0.39375 0.366667 0.395312 0.367708 0.396094 0.367708 0.396875 0.369792 0.398438 0.369792 0.399219 0.370833 0.4 0.370833 0.400781 0.373958 0.403125 0.373958 0.403906 0.38125 0.409375 0.38125 0.410156 0.382292 0.410156 0.384375 0.411719 0.384375 0.4125 0.390625 0.417187 0.391667 0.417187 0.392708 0.417969 0.39375 0.417969 0.395833 0.419531 0.396875 0.419531 0.397917 0.420312 0.398958 0.420312 0.401042 0.421875 0.402083 0.421875 0.403125 0.422656 0.404167 0.422656 0.405208 0.423437 0.40625 0.423437 0.407292 0.424219 0.408333 0.424219 0.410417 0.425781 0.411458 0.425781 0.4125 0.426562 0.414583 0.426562 0.415625 0.427344 0.416667 0.427344 0.417708 0.428125 0.41875 0.428125 0.419792 0.428906 0.421875 0.428906 0.422917 0.429688 0.423958 0.429688 0.425 0.430469 0.428125 0.430469 0.429167 0.43125 0.43125 0.43125 0.432292 0.432031 0.434375 0.432031 0.435417 0.432812 0.439583 0.432812 0.440625 0.433594 0.444792 0.433594 0.445833 0.434375 0.45 0.434375 0.451042 0.435156 0.45625 0.435156 0.457292 0.435937 0.464583 0.435937 0.465625 0.436719 0.497917 0.436719 0.498958 0.435937 0.50625 0.435937 0.507292 0.435156 0.510417 0.435156 0.511458 0.434375 0.514583 0.434375 0.515625 0.433594 0.519792 0.433594 0.520833 0.432812 0.522917 0.432812 0.523958 0.432031 0.526042 0.432031 0.527083 0.43125 0.528125 0.43125 0.529167 0.430469 0.53125 0.430469 0.532292 0.429688 0.534375 0.429688 0.535417 0.428906 0.536458 0.428906 0.5375 0.428125 0.538542 0.428125 0.539583 0.427344 0.541667 0.427344 0.542708 0.426562 0.54375 0.426562 0.544792 0.425781 0.545833 0.425781 0.546875 0.425 0.547917 0.425 0.548958 0.424219 0.55 0.424219 0.551042 0.423437 0.552083 0.423437 0.553125 0.422656 0.554167 0.422656 0.555208 0.421875 0.55625 0.421875 0.557292 0.421094 0.558333 0.421094 0.561458 0.41875 0.5625 0.41875 0.566667 0.415625 0.567708 0.415625 0.572917 0.411719 0.572917 0.410937 0.586458 0.400781 0.586458 0.4 0.588542 0.398438 0.588542 0.396875 0.589583 0.396094 0.589583 0.395312 0.590625 0.394531 0.590625 0.39375 0.591667 0.392969 0.591667 0.392187 0.592708 0.391406 0.592708 0.389844 0.59375 0.389062 0.59375 0.3875 0.594792 0.386719 0.594792 0.384375 0.595833 0.383594 0.595833 0.380469 0.596875 0.379687 0.596875 0.35625 0.595833 0.355469 0.595833 0.353906 0.594792 0.353125 0.594792 0.351562 0.59375 0.350781 0.59375 0.349219 0.592708 0.348437 0.592708 0.347656 0.591667 0.346875 0.591667 0.346094 0.590625 0.345312 0.590625 0.344531 0.589583 0.34375 0.589583 0.342969 0.588542 0.342187 0.588542 0.341406 0.586458 0.339844 0.586458 0.339062 0.584375 0.3375 0.584375 0.336719 0.582292 0.335156 0.582292 0.334375 0.580208 0.332812 0.580208 0.332031 0.567708 0.322656 0.566667 0.322656 0.5625 0.319531 0.561458 0.319531 0.559375 0.317969 0.558333 0.317969 0.557292 0.317187 0.55625 0.317187 0.553125 0.314844 0.552083 0.314844 0.551042 0.314062 0.55 0.314062 0.548958 0.313281 0.547917 0.313281 0.545833 0.311719 0.544792 0.311719 0.54375 0.310937 0.541667 0.310937 0.540625 0.310156 0.539583 0.310156 0.538542 0.309375 0.5375 0.309375 0.536458 0.308594 0.534375 0.308594 0.533333 0.307812 0.53125 0.307812 0.530208 0.307031 0.529167 0.307031 0.528125 0.30625 0.527083 0.30625 0.526042 0.305469 0.522917 0.305469 0.521875 0.304688 0.51875 0.304688 0.517708 0.303906 0.516667 0.303906 0.515625 0.303125 0.981319
0 0.380208 0.5375 0.380208 0.54375 0.382292 0.545312 0.382292 0.546875 0.383333 0.547656 0.383333 0.548437 0.386458 0.550781 0.386458 0.551562 0.390625 0.554688 0.390625 0.555469 0.391667 0.55625 0.392708 0.55625 0.394792 0.557812 0.394792 0.558594 0.396875 0.560156 0.397917 0.560156 0.403125 0.564062 0.404167 0.564062 0.405208 0.564844 0.40625 0.564844 0.409375 0.567187 0.410417 0.567187 0.4125 0.56875 0.413542 0.56875 0.415625 0.570312 0.416667 0.570312 0.417708 0.571094 0.419792 0.571094 0.420833 0.571875 0.421875 0.571875 0.423958 0.573437 0.425 0.573437 0.426042 0.574219 0.429167 0.574219 0.430208 0.575 0.433333 0.575 0.434375 0.575781 0.436458 0.575781 0.4375 0.576562 0.439583 0.576562 0.440625 0.577344 0.444792 0.577344 0.445833 0.578125 0.453125 0.578125 0.454167 0.578906 0.4625 0.578906 0.463542 0.579687 0.46875 0.579687 0.469792 0.578906 0.483333 0.578906 0.484375 0.578125 0.49375 0.578125 0.494792 0.577344 0.496875 0.577344 0.497917 0.576562 0.5 0.576562 0.501042 0.575781 0.502083 0.575781 0.503125 0.575 0.50625 0.575 0.507292 0.574219 0.509375 0.574219 0.510417 0.573437 0.511458 0.573437 0.5125 0.572656 0.513542 0.572656 0.514583 0.571875 0.515625 0.571875 0.516667 0.571094 0.517708 0.571094 0.51875 0.570312 0.519792 0.570312 0.520833 0.569531 0.521875 0.569531 0.523958 0.567969 0.525 0.567969 0.527083 0.566406 0.528125 0.566406 0.530208 0.564844 0.53125 0.564844 0.535417 0.561719 0.536458 0.561719 0.545833 0.554688 0.545833 0.553906 0.546875 0.553125 0.546875 0.552344 0.548958 0.550781 0.548958 0.55 0.55 0.549219 0.55 0.548437 0.551042 0.547656 0.551042 0.546875 0.552083 0.546094 0.552083 0.545312 0.553125 0.544531 0.552083 0.54375 0.552083 0.542187 0.551042 0.542969 0.551042 0.54375 0.5375 0.553906 0.536458 0.553906 0.530208 0.558594 0.529167 0.558594 0.527083 0.560156 0.526042 0.560156 0.525 0.560937 0.523958 0.560937 0.522917 0.561719 0.521875 0.561719 0.519792 0.563281 0.51875 0.563281 0.517708 0.564062 0.515625 0.564062 0.514583 0.564844 0.513542 0.564844 0.511458 0.566406 0.509375 0.566406 0.508333 0.567187 0.505208 0.567187 0.504167 0.567969 0.502083 0.567969 0.501042 0.56875 0.498958 0.56875 0.497917 0.569531 0.491667 0.569531 0.490625 0.570312 0.486458 0.570312 0.485417 0.571094 0.48125 0.571094 0.480208 0.571875 0.473958 0.571875 0.472917 0.572656 0.4625 0.572656 0.461458 0.571875 0.454167 0.571875 0.453125 0.571094 0.448958 0.571094 0.447917 0.570312 0.44375 0.570312 0.442708 0.569531 0.4375 0.569531 0.436458 0.56875 0.434375 0.56875 0.433333 0.567969 0.430208 0.567969 0.429167 0.567187 0.427083 0.567187 0.426042 0.566406 0.425 0.566406 0.423958 0.565625 0.422917 0.565625 0.421875 0.564844 0.419792 0.564844 0.41875 0.564062 0.417708 0.564062 0.415625 0.5625 0.414583 0.5625 0.413542 0.561719 0.4125 0.561719 0.411458 0.560937 0.410417 0.560937 0.408333 0.559375 0.407292 0.559375 0.405208 0.557812 0.404167 0.557812 0.402083 0.55625 0.401042 0.55625 0.397917 0.553906 0.396875 0.553906 0.389583 0.548437 0.389583 0.547656 0.386458 0.545312 0.386458 0.544531 0.382292 0.541406 0.382292 0.540625 0.38125 0.539844 0.38125 0.538281 0.960779
0 0.56875 0.459375 0.567708 0.460156 0.567708 0.463281 0.565625 0.464844 0.564583 0.464844 0.564583 0.465625 0.559375 0.469531 0.559375 0.470312 0.552083 0.475781 0.551042 0.475781 0.55 0.476562 0.55 0.477344 0.548958 0.478125 0.547917 0.478125 0.546875 0.478906 0.545833 0.478906 0.544792 0.479687 0.54375 0.479687 0.541667 0.48125 0.540625 0.48125 0.539583 0.482031 0.5375 0.482031 0.535417 0.483594 0.534375 0.483594 0.533333 0.484375 0.532292 0.484375 0.53125 0.485156 0.530208 0.485156 0.528125 0.486719 0.527083 0.486719 0.526042 0.4875 0.523958 0.4875 0.522917 0.488281 0.520833 0.488281 0.519792 0.489062 0.51875 0.489062 0.517708 0.489844 0.515625 0.489844 0.514583 0.490625 0.5125 0.490625 0.511458 0.491406 0.510417 0.491406 0.509375 0.492187 0.507292 0.492187 0.50625 0.492969 0.502083 0.492969 0.501042 0.49375 0.497917 0.49375 0.496875 0.494531 0.492708 0.494531 0.491667 0.495312 0.486458 0.495312 0.485417 0.496094 0.455208 0.496094 0.454167 0.495312 0.448958 0.495312 0.447917 0.494531 0.442708 0.494531 0.441667 0.49375 0.438542 0.49375 0.4375 0.492969 0.432292 0.492969 0.43125 0.492187 0.429167 0.492187 0.428125 0.491406 0.426042 0.491406 0.425 0.490625 0.423958 0.490625 0.422917 0.489844 0.420833 0.489844 0.419792 0.489062 0.417708 0.489062 0.416667 0.488281 0.415625 0.488281 0.414583 0.4875 0.413542 0.4875 0.4125 0.486719 0.410417 0.486719 0.409375 0.485937 0.408333 0.485937 0.40625 0.484375 0.405208 0.484375 0.404167 0.483594 0.403125 0.483594 0.402083 0.482812 0.401042 0.482812 0.398958 0.48125 0.397917 0.48125 0.394792 0.478906 0.39375 0.478906 0.392708 0.478125 0.391667 0.478125 0.388542 0.475781 0.3875 0.475781 0.384375 0.473437 0.383333 0.473437 0.382292 0.472656 0.38125 0.472656 0.376042 0.46875 0.376042 0.467969 0.372917 0.465625 0.372917 0.464062 0.371875 0.463281 0.371875 0.467187 0.375 0.469531 0.375 0.470312 0.376042 0.471094 0.376042 0.473437 0.377083 0.474219 0.377083 0.475 0.378125 0.475781 0.379167 0.475781 0.380208 0.476562 0.380208 0.478906 0.38125 0.479687 0.382292 0.479687 0.383333 0.480469 0.383333 0.482031 0.385417 0.483594 0.3875 0.483594 0.389583 0.485156 0.394792 0.485156 0.395833 0.485937 0.397917 0.485937 0.4 0.4875 0.401042 0.4875 0.402083 0.488281 0.403125 0.488281 0.405208 0.489844 0.40625 0.489844 0.407292 0.490625 0.408333 0.490625 0.411458 0.492969 0.413542 0.492969 0.414583 0.49375 0.416667 0.49375 0.417708 0.494531 0.41875 0.494531 0.419792 0.495312 0.421875 0.495312 0.422917 0.496094 0.423958 0.496094 0.425 0.496875 0.427083 0.496875 0.428125 0.497656 0.430208 0.497656 0.43125 0.498437 0.434375 0.498437 0.435417 0.499219 0.438542 0.499219 0.439583 0.5 0.442708 0.5 0.44375 0.500781 0.447917 0.500781 0.448958 0.501562 0.45625 0.501562 0.457292 0.502344 0.482292 0.502344 0.483333 0.501562 0.490625 0.501562 0.491667 0.500781 0.496875 0.500781 0.497917 0.5 0.501042 0.5 0.502083 0.499219 0.504167 0.499219 0.505208 0.498437 0.508333 0.498437 0.509375 0.497656 0.511458 0.497656 0.5125 0.496875 0.514583 0.496875 0.515625 0.496094 0.516667 0.496094 0.517708 0.495312 0.520833 0.495312 0.521875 0.494531 0.522917 0.494531 0.523958 0.49375 0.525 0.49375 0.526042 0.492969 0.527083 0.492969 0.528125 0.492187 0.529167 0.492187 0.530208 0.491406 0.53125 0.491406 0.533333 0.489844 0.534375 0.489844 0.536458 0.488281 0.5375 0.488281 0.538542 0.4875 0.539583 0.4875 0.540625 0.486719 0.541667 0.486719 0.54375 0.485156 0.544792 0.485156 0.546875 0.483594 0.548958 0.483594 0.55 0.482812 0.551042 0.482812 0.554167 0.480469 0.555208 0.480469 0.55625 0.479687 0.55625 0.478906 0.557292 0.478125 0.557292 0.477344 0.558333 0.476562 0.559375 0.476562 0.560417 0.475781 0.560417 0.475 0.563542 0.472656 0.563542 0.471875 0.564583 0.471094 0.564583 0.469531 0.566667 0.467969 0.566667 0.467187 0.567708 0.466406 0.567708 0.464062 0.56875 0.463281 0.952954
0 0.378125 0.516406 0.378125 0.525 0.379167 0.525781 0.379167 0.527344 0.380208 0.528125 0.380208 0.529687 0.38125 0.530469 0.38125 0.53125 0.383333 0.532812 0.383333 0.534375 0.384375 0.535156 0.384375 0.535937 0.3875 0.538281 0.388542 0.538281 0.392708 0.541406 0.392708 0.542187 0.39375 0.542187 0.401042 0.547656 0.402083 0.547656 0.405208 0.55 0.40625 0.55 0.407292 0.550781 0.408333 0.550781 0.409375 0.551562 0.410417 0.551562 0.413542 0.553906 0.414583 0.553906 0.415625 0.554688 0.416667 0.554688 0.417708 0.555469 0.41875 0.555469 0.420833 0.557031 0.422917 0.557031 0.423958 0.557812 0.425 0.557812 0.426042 0.558594 0.427083 0.558594 0.428125 0.559375 0.429167 0.559375 0.430208 0.560156 0.435417 0.560156 0.436458 0.560937 0.439583 0.560937 0.440625 0.561719 0.44375 0.561719 0.444792 0.5625 0.447917 0.5625 0.448958 0.563281 0.4875 0.563281 0.488542 0.5625 0.490625 0.5625 0.491667 0.561719 0.494792 0.561719 0.495833 0.560937 0.498958 0.560937 0.5 0.560156 0.505208 0.560156 0.50625 0.559375 0.507292 0.559375 0.508333 0.558594 0.509375 0.558594 0.510417 0.557812 0.5125 0.557812 0.513542 0.557031 0.515625 0.557031 0.516667 0.55625 0.517708 0.55625 0.51875 0.555469 0.519792 0.555469 0.521875 0.553906 0.522917 0.553906 0.523958 0.553125 0.525 0.553125 0.527083 0.551562 0.528125 0.551562 0.529167 0.550781 0.530208 0.550781 0.534375 0.547656 0.535417 0.547656 0.542708 0.542187 0.54375 0.542187 0.547917 0.539062 0.547917 0.538281 0.551042 0.535937 0.551042 0.535156 0.552083 0.534375 0.552083 0.533594 0.553125 0.532812 0.553125 0.532031 0.554167 0.53125 0.554167 0.530469 0.555208 0.529687 0.555208 0.528906 0.55625 0.528125 0.55625 0.525781 0.555208 0.526562 0.555208 0.528125 0.554167 0.528906 0.552083 0.528906 0.551042 0.529687 0.551042 0.530469 0.548958 0.532031 0.547917 0.532031 0.546875 0.532812 0.546875 0.533594 0.545833 0.534375 0.544792 0.534375 0.539583 0.538281 0.538542 0.538281 0.535417 0.540625 0.534375 0.540625 0.532292 0.542187 0.53125 0.542187 0.529167 0.54375 0.528125 0.54375 0.526042 0.545312 0.525 0.545312 0.522917 0.546875 0.521875 0.546875 0.520833 0.547656 0.51875 0.547656 0.517708 0.548437 0.516667 0.548437 0.515625 0.549219 0.514583 0.549219 0.513542 0.55 0.511458 0.55 0.510417 0.550781 0.507292 0.550781 0.50625 0.551562 0.505208 0.551562 0.504167 0.552344 0.502083 0.552344 0.501042 0.553125 0.497917 0.553125 0.496875 0.553906 0.489583 0.553906 0.488542 0.554688 0.484375 0.554688 0.483333 0.555469 0.478125 0.555469 0.477083 0.55625 0.457292 0.55625 0.45625 0.555469 0.452083 0.555469 0.451042 0.554688 0.446875 0.554688 0.445833 0.553906 0.439583 0.553906 0.438542 0.553125 0.436458 0.553125 0.435417 0.552344 0.433333 0.552344 0.432292 0.551562 0.43125 0.551562 0.430208 0.550781 0.427083 0.550781 0.426042 0.55 0.423958 0.55 0.421875 0.548437 0.420833 0.548437 0.419792 0.547656 0.417708 0.547656 0.416667 0.546875 0.415625 0.546875 0.413542 0.545312 0.4125 0.545312 0.411458 0.544531 0.410417 0.544531 0.409375 0.54375 0.408333 0.54375 0.405208 0.541406 0.404167 0.541406 0.401042 0.539062 0.4 0.539062 0.388542 0.530469 0.388542 0.529687 0.385417 0.527344 0.385417 0.526562 0.384375 0.525781 0.383333 0.525781 0.382292 0.525 0.382292 0.524219 0.38125 0.523438 0.38125 0.522656 0.380208 0.521875 0.380208 0.521094 0.379167 0.520312 0.379167 0.519531 0.378125 0.51875 0.952542
0 0.367708 0.440625 0.367708 0.442969 0.36875 0.44375 0.36875 0.444531 0.369792 0.445312 0.369792 0.446094 0.370833 0.446875 0.370833 0.447656 0.371875 0.448437 0.371875 0.449219 0.373958 0.450781 0.373958 0.451562 0.384375 0.459375 0.385417 0.459375 0.388542 0.461719 0.389583 0.461719 0.391667 0.463281 0.392708 0.463281 0.394792 0.464844 0.395833 0.464844 0.396875 0.465625 0.397917 0.465625 0.398958 0.466406 0.4 0.466406 0.401042 0.467187 0.402083 0.467187 0.403125 0.467969 0.404167 0.467969 0.405208 0.46875 0.40625 0.46875 0.408333 0.470312 0.409375 0.470312 0.410417 0.471094 0.4125 0.471094 0.413542 0.471875 0.415625 0.471875 0.416667 0.472656 0.417708 0.472656 0.41875 0.473437 0.419792 0.473437 0.420833 0.474219 0.421875 0.474219 0.422917 0.475 0.427083 0.475 0.428125 0.475781 0.43125 0.475781 0.432292 0.476562 0.434375 0.476562 0.435417 0.477344 0.4375 0.477344 0.438542 0.478125 0.446875 0.478125 0.447917 0.478906 0.455208 0.478906 0.45625 0.479687 0.461458 0.479687 0.4625 0.480469 0.480208 0.480469 0.48125 0.479687 0.485417 0.479687 0.486458 0.478906 0.49375 0.478906 0.494792 0.478125 0.5 0.478125 0.501042 0.477344 0.503125 0.477344 0.504167 0.476562 0.50625 0.476562 0.507292 0.475781 0.508333 0.475781 0.509375 0.475 0.5125 0.475 0.513542 0.474219 0.514583 0.474219 0.515625 0.473437 0.516667 0.473437 0.517708 0.472656 0.51875 0.472656 0.519792 0.471875 0.521875 0.471875 0.522917 0.471094 0.523958 0.471094 0.525 0.470312 0.527083 0.470312 0.528125 0.469531 0.529167 0.469531 0.530208 0.46875 0.53125 0.46875 0.532292 0.467969 0.533333 0.467969 0.534375 0.467187 0.535417 0.467187 0.536458 0.466406 0.5375 0.466406 0.538542 0.465625 0.539583 0.465625 0.540625 0.464844 0.541667 0.464844 0.542708 0.464062 0.54375 0.464062 0.547917 0.460937 0.548958 0.460937 0.548958 0.460156 0.55 0.459375 0.551042 0.459375 0.553125 0.457812 0.554167 0.457812 0.558333 0.454687 0.558333 0.453906 0.559375 0.453125 0.560417 0.453125 0.564583 0.45 0.564583 0.449219 0.566667 0.447656 0.566667 0.446875 0.567708 0.446094 0.567708 0.444531 0.56875 0.44375 0.56875 0.442969 0.569792 0.442187 0.569792 0.441406 0.56875 0.440625 0.565625 0.442969 0.564583 0.442969 0.558333 0.447656 0.558333 0.448437 0.557292 0.449219 0.55625 0.449219 0.548958 0.454687 0.547917 0.454687 0.54375 0.457812 0.542708 0.457812 0.540625 0.459375 0.539583 0.459375 0.538542 0.460156 0.5375 0.460156 0.536458 0.460937 0.535417 0.460937 0.533333 0.4625 0.532292 0.4625 0.53125 0.463281 0.529167 0.463281 0.528125 0.464062 0.527083 0.464062 0.526042 0.464844 0.525 0.464844 0.523958 0.465625 0.521875 0.465625 0.520833 0.466406 0.51875 0.466406 0.517708 0.467187 0.513542 0.467187 0.5125 0.467969 0.511458 0.467969 0.510417 0.46875 0.508333 0.46875 0.507292 0.469531 0.504167 0.469531 0.503125 0.470312 0.496875 0.470312 0.495833 0.471094 0.491667 0.471094 0.490625 0.471875 0.485417 0.471875 0.484375 0.472656 0.454167 0.472656 0.453125 0.471875 0.448958 0.471875 0.447917 0.471094 0.44375 0.471094 0.442708 0.470312 0.435417 0.470312 0.434375 0.469531 0.43125 0.469531 0.430208 0.46875 0.429167 0.46875 0.428125 0.467969 0.426042 0.467969 0.425 0.467187 0.420833 0.467187 0.419792 0.466406 0.416667 0.466406 0.414583 0.464844 0.413542 0.464844 0.4125 0.464062 0.409375 0.464062 0.408333 0.463281 0.407292 0.463281 0.40625 0.4625 0.405208 0.4625 0.403125 0.460937 0.401042 0.460937 0.398958 0.459375 0.397917 0.459375 0.395833 0.457812 0.394792 0.457812 0.39375 0.457031 0.392708 0.457031 0.389583 0.454687 0.388542 0.454687 0.3875 0.453906 0.386458 0.453906 0.384375 0.452344 0.384375 0.451562 0.383333 0.451562 0.371875 0.442969 0.370833 0.442969 0.946996
0 0.563542 0.475781 0.563542 0.474219 0.564583 0.473437 0.563542 0.473437 0.563542 0.475781 0.560417 0.476562 0.560417 0.477344 0.558333 0.478906 0.55625 0.478906 0.555208 0.479687 0.555208 0.480469 0.553125 0.482031 0.551042 0.482031 0.547917 0.484375 0.546875 0.484375 0.544792 0.485937 0.54375 0.485937 0.541667 0.4875 0.540625 0.4875 0.539583 0.488281 0.538542 0.488281 0.5375 0.489062 0.536458 0.489062 0.534375 0.490625 0.533333 0.490625 0.532292 0.491406 0.53125 0.491406 0.529167 0.492969 0.528125 0.492969 0.527083 0.49375 0.526042 0.49375 0.525 0.494531 0.523958 0.494531 0.522917 0.495312 0.521875 0.495312 0.520833 0.496094 0.51875 0.496094 0.517708 0.496875 0.516667 0.496875 0.515625 0.497656 0.513542 0.497656 0.5125 0.498437 0.510417 0.498437 0.509375 0.499219 0.50625 0.499219 0.505208 0.5 0.502083 0.5 0.501042 0.500781 0.497917 0.500781 0.496875 0.501562 0.492708 0.501562 0.491667 0.502344 0.483333 0.502344 0.482292 0.503125 0.458333 0.503125 0.457292 0.502344 0.447917 0.502344 0.446875 0.501562 0.44375 0.501562 0.442708 0.500781 0.439583 0.500781 0.438542 0.5 0.434375 0.5 0.433333 0.499219 0.430208 0.499219 0.429167 0.498437 0.427083 0.498437 0.426042 0.497656 0.425 0.497656 0.423958 0.496875 0.421875 0.496875 0.420833 0.496094 0.41875 0.496094 0.417708 0.495312 0.416667 0.495312 0.415625 0.494531 0.414583 0.494531 0.413542 0.49375 0.411458 0.49375 0.409375 0.492187 0.408333 0.492187 0.407292 0.491406 0.40625 0.491406 0.405208 0.490625 0.404167 0.490625 0.403125 0.489844 0.402083 0.489844 0.4 0.488281 0.398958 0.488281 0.395833 0.485937 0.394792 0.485937 0.39375 0.485156 0.392708 0.485156 0.388542 0.482031 0.3875 0.482031 0.38125 0.477344 0.38125 0.476562 0.380208 0.475781 0.379167 0.475781 0.377083 0.474219 0.377083 0.473437 0.376042 0.472656 0.375 0.472656 0.372917 0.471094 0.372917 0.469531 0.371875 0.46875 0.370833 0.46875 0.370833 0.473437 0.371875 0.474219 0.371875 0.475781 0.373958 0.477344 0.373958 0.478125 0.375 0.478906 0.375 0.479687 0.376042 0.480469 0.376042 0.482031 0.379167 0.484375 0.379167 0.485156 0.385417 0.489844 0.385417 0.490625 0.386458 0.490625 0.392708 0.495312 0.39375 0.495312 0.396875 0.497656 0.403125 0.497656 0.404167 0.498437 0.40625 0.498437 0.407292 0.499219 0.408333 0.499219 0.409375 0.5 0.410417 0.5 0.411458 0.500781 0.413542 0.500781 0.415625 0.502344 0.416667 0.502344 0.417708 0.503125 0.419792 0.503125 0.420833 0.503906 0.422917 0.503906 0.423958 0.504687 0.427083 0.504687 0.428125 0.505469 0.43125 0.505469 0.432292 0.50625 0.434375 0.50625 0.435417 0.507031 0.440625 0.507031 0.441667 0.507812 0.446875 0.507812 0.447917 0.508594 0.452083 0.508594 0.453125 0.509375 0.460417 0.509375 0.461458 0.510156 0.479167 0.510156 0.480208 0.509375 0.488542 0.509375 0.489583 0.508594 0.49375 0.508594 0.494792 0.507812 0.496875 0.507812 0.497917 0.507031 0.503125 0.507031 0.504167 0.50625 0.507292 0.50625 0.508333 0.505469 0.509375 0.505469 0.510417 0.504687 0.5125 0.504687 0.513542 0.503906 0.515625 0.503906 0.516667 0.503125 0.51875 0.503125 0.519792 0.502344 0.520833 0.502344 0.521875 0.501562 0.522917 0.501562 0.523958 0.500781 0.526042 0.500781 0.527083 0.5 0.528125 0.5 0.530208 0.498437 0.53125 0.498437 0.532292 0.497656 0.533333 0.497656 0.534375 0.496875 0.535417 0.496875 0.536458 0.496094 0.5375 0.496094 0.539583 0.494531 0.540625 0.494531 0.544792 0.491406 0.545833 0.491406 0.548958 0.489062 0.55 0.489062 0.551042 0.488281 0.551042 0.4875 0.552083 0.486719 0.552083 0.485937 0.55625 0.482812 0.55625 0.482031 0.560417 0.478906 0.560417 0.476562 0.94677
0 0.377083 0.525781 0.377083 0.532812 0.378125 0.532812 0.379167 0.533594 0.379167 0.534375 0.380208 0.535156 0.380208 0.538281 0.383333 0.540625 0.383333 0.541406 0.385417 0.542969 0.385417 0.54375 0.3875 0.545312 0.3875 0.546094 0.388542 0.546875 0.388542 0.547656 0.389583 0.548437 0.390625 0.548437 0.398958 0.554688 0.4 0.554688 0.402083 0.55625 0.403125 0.55625 0.404167 0.557031 0.405208 0.557031 0.407292 0.558594 0.408333 0.558594 0.410417 0.560156 0.411458 0.560156 0.4125 0.560937 0.413542 0.560937 0.414583 0.561719 0.415625 0.561719 0.417708 0.563281 0.41875 0.563281 0.419792 0.564062 0.420833 0.564062 0.421875 0.564844 0.423958 0.564844 0.425 0.565625 0.426042 0.565625 0.427083 0.566406 0.429167 0.566406 0.430208 0.567187 0.432292 0.567187 0.433333 0.567969 0.434375 0.567969 0.435417 0.56875 0.439583 0.56875 0.440625 0.569531 0.445833 0.569531 0.446875 0.570312 0.45 0.570312 0.451042 0.571094 0.454167 0.571094 0.455208 0.571875 0.479167 0.571875 0.480208 0.571094 0.484375 0.571094 0.485417 0.570312 0.488542 0.570312 0.489583 0.569531 0.49375 0.569531 0.494792 0.56875 0.497917 0.56875 0.498958 0.567969 0.501042 0.567969 0.502083 0.567187 0.504167 0.567187 0.505208 0.566406 0.508333 0.566406 0.509375 0.565625 0.510417 0.565625 0.511458 0.564844 0.5125 0.564844 0.513542 0.564062 0.514583 0.564062 0.515625 0.563281 0.517708 0.563281 0.519792 0.561719 0.520833 0.561719 0.521875 0.560937 0.522917 0.560937 0.523958 0.560156 0.525 0.560156 0.526042 0.559375 0.527083 0.559375 0.530208 0.557031 0.53125 0.557031 0.534375 0.554688 0.535417 0.554688 0.539583 0.551562 0.539583 0.550781 0.542708 0.548437 0.54375 0.548437 0.547917 0.545312 0.547917 0.544531 0.551042 0.542187 0.551042 0.541406 0.552083 0.540625 0.552083 0.5375 0.551042 0.5375 0.547917 0.539844 0.547917 0.540625 0.544792 0.542969 0.54375 0.542969 0.536458 0.548437 0.535417 0.548437 0.53125 0.551562 0.530208 0.551562 0.528125 0.553125 0.527083 0.553125 0.526042 0.553906 0.525 0.553906 0.523958 0.554688 0.522917 0.554688 0.519792 0.557031 0.517708 0.557031 0.516667 0.557812 0.514583 0.557812 0.513542 0.558594 0.5125 0.558594 0.511458 0.559375 0.509375 0.559375 0.508333 0.560156 0.507292 0.560156 0.50625 0.560937 0.503125 0.560937 0.502083 0.561719 0.496875 0.561719 0.495833 0.5625 0.49375 0.5625 0.492708 0.563281 0.489583 0.563281 0.488542 0.564062 0.448958 0.564062 0.447917 0.563281 0.44375 0.563281 0.442708 0.5625 0.439583 0.5625 0.438542 0.561719 0.434375 0.561719 0.433333 0.560937 0.430208 0.560937 0.429167 0.560156 0.427083 0.560156 0.426042 0.559375 0.423958 0.559375 0.422917 0.558594 0.421875 0.558594 0.419792 0.557031 0.41875 0.557031 0.417708 0.55625 0.416667 0.55625 0.415625 0.555469 0.414583 0.555469 0.413542 0.554688 0.4125 0.554688 0.410417 0.553125 0.409375 0.553125 0.407292 0.551562 0.40625 0.551562 0.405208 0.550781 0.404167 0.550781 0.4 0.547656 0.398958 0.547656 0.388542 0.539844 0.388542 0.539062 0.3875 0.539062 0.384375 0.536719 0.384375 0.535937 0.383333 0.535937 0.38125 0.534375 0.38125 0.532812 0.380208 0.532031 0.380208 0.53125 0.379167 0.53125 0.378125 0.530469 0.378125 0.529687 0.377083 0.528906 0.945396
0 0.388542 0.514062 0.388542 0.514062 0.391667 0.516406 0.391667 0.517188 0.392708 0.517969 0.39375 0.517969 0.394792 0.51875 0.394792 0.519531 0.396875 0.521094 0.397917 0.521094 0.402083 0.524219 0.403125 0.524219 0.405208 0.525781 0.40625 0.525781 0.408333 0.527344 0.409375 0.527344 0.410417 0.528125 0.411458 0.528125 0.413542 0.529687 0.414583 0.529687 0.415625 0.530469 0.417708 0.530469 0.419792 0.532031 0.420833 0.532031 0.421875 0.532812 0.423958 0.532812 0.425 0.533594 0.427083 0.533594 0.428125 0.534375 0.430208 0.534375 0.43125 0.535156 0.432292 0.535156 0.433333 0.535937 0.436458 0.535937 0.4375 0.536719 0.441667 0.536719 0.442708 0.5375 0.445833 0.5375 0.446875 0.538281 0.451042 0.538281 0.452083 0.539062 0.457292 0.539062 0.458333 0.539844 0.482292 0.539844 0.483333 0.539062 0.4875 0.539062 0.488542 0.538281 0.491667 0.538281 0.492708 0.5375 0.497917 0.5375 0.498958 0.536719 0.503125 0.536719 0.504167 0.535937 0.50625 0.535937 0.508333 0.534375 0.510417 0.534375 0.511458 0.533594 0.513542 0.533594 0.514583 0.532812 0.516667 0.532812 0.517708 0.532031 0.51875 0.532031 0.519792 0.53125 0.521875 0.53125 0.522917 0.530469 0.523958 0.530469 0.525 0.529687 0.526042 0.529687 0.527083 0.528906 0.528125 0.528906 0.529167 0.528125 0.530208 0.528125 0.53125 0.527344 0.532292 0.527344 0.534375 0.525781 0.535417 0.525781 0.536458 0.525 0.5375 0.525 0.539583 0.523438 0.540625 0.523438 0.544792 0.520312 0.545833 0.520312 0.545833 0.519531 0.546875 0.51875 0.547917 0.51875 0.554167 0.514062 0.554167 0.513281 0.55625 0.511719 0.55625 0.510937 0.557292 0.510156 0.557292 0.509375 0.558333 0.508594 0.558333 0.507812 0.561458 0.505469 0.561458 0.504687 0.5625 0.503906 0.5625 0.503125 0.563542 0.502344 0.563542 0.5 0.564583 0.499219 0.564583 0.497656 0.565625 0.496875 0.565625 0.49375 0.566667 0.492969 0.566667 0.478125 0.564583 0.479687 0.564583 0.483594 0.563542 0.484375 0.563542 0.4875 0.5625 0.488281 0.5625 0.489844 0.561458 0.490625 0.561458 0.492187 0.560417 0.492969 0.560417 0.49375 0.559375 0.494531 0.559375 0.496094 0.558333 0.496875 0.558333 0.497656 0.557292 0.498437 0.557292 0.499219 0.55625 0.5 0.55625 0.500781 0.555208 0.501562 0.555208 0.502344 0.553125 0.503906 0.553125 0.504687 0.541667 0.513281 0.540625 0.513281 0.534375 0.517969 0.533333 0.517969 0.53125 0.519531 0.530208 0.519531 0.527083 0.521875 0.526042 0.521875 0.525 0.522656 0.523958 0.522656 0.522917 0.523438 0.521875 0.523438 0.520833 0.524219 0.519792 0.524219 0.51875 0.525 0.516667 0.525 0.515625 0.525781 0.514583 0.525781 0.513542 0.526562 0.5125 0.526562 0.511458 0.527344 0.509375 0.527344 0.508333 0.528125 0.50625 0.528125 0.505208 0.528906 0.503125 0.528906 0.502083 0.529687 0.5 0.529687 0.498958 0.530469 0.495833 0.530469 0.494792 0.53125 0.488542 0.53125 0.4875 0.532031 0.48125 0.532031 0.480208 0.532812 0.471875 0.532812 0.470833 0.533594 0.458333 0.533594 0.457292 0.532812 0.45 0.532812 0.448958 0.532031 0.442708 0.532031 0.441667 0.53125 0.4375 0.53125 0.436458 0.530469 0.433333 0.530469 0.432292 0.529687 0.430208 0.529687 0.429167 0.528906 0.427083 0.528906 0.426042 0.528125 0.422917 0.528125 0.421875 0.527344 0.420833 0.527344 0.419792 0.526562 0.417708 0.526562 0.416667 0.525781 0.414583 0.525781 0.413542 0.525 0.411458 0.525 0.410417 0.524219 0.409375 0.524219 0.407292 0.522656 0.404167 0.522656 0.403125 0.521875 0.402083 0.521875 0.398958 0.519531 0.397917 0.519531 0.396875 0.51875 0.394792 0.51875 0.39375 0.517969 0.39375 0.516406 0.391667 0.516406 0.940943
0 0.571875 0.439844 0.571875 0.441406 0.570833 0.442187 0.570833 0.442969 0.56875 0.444531 0.56875 0.445312 0.567708 0.446094 0.567708 0.446875 0.564583 0.449219 0.563542 0.449219 0.563542 0.45 0.561458 0.451562 0.561458 0.452344 0.558333 0.454687 0.558333 0.455469 0.554167 0.458594 0.553125 0.458594 0.547917 0.4625 0.545833 0.4625 0.54375 0.464062 0.540625 0.464062 0.539583 0.463281 0.535417 0.463281 0.534375 0.464062 0.533333 0.464062 0.535417 0.465625 0.5375 0.465625 0.538542 0.466406 0.5375 0.467187 0.536458 0.467187 0.535417 0.467969 0.53125 0.467969 0.530208 0.467187 0.526042 0.467187 0.526042 0.46875 0.525 0.469531 0.514583 0.469531 0.513542 0.470312 0.510417 0.470312 0.510417 0.471094 0.509375 0.471875 0.508333 0.471875 0.507292 0.472656 0.503125 0.472656 0.502083 0.473437 0.496875 0.473437 0.503125 0.473437 0.504167 0.474219 0.505208 0.474219 0.50625 0.475 0.507292 0.475 0.508333 0.475781 0.507292 0.476562 0.505208 0.476562 0.504167 0.477344 0.501042 0.477344 0.5 0.478125 0.492708 0.478125 0.489583 0.475781 0.460417 0.475781 0.459375 0.476562 0.455208 0.476562 0.45625 0.477344 0.466667 0.477344 0.467708 0.478125 0.486458 0.478125 0.4875 0.478906 0.486458 0.479687 0.465625 0.479687 0.464583 0.480469 0.463542 0.480469 0.4625 0.479687 0.453125 0.479687 0.452083 0.478906 0.452083 0.478125 0.451042 0.478125 0.45 0.477344 0.44375 0.477344 0.442708 0.478125 0.4375 0.478125 0.436458 0.477344 0.433333 0.477344 0.432292 0.476562 0.430208 0.476562 0.429167 0.475781 0.426042 0.475781 0.425 0.475 0.421875 0.475 0.420833 0.474219 0.41875 0.474219 0.417708 0.473437 0.416667 0.473437 0.415625 0.472656 0.413542 0.472656 0.4125 0.471875 0.411458 0.471875 0.410417 0.471094 0.409375 0.471094 0.408333 0.470312 0.407292 0.470312 0.40625 0.469531 0.405208 0.469531 0.404167 0.46875 0.403125 0.46875 0.402083 0.467969 0.4 0.467969 0.397917 0.466406 0.396875 0.466406 0.394792 0.464844 0.39375 0.464844 0.390625 0.4625 0.389583 0.4625 0.388542 0.461719 0.3875 0.461719 0.384375 0.459375 0.383333 0.459375 0.38125 0.457812 0.38125 0.457031 0.378125 0.457031 0.377083 0.45625 0.377083 0.454687 0.372917 0.451562 0.372917 0.450781 0.371875 0.450781 0.36875 0.448437 0.36875 0.446094 0.367708 0.445312 0.367708 0.45 0.36875 0.450781 0.36875 0.451562 0.369792 0.451562 0.370833 0.452344 0.370833 0.453125 0.371875 0.453906 0.371875 0.454687 0.372917 0.455469 0.373958 0.455469 0.375 0.45625 0.377083 0.45625 0.378125 0.457031 0.378125 0.457812 0.380208 0.459375 0.380208 0.460156 0.385417 0.464062 0.385417 0.464844 0.386458 0.465625 0.388542 0.465625 0.390625 0.467187 0.390625 0.467969 0.391667 0.46875 0.392708 0.46875 0.396875 0.471875 0.397917 0.471875 0.398958 0.472656 0.4 0.472656 0.402083 0.474219 0.403125 0.474219 0.404167 0.475 0.405208 0.475 0.40625 0.475781 0.407292 0.475781 0.410417 0.478125 0.413542 0.478125 0.415625 0.479687 0.416667 0.479687 0.417708 0.480469 0.41875 0.480469 0.419792 0.48125 0.422917 0.48125 0.423958 0.482031 0.427083 0.482031 0.429167 0.483594 0.433333 0.483594 0.434375 0.484375 0.438542 0.484375 0.439583 0.485156 0.442708 0.485156 0.44375 0.485937 0.446875 0.485937 0.447917 0.486719 0.453125 0.486719 0.454167 0.4875 0.486458 0.4875 0.4875 0.486719 0.492708 0.486719 0.49375 0.485937 0.496875 0.485937 0.497917 0.485156 0.5 0.485156 0.501042 0.484375 0.50625 0.484375 0.507292 0.483594 0.510417 0.483594 0.511458 0.482812 0.5125 0.482812 0.514583 0.48125 0.516667 0.48125 0.517708 0.480469 0.519792 0.480469 0.520833 0.479687 0.521875 0.479687 0.522917 0.478906 0.523958 0.478906 0.525 0.478125 0.526042 0.478125 0.527083 0.477344 0.528125 0.477344 0.529167 0.476562 0.530208 0.476562 0.53125 0.475781 0.532292 0.475781 0.533333 0.475 0.534375 0.475 0.535417 0.474219 0.536458 0.474219 0.538542 0.472656 0.539583 0.472656 0.541667 0.471094 0.54375 0.471094 0.546875 0.46875 0.547917 0.46875 0.55 0.467187 0.55 0.466406 0.551042 0.465625 0.553125 0.465625 0.555208 0.464062 0.555208 0.463281 0.55625 0.4625 0.557292 0.4625 0.558333 0.461719 0.558333 0.460937 0.560417 0.459375 0.560417 0.458594 0.563542 0.45625 0.563542 0.455469 0.565625 0.453906 0.565625 0.452344 0.567708 0.450781 0.567708 0.45 0.56875 0.449219 0.569792 0.449219 0.571875 0.447656 0.571875 0.442969 0.572917 0.442187 0.572917 0.441406 0.571875 0.440625 0.935074
0 0.571875 0.446094 0.570833 0.446875 0.570833 0.45 0.56875 0.451562 0.56875 0.452344 0.567708 0.453125 0.567708 0.453906 0.566667 0.454687 0.566667 0.455469 0.563542 0.457812 0.563542 0.458594 0.559375 0.461719 0.559375 0.4625 0.558333 0.463281 0.557292 0.463281 0.553125 0.466406 0.552083 0.466406 0.551042 0.467187 0.551042 0.467969 0.548958 0.469531 0.547917 0.469531 0.544792 0.471875 0.54375 0.471875 0.542708 0.472656 0.541667 0.472656 0.540625 0.473437 0.539583 0.473437 0.536458 0.475781 0.534375 0.475781 0.533333 0.476562 0.532292 0.476562 0.530208 0.478125 0.528125 0.478125 0.527083 0.478906 0.526042 0.478906 0.525 0.479687 0.523958 0.479687 0.522917 0.480469 0.521875 0.480469 0.520833 0.48125 0.519792 0.48125 0.51875 0.482031 0.515625 0.482031 0.514583 0.482812 0.513542 0.482812 0.511458 0.484375 0.510417 0.484375 0.509375 0.485156 0.502083 0.485156 0.501042 0.485937 0.5 0.485937 0.498958 0.486719 0.495833 0.486719 0.494792 0.4875 0.486458 0.4875 0.485417 0.488281 0.457292 0.488281 0.45625 0.4875 0.447917 0.4875 0.446875 0.486719 0.442708 0.486719 0.441667 0.485937 0.438542 0.485937 0.4375 0.485156 0.430208 0.485156 0.429167 0.484375 0.428125 0.484375 0.427083 0.483594 0.426042 0.483594 0.425 0.482812 0.423958 0.482812 0.422917 0.482031 0.41875 0.482031 0.417708 0.48125 0.416667 0.48125 0.415625 0.480469 0.414583 0.480469 0.413542 0.479687 0.411458 0.479687 0.410417 0.478906 0.408333 0.478906 0.404167 0.475781 0.403125 0.475781 0.402083 0.475 0.401042 0.475 0.4 0.474219 0.398958 0.474219 0.397917 0.473437 0.396875 0.473437 0.395833 0.472656 0.394792 0.472656 0.392708 0.471094 0.390625 0.471094 0.385417 0.467187 0.384375 0.467187 0.38125 0.464844 0.38125 0.464062 0.380208 0.463281 0.379167 0.463281 0.376042 0.460937 0.376042 0.460156 0.375 0.459375 0.373958 0.459375 0.373958 0.463281 0.375 0.464062 0.375 0.464844 0.376042 0.465625 0.376042 0.466406 0.377083 0.467187 0.377083 0.467969 0.38125 0.471094 0.38125 0.471875 0.382292 0.471875 0.385417 0.474219 0.389583 0.474219 0.392708 0.476562 0.39375 0.476562 0.397917 0.479687 0.398958 0.479687 0.4 0.480469 0.401042 0.480469 0.402083 0.48125 0.403125 0.48125 0.404167 0.482031 0.405208 0.482031 0.40625 0.482812 0.407292 0.482812 0.410417 0.485156 0.4125 0.485156 0.413542 0.485937 0.415625 0.485937 0.416667 0.486719 0.417708 0.486719 0.419792 0.488281 0.421875 0.488281 0.422917 0.489062 0.426042 0.489062 0.427083 0.489844 0.429167 0.489844 0.43125 0.491406 0.434375 0.491406 0.435417 0.492187 0.440625 0.492187 0.441667 0.492969 0.445833 0.492969 0.446875 0.49375 0.451042 0.49375 0.452083 0.494531 0.489583 0.494531 0.490625 0.49375 0.49375 0.49375 0.494792 0.492969 0.497917 0.492969 0.498958 0.492187 0.504167 0.492187 0.505208 0.491406 0.507292 0.491406 0.508333 0.490625 0.509375 0.490625 0.510417 0.489844 0.5125 0.489844 0.513542 0.489062 0.515625 0.489062 0.516667 0.488281 0.51875 0.488281 0.519792 0.4875 0.520833 0.4875 0.521875 0.486719 0.523958 0.486719 0.525 0.485937 0.526042 0.485937 0.527083 0.485156 0.528125 0.485156 0.529167 0.484375 0.530208 0.484375 0.53125 0.483594 0.532292 0.483594 0.533333 0.482812 0.534375 0.482812 0.5375 0.480469 0.539583 0.480469 0.540625 0.479687 0.541667 0.479687 0.54375 0.478125 0.544792 0.478125 0.545833 0.477344 0.546875 0.477344 0.551042 0.474219 0.552083 0.474219 0.557292 0.470312 0.557292 0.469531 0.559375 0.467969 0.560417 0.467969 0.561458 0.467187 0.561458 0.466406 0.5625 0.465625 0.5625 0.464844 0.564583 0.463281 0.564583 0.4625 0.565625 0.461719 0.565625 0.460937 0.566667 0.460156 0.566667 0.459375 0.56875 0.457812 0.56875 0.45625 0.569792 0.455469 0.569792 0.454687 0.571875 0.453125 0.571875 0.450781 0.572917 0.45 0.572917 0.446094 0.932617
0 0.560417 0.510937 0.560417 0.511719 0.559375 0.5125 0.559375 0.514062 0.558333 0.514844 0.558333 0.515625 0.555208 0.517969 0.555208 0.51875 0.552083 0.521094 0.552083 0.521875 0.55 0.523438 0.55 0.524219 0.54375 0.528906 0.542708 0.528906 0.539583 0.53125 0.538542 0.53125 0.535417 0.533594 0.534375 0.533594 0.532292 0.535156 0.53125 0.535156 0.529167 0.536719 0.528125 0.536719 0.527083 0.5375 0.526042 0.5375 0.525 0.538281 0.523958 0.538281 0.522917 0.539062 0.521875 0.539062 0.520833 0.539844 0.519792 0.539844 0.51875 0.540625 0.516667 0.540625 0.515625 0.541406 0.514583 0.541406 0.5125 0.542969 0.510417 0.542969 0.509375 0.54375 0.50625 0.54375 0.505208 0.544531 0.502083 0.544531 0.501042 0.545312 0.5 0.545312 0.498958 0.546094 0.494792 0.546094 0.49375 0.546875 0.4875 0.546875 0.486458 0.547656 0.482292 0.547656 0.48125 0.548437 0.459375 0.548437 0.458333 0.547656 0.452083 0.547656 0.451042 0.546875 0.446875 0.546875 0.445833 0.546094 0.440625 0.546094 0.439583 0.545312 0.4375 0.545312 0.436458 0.544531 0.434375 0.544531 0.433333 0.54375 0.43125 0.54375 0.430208 0.542969 0.427083 0.542969 0.425 0.541406 0.422917 0.541406 0.421875 0.540625 0.420833 0.540625 0.419792 0.539844 0.41875 0.539844 0.416667 0.538281 0.415625 0.538281 0.414583 0.5375 0.4125 0.5375 0.410417 0.535937 0.409375 0.535937 0.407292 0.534375 0.40625 0.534375 0.405208 0.533594 0.404167 0.533594 0.401042 0.53125 0.4 0.53125 0.392708 0.525781 0.391667 0.525781 0.389583 0.524219 0.389583 0.523438 0.388542 0.522656 0.3875 0.522656 0.385417 0.521094 0.385417 0.520312 0.38125 0.517188 0.38125 0.516406 0.380208 0.515625 0.380208 0.514844 0.379167 0.514062 0.379167 0.517969 0.380208 0.51875 0.380208 0.520312 0.38125 0.521094 0.38125 0.521875 0.383333 0.523438 0.383333 0.524219 0.386458 0.526562 0.386458 0.527344 0.391667 0.53125 0.391667 0.532031 0.397917 0.536719 0.398958 0.536719 0.403125 0.539844 0.404167 0.539844 0.407292 0.542187 0.408333 0.542187 0.409375 0.542969 0.410417 0.542969 0.411458 0.54375 0.4125 0.54375 0.414583 0.545312 0.415625 0.545312 0.416667 0.546094 0.417708 0.546094 0.41875 0.546875 0.420833 0.546875 0.421875 0.547656 0.422917 0.547656 0.423958 0.548437 0.425 0.548437 0.426042 0.549219 0.428125 0.549219 0.429167 0.55 0.430208 0.55 0.43125 0.550781 0.432292 0.550781 0.433333 0.551562 0.435417 0.551562 0.436458 0.552344 0.438542 0.552344 0.439583 0.553125 0.444792 0.553125 0.445833 0.553906 0.45 0.553906 0.451042 0.554688 0.458333 0.554688 0.459375 0.555469 0.475 0.555469 0.476042 0.554688 0.483333 0.554688 0.484375 0.553906 0.490625 0.553906 0.491667 0.553125 0.496875 0.553125 0.497917 0.552344 0.5 0.552344 0.501042 0.551562 0.504167 0.551562 0.505208 0.550781 0.507292 0.550781 0.508333 0.55 0.510417 0.55 0.511458 0.549219 0.5125 0.549219 0.513542 0.548437 0.515625 0.548437 0.516667 0.547656 0.517708 0.547656 0.51875 0.546875 0.519792 0.546875 0.520833 0.546094 0.522917 0.546094 0.525 0.544531 0.526042 0.544531 0.528125 0.542969 0.529167 0.542969 0.53125 0.541406 0.532292 0.541406 0.534375 0.539844 0.535417 0.539844 0.538542 0.5375 0.539583 0.5375 0.544792 0.533594 0.545833 0.533594 0.547917 0.532031 0.547917 0.53125 0.551042 0.528906 0.552083 0.528906 0.552083 0.528125 0.55625 0.525 0.55625 0.524219 0.557292 0.523438 0.557292 0.522656 0.558333 0.521875 0.558333 0.521094 0.559375 0.520312 0.559375 0.519531 0.560417 0.51875 0.560417 0.517188 0.561458 0.516406 0.561458 0.510937 0.932346
0 0.355208 0.358594 0.354167 0.359375 0.354167 0.361719 0.353125 0.3625 0.353125 0.364844 0.352083 0.365625 0.352083 0.367188 0.351042 0.367969 0.351042 0.369531 0.35 0.370312 0.35 0.383594 0.351042 0.384375 0.351042 0.386719 0.352083 0.3875 0.352083 0.389844 0.353125 0.390625 0.353125 0.391406 0.357292 0.394531 0.357292 0.396094 0.358333 0.396875 0.358333 0.399219 0.359375 0.4 0.359375 0.401562 0.360417 0.402344 0.360417 0.403125 0.361458 0.403906 0.361458 0.404687 0.3625 0.405469 0.3625 0.407031 0.365625 0.409375 0.365625 0.410156 0.366667 0.410937 0.366667 0.411719 0.36875 0.413281 0.36875 0.414062 0.375 0.41875 0.375 0.419531 0.377083 0.421094 0.378125 0.421094 0.379167 0.421875 0.379167 0.422656 0.380208 0.423437 0.38125 0.423437 0.386458 0.427344 0.3875 0.427344 0.390625 0.429688 0.391667 0.429688 0.392708 0.430469 0.39375 0.430469 0.394792 0.43125 0.395833 0.43125 0.397917 0.432812 0.398958 0.432812 0.4 0.433594 0.401042 0.433594 0.402083 0.434375 0.403125 0.434375 0.405208 0.435937 0.407292 0.435937 0.408333 0.436719 0.409375 0.436719 0.410417 0.4375 0.411458 0.4375 0.4125 0.438281 0.413542 0.438281 0.414583 0.439062 0.417708 0.439062 0.41875 0.439844 0.420833 0.439844 0.421875 0.440625 0.422917 0.440625 0.423958 0.441406 0.426042 0.441406 0.427083 0.442187 0.429167 0.442187 0.430208 0.442969 0.435417 0.442969 0.436458 0.44375 0.439583 0.44375 0.440625 0.444531 0.444792 0.444531 0.445833 0.445312 0.455208 0.445312 0.45625 0.446094 0.483333 0.446094 0.484375 0.445312 0.49375 0.445312 0.494792 0.444531 0.498958 0.444531 0.5 0.44375 0.503125 0.44375 0.504167 0.442969 0.508333 0.442969 0.509375 0.442187 0.5125 0.442187 0.513542 0.441406 0.514583 0.441406 0.515625 0.440625 0.517708 0.440625 0.51875 0.439844 0.520833 0.439844 0.521875 0.439062 0.523958 0.439062 0.525 0.438281 0.526042 0.438281 0.527083 0.4375 0.528125 0.4375 0.529167 0.436719 0.530208 0.436719 0.53125 0.435937 0.533333 0.435937 0.534375 0.435156 0.535417 0.435156 0.536458 0.434375 0.5375 0.434375 0.538542 0.433594 0.539583 0.433594 0.540625 0.432812 0.541667 0.432812 0.54375 0.43125 0.544792 0.43125 0.545833 0.430469 0.546875 0.430469 0.547917 0.429688 0.548958 0.429688 0.552083 0.427344 0.553125 0.427344 0.554167 0.426562 0.554167 0.425 0.555208 0.424219 0.55625 0.424219 0.557292 0.423437 0.555208 0.423437 0.553125 0.425 0.551042 0.425 0.55 0.425781 0.547917 0.425781 0.546875 0.426562 0.545833 0.426562 0.544792 0.427344 0.54375 0.427344 0.542708 0.428125 0.541667 0.428125 0.540625 0.428906 0.538542 0.428906 0.5375 0.429688 0.536458 0.429688 0.535417 0.430469 0.534375 0.430469 0.533333 0.43125 0.53125 0.43125 0.530208 0.432031 0.528125 0.432031 0.527083 0.432812 0.525 0.432812 0.523958 0.433594 0.521875 0.433594 0.520833 0.434375 0.517708 0.434375 0.516667 0.435156 0.513542 0.435156 0.5125 0.435937 0.508333 0.435937 0.507292 0.436719 0.502083 0.436719 0.501042 0.4375 0.4625 0.4375 0.461458 0.436719 0.455208 0.436719 0.454167 0.435937 0.448958 0.435937 0.447917 0.435156 0.44375 0.435156 0.442708 0.434375 0.4375 0.434375 0.436458 0.433594 0.434375 0.433594 0.433333 0.432812 0.43125 0.432812 0.430208 0.432031 0.427083 0.432031 0.426042 0.43125 0.423958 0.43125 0.422917 0.430469 0.420833 0.430469 0.419792 0.429688 0.41875 0.429688 0.417708 0.428906 0.415625 0.428906 0.414583 0.428125 0.413542 0.428125 0.4125 0.427344 0.411458 0.427344 0.410417 0.426562 0.409375 0.426562 0.408333 0.425781 0.407292 0.425781 0.40625 0.425 0.405208 0.425 0.403125 0.423437 0.402083 0.423437 0.401042 0.422656 0.4 0.422656 0.398958 0.421875 0.397917 0.421875 0.395833 0.420312 0.394792 0.420312 0.39375 0.419531 0.392708 0.419531 0.388542 0.416406 0.3875 0.416406 0.38125 0.411719 0.38125 0.410937 0.372917 0.404687 0.372917 0.403906 0.369792 0.401562 0.369792 0.400781 0.367708 0.399219 0.367708 0.398438 0.365625 0.396875 0.365625 0.395312 0.364583 0.394531 0.364583 0.39375 0.363542 0.392969 0.363542 0.391406 0.3625 0.390625 0.3625 0.389062 0.361458 0.388281 0.361458 0.3875 0.360417 0.386719 0.360417 0.384375 0.359375 0.383594 0.359375 0.377344 0.358333 0.376562 0.358333 0.372656 0.357292 0.371875 0.357292 0.3625 0.358333 0.361719 0.358333 0.358594 0.926793
0 0.557292 0.542187 0.55625 0.542187 0.55625 0.542969 0.555208 0.54375 0.555208 0.546094 0.554167 0.546875 0.554167 0.547656 0.553125 0.548437 0.552083 0.548437 0.552083 0.549219 0.551042 0.55 0.551042 0.550781 0.55 0.551562 0.55 0.552344 0.548958 0.553125 0.547917 0.553125 0.546875 0.553906 0.546875 0.555469 0.544792 0.557031 0.54375 0.557031 0.539583 0.560156 0.538542 0.560156 0.538542 0.560937 0.536458 0.5625 0.535417 0.5625 0.53125 0.565625 0.530208 0.565625 0.527083 0.567969 0.526042 0.567969 0.523958 0.569531 0.521875 0.569531 0.51875 0.571875 0.517708 0.571875 0.516667 0.572656 0.514583 0.572656 0.513542 0.573437 0.5125 0.573437 0.510417 0.575 0.508333 0.575 0.507292 0.575781 0.503125 0.575781 0.502083 0.576562 0.5 0.576562 0.498958 0.577344 0.496875 0.577344 0.495833 0.578125 0.491667 0.578125 0.490625 0.578906 0.484375 0.578906 0.483333 0.579687 0.458333 0.579687 0.457292 0.578906 0.446875 0.578906 0.445833 0.578125 0.441667 0.578125 0.440625 0.577344 0.439583 0.577344 0.438542 0.576562 0.436458 0.576562 0.435417 0.575781 0.432292 0.575781 0.43125 0.575 0.428125 0.575 0.427083 0.574219 0.426042 0.574219 0.425 0.573437 0.423958 0.573437 0.422917 0.572656 0.421875 0.572656 0.420833 0.571875 0.41875 0.571875 0.417708 0.571094 0.416667 0.571094 0.414583 0.569531 0.413542 0.569531 0.4125 0.56875 0.411458 0.56875 0.408333 0.566406 0.407292 0.566406 0.40625 0.565625 0.404167 0.565625 0.401042 0.563281 0.4 0.563281 0.395833 0.560156 0.394792 0.560156 0.39375 0.559375 0.39375 0.558594 0.392708 0.557812 0.392708 0.557031 0.391667 0.557031 0.388542 0.554688 0.3875 0.554688 0.385417 0.553125 0.385417 0.551562 0.384375 0.550781 0.383333 0.550781 0.383333 0.551562 0.384375 0.552344 0.384375 0.553906 0.385417 0.554688 0.386458 0.554688 0.3875 0.555469 0.3875 0.557031 0.4 0.566406 0.4 0.567187 0.401042 0.567187 0.407292 0.571875 0.408333 0.571875 0.409375 0.572656 0.409375 0.573437 0.411458 0.575 0.4125 0.575 0.413542 0.575781 0.414583 0.575781 0.415625 0.576562 0.416667 0.576562 0.417708 0.577344 0.419792 0.577344 0.420833 0.578125 0.421875 0.578125 0.422917 0.578906 0.423958 0.578906 0.425 0.579687 0.427083 0.579687 0.428125 0.580469 0.430208 0.580469 0.43125 0.58125 0.432292 0.58125 0.433333 0.582031 0.435417 0.582031 0.436458 0.582812 0.439583 0.582812 0.440625 0.583594 0.444792 0.583594 0.445833 0.584375 0.448958 0.584375 0.45 0.585156 0.452083 0.585156 0.453125 0.585938 0.457292 0.585938 0.458333 0.586719 0.46875 0.586719 0.469792 0.5875 0.472917 0.5875 0.473958 0.586719 0.483333 0.586719 0.484375 0.585938 0.488542 0.585938 0.489583 0.585156 0.491667 0.585156 0.492708 0.584375 0.495833 0.584375 0.496875 0.583594 0.501042 0.583594 0.502083 0.582812 0.504167 0.582812 0.505208 0.582031 0.50625 0.582031 0.507292 0.58125 0.509375 0.58125 0.510417 0.580469 0.511458 0.580469 0.5125 0.579687 0.514583 0.579687 0.516667 0.578125 0.51875 0.578125 0.520833 0.576562 0.521875 0.576562 0.522917 0.575781 0.523958 0.575781 0.525 0.575 0.526042 0.575 0.527083 0.574219 0.528125 0.574219 0.529167 0.573437 0.530208 0.573437 0.5375 0.567969 0.538542 0.567969 0.54375 0.564062 0.544792 0.564062 0.544792 0.563281 0.553125 0.557031 0.553125 0.55625 0.555208 0.554688 0.555208 0.553125 0.55625 0.552344 0.55625 0.550781 0.557292 0.55 0.557292 0.548437 0.558333 0.547656 0.558333 0.546875 0.559375 0.546094 0.559375 0.54375 0.557292 0.542187 0.559375 0.534375 0.559375 0.532812 0.559375 0.534375 0.925338
0 0.371875 0.475 0.371875 0.483594 0.372917 0.483594 0.376042 0.485937 0.376042 0.486719 0.383333 0.492187 0.383333 0.492969 0.3875 0.496094 0.388542 0.496094 0.390625 0.497656 0.391667 0.497656 0.395833 0.500781 0.396875 0.500781 0.398958 0.502344 0.4 0.502344 0.402083 0.503906 0.403125 0.503906 0.404167 0.504687 0.405208 0.504687 0.40625 0.505469 0.407292 0.505469 0.409375 0.507031 0.410417 0.507031 0.411458 0.507812 0.4125 0.507812 0.413542 0.508594 0.415625 0.508594 0.416667 0.509375 0.417708 0.509375 0.41875 0.510156 0.419792 0.510156 0.420833 0.510937 0.423958 0.510937 0.425 0.511719 0.426042 0.511719 0.427083 0.5125 0.429167 0.5125 0.430208 0.513281 0.434375 0.513281 0.435417 0.514062 0.4375 0.514062 0.438542 0.514844 0.441667 0.514844 0.442708 0.515625 0.446875 0.515625 0.447917 0.516406 0.458333 0.516406 0.459375 0.517188 0.475 0.517188 0.476042 0.516406 0.485417 0.516406 0.486458 0.515625 0.492708 0.515625 0.49375 0.514844 0.495833 0.514844 0.496875 0.514062 0.501042 0.514062 0.502083 0.513281 0.505208 0.513281 0.50625 0.5125 0.507292 0.5125 0.508333 0.511719 0.511458 0.511719 0.5125 0.510937 0.514583 0.510937 0.515625 0.510156 0.517708 0.510156 0.51875 0.509375 0.520833 0.509375 0.521875 0.508594 0.522917 0.508594 0.523958 0.507812 0.525 0.507812 0.526042 0.507031 0.527083 0.507031 0.529167 0.505469 0.530208 0.505469 0.53125 0.504687 0.532292 0.504687 0.533333 0.503906 0.534375 0.503906 0.535417 0.503125 0.536458 0.503125 0.539583 0.500781 0.540625 0.500781 0.544792 0.497656 0.546875 0.497656 0.546875 0.496875 0.552083 0.492969 0.552083 0.492187 0.555208 0.489844 0.555208 0.489062 0.557292 0.4875 0.557292 0.486719 0.559375 0.485156 0.559375 0.484375 0.560417 0.483594 0.560417 0.480469 0.560417 0.48125 0.557292 0.483594 0.55625 0.483594 0.555208 0.484375 0.555208 0.485156 0.553125 0.486719 0.552083 0.486719 0.547917 0.489844 0.546875 0.489844 0.541667 0.49375 0.540625 0.49375 0.5375 0.496094 0.536458 0.496094 0.535417 0.496875 0.534375 0.496875 0.533333 0.497656 0.532292 0.497656 0.529167 0.5 0.528125 0.5 0.527083 0.500781 0.525 0.500781 0.523958 0.501562 0.522917 0.501562 0.521875 0.502344 0.519792 0.502344 0.51875 0.503125 0.517708 0.503125 0.516667 0.503906 0.515625 0.503906 0.514583 0.504687 0.513542 0.504687 0.5125 0.505469 0.509375 0.505469 0.508333 0.50625 0.507292 0.50625 0.50625 0.507031 0.503125 0.507031 0.502083 0.507812 0.496875 0.507812 0.495833 0.508594 0.492708 0.508594 0.491667 0.509375 0.488542 0.509375 0.4875 0.510156 0.480208 0.510156 0.479167 0.510937 0.4625 0.510937 0.461458 0.510156 0.45625 0.510156 0.455208 0.509375 0.45 0.509375 0.448958 0.508594 0.442708 0.508594 0.441667 0.507812 0.436458 0.507812 0.435417 0.507031 0.433333 0.507031 0.432292 0.50625 0.429167 0.50625 0.428125 0.505469 0.426042 0.505469 0.425 0.504687 0.422917 0.504687 0.421875 0.503906 0.420833 0.503906 0.419792 0.503125 0.41875 0.503125 0.417708 0.502344 0.415625 0.502344 0.414583 0.501562 0.413542 0.501562 0.4125 0.500781 0.411458 0.500781 0.410417 0.5 0.409375 0.5 0.408333 0.499219 0.407292 0.499219 0.405208 0.497656 0.404167 0.497656 0.402083 0.496094 0.401042 0.496094 0.398958 0.494531 0.396875 0.494531 0.394792 0.492969 0.39375 0.492969 0.388542 0.489062 0.3875 0.489062 0.384375 0.486719 0.383333 0.486719 0.380208 0.484375 0.379167 0.484375 0.377083 0.482812 0.377083 0.482031 0.372917 0.478906 0.372917 0.477344 0.371875 0.476562 0.919622
0 0.360417 0.419531 0.360417 0.419531 0.363542 0.421875 0.363542 0.423437 0.364583 0.424219 0.364583 0.425 0.365625 0.425781 0.365625 0.426562 0.366667 0.427344 0.366667 0.428125 0.367708 0.428906 0.367708 0.429688 0.369792 0.43125 0.369792 0.432031 0.373958 0.435156 0.373958 0.435937 0.376042 0.4375 0.377083 0.4375 0.379167 0.439062 0.379167 0.439844 0.380208 0.439844 0.385417 0.44375 0.386458 0.44375 0.389583 0.446094 0.390625 0.446094 0.391667 0.446875 0.392708 0.446875 0.395833 0.449219 0.396875 0.449219 0.397917 0.45 0.398958 0.45 0.401042 0.451562 0.402083 0.451562 0.403125 0.452344 0.404167 0.452344 0.405208 0.453125 0.407292 0.453125 0.408333 0.453906 0.409375 0.453906 0.410417 0.454687 0.411458 0.454687 0.4125 0.455469 0.413542 0.455469 0.414583 0.45625 0.416667 0.45625 0.417708 0.457031 0.41875 0.457031 0.419792 0.457812 0.421875 0.457812 0.422917 0.458594 0.425 0.458594 0.426042 0.459375 0.429167 0.459375 0.430208 0.460156 0.433333 0.460156 0.434375 0.460937 0.4375 0.460937 0.438542 0.461719 0.442708 0.461719 0.44375 0.4625 0.453125 0.4625 0.454167 0.463281 0.465625 0.463281 0.466667 0.464062 0.46875 0.464062 0.469792 0.463281 0.48125 0.463281 0.482292 0.4625 0.492708 0.4625 0.49375 0.461719 0.497917 0.461719 0.498958 0.460937 0.502083 0.460937 0.503125 0.460156 0.505208 0.460156 0.50625 0.459375 0.510417 0.459375 0.511458 0.458594 0.513542 0.458594 0.514583 0.457812 0.516667 0.457812 0.517708 0.457031 0.51875 0.457031 0.519792 0.45625 0.521875 0.45625 0.522917 0.455469 0.525 0.455469 0.526042 0.454687 0.527083 0.454687 0.529167 0.453125 0.53125 0.453125 0.532292 0.452344 0.533333 0.452344 0.535417 0.450781 0.536458 0.450781 0.5375 0.45 0.539583 0.45 0.54375 0.446875 0.544792 0.446875 0.545833 0.446094 0.546875 0.446094 0.55 0.44375 0.551042 0.44375 0.552083 0.442969 0.553125 0.442969 0.558333 0.439062 0.558333 0.438281 0.559375 0.4375 0.560417 0.4375 0.565625 0.433594 0.565625 0.432812 0.567708 0.43125 0.567708 0.430469 0.569792 0.428906 0.569792 0.428125 0.571875 0.426562 0.571875 0.425781 0.573958 0.424219 0.573958 0.423437 0.575 0.422656 0.575 0.421875 0.576042 0.421094 0.576042 0.420312 0.577083 0.419531 0.577083 0.41875 0.578125 0.417969 0.578125 0.410156 0.577083 0.410156 0.576042 0.410937 0.576042 0.411719 0.571875 0.414844 0.571875 0.415625 0.569792 0.417187 0.569792 0.417969 0.567708 0.419531 0.567708 0.420312 0.566667 0.421094 0.566667 0.421875 0.561458 0.425781 0.561458 0.426562 0.547917 0.436719 0.546875 0.436719 0.544792 0.438281 0.54375 0.438281 0.540625 0.440625 0.539583 0.440625 0.5375 0.442187 0.536458 0.442187 0.535417 0.442969 0.534375 0.442969 0.533333 0.44375 0.532292 0.44375 0.53125 0.444531 0.530208 0.444531 0.528125 0.446094 0.526042 0.446094 0.525 0.446875 0.523958 0.446875 0.522917 0.447656 0.520833 0.447656 0.519792 0.448437 0.517708 0.448437 0.516667 0.449219 0.514583 0.449219 0.513542 0.45 0.510417 0.45 0.509375 0.450781 0.507292 0.450781 0.50625 0.451562 0.503125 0.451562 0.502083 0.452344 0.498958 0.452344 0.497917 0.453125 0.492708 0.453125 0.491667 0.453906 0.485417 0.453906 0.484375 0.454687 0.452083 0.454687 0.451042 0.453906 0.444792 0.453906 0.44375 0.453125 0.438542 0.453125 0.4375 0.452344 0.432292 0.452344 0.43125 0.451562 0.428125 0.451562 0.427083 0.450781 0.425 0.450781 0.423958 0.45 0.420833 0.45 0.419792 0.449219 0.41875 0.449219 0.417708 0.448437 0.415625 0.448437 0.414583 0.447656 0.4125 0.447656 0.411458 0.446875 0.410417 0.446875 0.409375 0.446094 0.407292 0.446094 0.40625 0.445312 0.405208 0.445312 0.404167 0.444531 0.403125 0.444531 0.402083 0.44375 0.401042 0.44375 0.4 0.442969 0.398958 0.442969 0.396875 0.441406 0.395833 0.441406 0.394792 0.440625 0.39375 0.440625 0.392708 0.439844 0.391667 0.439844 0.389583 0.438281 0.388542 0.438281 0.3875 0.4375 0.386458 0.4375 0.382292 0.434375 0.38125 0.434375 0.367708 0.424219 0.366667 0.424219 0.363542 0.421875 0.912242
0 0.375 0.49375 0.375 0.497656 0.376042 0.498437 0.376042 0.500781 0.380208 0.503906 0.380208 0.504687 0.383333 0.507031 0.383333 0.507812 0.384375 0.508594 0.385417 0.508594 0.386458 0.509375 0.386458 0.510156 0.388542 0.511719 0.389583 0.511719 0.396875 0.517188 0.397917 0.517188 0.401042 0.519531 0.402083 0.519531 0.403125 0.520312 0.404167 0.520312 0.405208 0.521094 0.40625 0.521094 0.407292 0.521875 0.408333 0.521875 0.409375 0.522656 0.410417 0.522656 0.411458 0.523438 0.4125 0.523438 0.413542 0.524219 0.415625 0.524219 0.416667 0.525 0.417708 0.525 0.41875 0.525781 0.419792 0.525781 0.420833 0.526562 0.423958 0.526562 0.425 0.527344 0.428125 0.527344 0.429167 0.528125 0.430208 0.528125 0.43125 0.528906 0.433333 0.528906 0.434375 0.529687 0.438542 0.529687 0.439583 0.530469 0.44375 0.530469 0.444792 0.53125 0.448958 0.53125 0.45 0.532031 0.479167 0.532031 0.480208 0.53125 0.486458 0.53125 0.4875 0.530469 0.49375 0.530469 0.494792 0.529687 0.498958 0.529687 0.5 0.528906 0.501042 0.528906 0.502083 0.528125 0.504167 0.528125 0.505208 0.527344 0.507292 0.527344 0.508333 0.526562 0.510417 0.526562 0.511458 0.525781 0.5125 0.525781 0.513542 0.525 0.514583 0.525 0.515625 0.524219 0.517708 0.524219 0.51875 0.523438 0.520833 0.523438 0.522917 0.521875 0.523958 0.521875 0.525 0.521094 0.526042 0.521094 0.527083 0.520312 0.528125 0.520312 0.53125 0.517969 0.532292 0.517969 0.536458 0.514844 0.5375 0.514844 0.542708 0.510937 0.54375 0.510937 0.54375 0.510156 0.546875 0.507812 0.547917 0.507812 0.547917 0.507031 0.548958 0.50625 0.548958 0.505469 0.55 0.504687 0.551042 0.504687 0.552083 0.503906 0.552083 0.502344 0.554167 0.500781 0.554167 0.5 0.55625 0.498437 0.55625 0.494531 0.555208 0.495312 0.555208 0.496094 0.553125 0.497656 0.552083 0.497656 0.551042 0.498437 0.551042 0.499219 0.55 0.5 0.548958 0.5 0.539583 0.507031 0.538542 0.507031 0.538542 0.507812 0.5375 0.508594 0.536458 0.508594 0.534375 0.510156 0.533333 0.510156 0.532292 0.510937 0.53125 0.510937 0.528125 0.513281 0.527083 0.513281 0.526042 0.514062 0.525 0.514062 0.523958 0.514844 0.522917 0.514844 0.521875 0.515625 0.520833 0.515625 0.519792 0.516406 0.517708 0.516406 0.516667 0.517188 0.515625 0.517188 0.514583 0.517969 0.513542 0.517969 0.5125 0.51875 0.511458 0.51875 0.510417 0.519531 0.508333 0.519531 0.507292 0.520312 0.505208 0.520312 0.504167 0.521094 0.503125 0.521094 0.502083 0.521875 0.5 0.521875 0.498958 0.522656 0.49375 0.522656 0.492708 0.523438 0.489583 0.523438 0.488542 0.524219 0.484375 0.524219 0.483333 0.525 0.446875 0.525 0.445833 0.524219 0.441667 0.524219 0.440625 0.523438 0.438542 0.523438 0.4375 0.522656 0.434375 0.522656 0.433333 0.521875 0.429167 0.521875 0.428125 0.521094 0.426042 0.521094 0.425 0.520312 0.422917 0.520312 0.421875 0.519531 0.419792 0.519531 0.41875 0.51875 0.416667 0.51875 0.415625 0.517969 0.414583 0.517969 0.4125 0.516406 0.410417 0.516406 0.409375 0.515625 0.408333 0.515625 0.40625 0.514062 0.405208 0.514062 0.404167 0.513281 0.403125 0.513281 0.401042 0.511719 0.4 0.511719 0.397917 0.510156 0.396875 0.510156 0.395833 0.509375 0.394792 0.509375 0.39375 0.508594 0.39375 0.507812 0.391667 0.507812 0.390625 0.507031 0.389583 0.507031 0.388542 0.50625 0.388542 0.505469 0.3875 0.504687 0.386458 0.504687 0.383333 0.502344 0.383333 0.501562 0.382292 0.501562 0.38125 0.500781 0.38125 0.5 0.380208 0.499219 0.380208 0.498437 0.379167 0.498437 0.377083 0.496875 0.377083 0.495312 0.908903
0 0.542708 0.573437 0.542708 0.573437 0.539583 0.575781 0.538542 0.575781 0.5375 0.576562 0.536458 0.576562 0.535417 0.577344 0.534375 0.577344 0.532292 0.578906 0.53125 0.578906 0.528125 0.58125 0.526042 0.58125 0.523958 0.582812 0.522917 0.582812 0.520833 0.584375 0.519792 0.584375 0.51875 0.585156 0.516667 0.585156 0.514583 0.586719 0.513542 0.586719 0.5125 0.5875 0.511458 0.5875 0.510417 0.588281 0.508333 0.588281 0.507292 0.589062 0.505208 0.589062 0.504167 0.589844 0.502083 0.589844 0.501042 0.590625 0.496875 0.590625 0.495833 0.591406 0.492708 0.591406 0.491667 0.592187 0.485417 0.592187 0.484375 0.592969 0.457292 0.592969 0.45625 0.592187 0.446875 0.592187 0.445833 0.591406 0.442708 0.591406 0.441667 0.590625 0.439583 0.590625 0.438542 0.589844 0.436458 0.589844 0.435417 0.589062 0.432292 0.589062 0.43125 0.588281 0.429167 0.588281 0.428125 0.5875 0.427083 0.5875 0.426042 0.586719 0.425 0.586719 0.423958 0.585938 0.421875 0.585938 0.419792 0.584375 0.41875 0.584375 0.416667 0.582812 0.415625 0.582812 0.414583 0.582031 0.413542 0.582031 0.411458 0.580469 0.410417 0.580469 0.408333 0.578906 0.407292 0.578906 0.402083 0.575 0.401042 0.575 0.394792 0.570312 0.394792 0.569531 0.390625 0.566406 0.390625 0.565625 0.389583 0.564844 0.389583 0.564062 0.386458 0.561719 0.386458 0.560937 0.385417 0.560156 0.385417 0.559375 0.384375 0.558594 0.384375 0.557812 0.383333 0.557031 0.383333 0.564062 0.384375 0.564844 0.384375 0.565625 0.3875 0.567969 0.3875 0.569531 0.389583 0.571094 0.389583 0.571875 0.390625 0.572656 0.390625 0.573437 0.39375 0.575781 0.39375 0.576562 0.402083 0.582812 0.403125 0.582812 0.40625 0.585156 0.407292 0.585156 0.409375 0.586719 0.410417 0.586719 0.411458 0.5875 0.4125 0.5875 0.414583 0.589062 0.415625 0.589062 0.417708 0.590625 0.41875 0.590625 0.419792 0.591406 0.420833 0.591406 0.421875 0.592187 0.422917 0.592187 0.423958 0.592969 0.425 0.592969 0.426042 0.59375 0.428125 0.59375 0.429167 0.594531 0.43125 0.594531 0.432292 0.595312 0.434375 0.595312 0.435417 0.596094 0.4375 0.596094 0.438542 0.596875 0.441667 0.596875 0.442708 0.597656 0.447917 0.597656 0.448958 0.598437 0.453125 0.598437 0.454167 0.599219 0.483333 0.599219 0.484375 0.598437 0.4875 0.598437 0.488542 0.597656 0.491667 0.597656 0.492708 0.596875 0.494792 0.596875 0.495833 0.596094 0.498958 0.596094 0.5 0.595312 0.502083 0.595312 0.503125 0.594531 0.50625 0.594531 0.507292 0.59375 0.508333 0.59375 0.509375 0.592969 0.510417 0.592969 0.511458 0.592187 0.513542 0.592187 0.516667 0.589844 0.517708 0.589844 0.51875 0.589062 0.519792 0.589062 0.520833 0.588281 0.521875 0.588281 0.523958 0.586719 0.525 0.586719 0.526042 0.585938 0.527083 0.585938 0.53125 0.582812 0.532292 0.582812 0.536458 0.579687 0.536458 0.578906 0.539583 0.576562 0.539583 0.575781 0.892546
0 0.564583 0.5 0.563542 0.500781 0.563542 0.504687 0.561458 0.50625 0.560417 0.50625 0.560417 0.507031 0.559375 0.507812 0.559375 0.509375 0.557292 0.510937 0.55625 0.510937 0.55625 0.511719 0.553125 0.514062 0.553125 0.514844 0.544792 0.521094 0.54375 0.521094 0.540625 0.523438 0.539583 0.523438 0.5375 0.525 0.536458 0.525 0.535417 0.525781 0.534375 0.525781 0.532292 0.527344 0.53125 0.527344 0.530208 0.528125 0.529167 0.528125 0.528125 0.528906 0.527083 0.528906 0.525 0.530469 0.523958 0.530469 0.522917 0.53125 0.521875 0.53125 0.520833 0.532031 0.51875 0.532031 0.517708 0.532812 0.516667 0.532812 0.515625 0.533594 0.514583 0.533594 0.513542 0.534375 0.511458 0.534375 0.510417 0.535156 0.507292 0.535156 0.50625 0.535937 0.505208 0.535937 0.504167 0.536719 0.503125 0.536719 0.502083 0.5375 0.497917 0.5375 0.496875 0.538281 0.491667 0.538281 0.490625 0.539062 0.4875 0.539062 0.486458 0.539844 0.482292 0.539844 0.48125 0.540625 0.457292 0.540625 0.45625 0.539844 0.452083 0.539844 0.451042 0.539062 0.447917 0.539062 0.446875 0.538281 0.441667 0.538281 0.440625 0.5375 0.436458 0.5375 0.435417 0.536719 0.433333 0.536719 0.432292 0.535937 0.43125 0.535937 0.430208 0.535156 0.427083 0.535156 0.426042 0.534375 0.423958 0.534375 0.422917 0.533594 0.421875 0.533594 0.420833 0.532812 0.419792 0.532812 0.41875 0.532031 0.417708 0.532031 0.416667 0.53125 0.415625 0.53125 0.414583 0.530469 0.413542 0.530469 0.411458 0.528906 0.410417 0.528906 0.409375 0.528125 0.408333 0.528125 0.40625 0.526562 0.405208 0.526562 0.404167 0.525781 0.403125 0.525781 0.402083 0.525 0.401042 0.525 0.397917 0.522656 0.396875 0.522656 0.392708 0.519531 0.391667 0.519531 0.389583 0.517969 0.389583 0.517188 0.388542 0.516406 0.3875 0.516406 0.385417 0.514844 0.385417 0.514062 0.384375 0.513281 0.383333 0.513281 0.382292 0.5125 0.382292 0.511719 0.38125 0.510937 0.38125 0.509375 0.380208 0.508594 0.380208 0.516406 0.383333 0.51875 0.383333 0.519531 0.388542 0.523438 0.389583 0.523438 0.395833 0.528125 0.396875 0.528125 0.402083 0.532031 0.403125 0.532031 0.405208 0.533594 0.40625 0.533594 0.407292 0.534375 0.408333 0.534375 0.410417 0.535937 0.411458 0.535937 0.4125 0.536719 0.413542 0.536719 0.414583 0.5375 0.415625 0.5375 0.417708 0.539062 0.419792 0.539062 0.420833 0.539844 0.421875 0.539844 0.422917 0.540625 0.423958 0.540625 0.426042 0.542187 0.429167 0.542187 0.430208 0.542969 0.432292 0.542969 0.433333 0.54375 0.434375 0.54375 0.435417 0.544531 0.4375 0.544531 0.438542 0.545312 0.44375 0.545312 0.444792 0.546094 0.448958 0.546094 0.45 0.546875 0.455208 0.546875 0.45625 0.547656 0.484375 0.547656 0.485417 0.546875 0.488542 0.546875 0.489583 0.546094 0.494792 0.546094 0.495833 0.545312 0.501042 0.545312 0.502083 0.544531 0.503125 0.544531 0.504167 0.54375 0.50625 0.54375 0.507292 0.542969 0.509375 0.542969 0.510417 0.542187 0.5125 0.542187 0.513542 0.541406 0.514583 0.541406 0.515625 0.540625 0.516667 0.540625 0.517708 0.539844 0.519792 0.539844 0.520833 0.539062 0.521875 0.539062 0.522917 0.538281 0.523958 0.538281 0.525 0.5375 0.526042 0.5375 0.527083 0.536719 0.528125 0.536719 0.529167 0.535937 0.530208 0.535937 0.53125 0.535156 0.532292 0.535156 0.534375 0.533594 0.535417 0.533594 0.538542 0.53125 0.539583 0.53125 0.540625 0.530469 0.541667 0.530469 0.546875 0.526562 0.547917 0.526562 0.548958 0.525781 0.548958 0.525 0.551042 0.523438 0.551042 0.522656 0.554167 0.520312 0.554167 0.519531 0.558333 0.516406 0.558333 0.515625 0.560417 0.514062 0.560417 0.513281 0.561458 0.5125 0.561458 0.510937 0.5625 0.510156 0.5625 0.508594 0.563542 0.507812 0.563542 0.504687 0.564583 0.503906 0.84476
0 0.369792 0.475781 0.369792 0.488281 0.370833 0.489062 0.370833 0.489844 0.371875 0.490625 0.371875 0.492187 0.372917 0.492969 0.372917 0.49375 0.373958 0.49375 0.375 0.494531 0.376042 0.494531 0.377083 0.495312 0.377083 0.496094 0.378125 0.496875 0.378125 0.497656 0.379167 0.498437 0.380208 0.498437 0.3875 0.503906 0.388542 0.503906 0.392708 0.507031 0.39375 0.507031 0.396875 0.509375 0.397917 0.509375 0.398958 0.510156 0.4 0.510156 0.402083 0.511719 0.403125 0.511719 0.404167 0.5125 0.405208 0.5125 0.407292 0.514062 0.408333 0.514062 0.409375 0.514844 0.410417 0.514844 0.411458 0.515625 0.4125 0.515625 0.413542 0.516406 0.414583 0.516406 0.415625 0.517188 0.416667 0.517188 0.417708 0.517969 0.419792 0.517969 0.420833 0.51875 0.422917 0.51875 0.423958 0.519531 0.426042 0.519531 0.427083 0.520312 0.429167 0.520312 0.430208 0.521094 0.433333 0.521094 0.434375 0.521875 0.4375 0.521875 0.438542 0.522656 0.441667 0.522656 0.442708 0.523438 0.445833 0.523438 0.446875 0.524219 0.461458 0.524219 0.4625 0.525 0.465625 0.525 0.466667 0.524219 0.483333 0.524219 0.484375 0.523438 0.488542 0.523438 0.489583 0.522656 0.492708 0.522656 0.49375 0.521875 0.496875 0.521875 0.497917 0.521094 0.501042 0.521094 0.502083 0.520312 0.504167 0.520312 0.505208 0.519531 0.50625 0.519531 0.507292 0.51875 0.509375 0.51875 0.510417 0.517969 0.5125 0.517969 0.513542 0.517188 0.514583 0.517188 0.515625 0.516406 0.516667 0.516406 0.517708 0.515625 0.519792 0.515625 0.520833 0.514844 0.521875 0.514844 0.522917 0.514062 0.525 0.514062 0.527083 0.5125 0.528125 0.5125 0.529167 0.511719 0.530208 0.511719 0.533333 0.509375 0.534375 0.509375 0.535417 0.508594 0.536458 0.508594 0.539583 0.50625 0.540625 0.50625 0.546875 0.501562 0.546875 0.500781 0.547917 0.5 0.548958 0.5 0.553125 0.496875 0.553125 0.496094 0.55625 0.49375 0.55625 0.492969 0.557292 0.492187 0.557292 0.491406 0.55625 0.490625 0.552083 0.49375 0.551042 0.49375 0.542708 0.5 0.541667 0.5 0.538542 0.502344 0.5375 0.502344 0.535417 0.503906 0.534375 0.503906 0.533333 0.504687 0.532292 0.504687 0.53125 0.505469 0.530208 0.505469 0.529167 0.50625 0.528125 0.50625 0.526042 0.507812 0.525 0.507812 0.523958 0.508594 0.521875 0.508594 0.520833 0.509375 0.519792 0.509375 0.51875 0.510156 0.517708 0.510156 0.516667 0.510937 0.515625 0.510937 0.514583 0.511719 0.511458 0.511719 0.510417 0.5125 0.508333 0.5125 0.507292 0.513281 0.50625 0.513281 0.505208 0.514062 0.503125 0.514062 0.502083 0.514844 0.497917 0.514844 0.496875 0.515625 0.492708 0.515625 0.491667 0.516406 0.489583 0.516406 0.488542 0.517188 0.484375 0.517188 0.483333 0.517969 0.453125 0.517969 0.452083 0.517188 0.446875 0.517188 0.445833 0.516406 0.442708 0.516406 0.441667 0.515625 0.438542 0.515625 0.4375 0.514844 0.434375 0.514844 0.433333 0.514062 0.430208 0.514062 0.429167 0.513281 0.426042 0.513281 0.425 0.5125 0.423958 0.5125 0.422917 0.511719 0.419792 0.511719 0.41875 0.510937 0.417708 0.510937 0.416667 0.510156 0.415625 0.510156 0.414583 0.509375 0.4125 0.509375 0.410417 0.507812 0.409375 0.507812 0.407292 0.50625 0.40625 0.50625 0.405208 0.505469 0.404167 0.505469 0.403125 0.504687 0.402083 0.504687 0.401042 0.503906 0.4 0.503906 0.395833 0.500781 0.394792 0.500781 0.389583 0.496875 0.388542 0.496875 0.377083 0.488281 0.377083 0.4875 0.376042 0.486719 0.376042 0.485937 0.373958 0.484375 0.373958 0.483594 0.372917 0.482812 0.372917 0.48125 0.371875 0.480469 0.371875 0.479687 0.370833 0.478906 0.370833 0.478125 0.369792 0.477344 0.832971
0 0.360417 0.420312 0.360417 0.419531 0.360417 0.420312 0.363542 0.422656 0.363542 0.424219 0.364583 0.425 0.364583 0.425781 0.365625 0.426562 0.365625 0.427344 0.366667 0.428125 0.366667 0.428906 0.36875 0.430469 0.36875 0.43125 0.369792 0.432031 0.369792 0.432812 0.380208 0.440625 0.38125 0.440625 0.383333 0.442187 0.383333 0.442969 0.384375 0.442969 0.388542 0.446094 0.389583 0.446094 0.391667 0.447656 0.392708 0.447656 0.395833 0.45 0.397917 0.45 0.4 0.451562 0.401042 0.451562 0.402083 0.452344 0.403125 0.452344 0.404167 0.453125 0.405208 0.453125 0.40625 0.453906 0.408333 0.453906 0.409375 0.454687 0.410417 0.454687 0.411458 0.455469 0.4125 0.455469 0.413542 0.45625 0.414583 0.45625 0.415625 0.457031 0.417708 0.457031 0.41875 0.457812 0.419792 0.457812 0.420833 0.458594 0.422917 0.458594 0.423958 0.459375 0.427083 0.459375 0.428125 0.460156 0.43125 0.460156 0.432292 0.460937 0.435417 0.460937 0.436458 0.461719 0.439583 0.461719 0.440625 0.4625 0.448958 0.4625 0.45 0.463281 0.483333 0.463281 0.484375 0.4625 0.494792 0.4625 0.495833 0.461719 0.498958 0.461719 0.5 0.460937 0.503125 0.460937 0.504167 0.460156 0.507292 0.460156 0.508333 0.459375 0.5125 0.459375 0.513542 0.458594 0.515625 0.458594 0.516667 0.457812 0.517708 0.457812 0.51875 0.457031 0.519792 0.457031 0.520833 0.45625 0.523958 0.45625 0.525 0.455469 0.526042 0.455469 0.527083 0.454687 0.528125 0.454687 0.529167 0.453906 0.530208 0.453906 0.53125 0.453125 0.532292 0.453125 0.533333 0.452344 0.534375 0.452344 0.535417 0.451562 0.536458 0.451562 0.5375 0.450781 0.538542 0.450781 0.539583 0.45 0.541667 0.45 0.544792 0.447656 0.545833 0.447656 0.546875 0.446875 0.548958 0.446875 0.548958 0.446094 0.552083 0.44375 0.553125 0.444531 0.554167 0.444531 0.555208 0.445312 0.55625 0.444531 0.55625 0.442969 0.558333 0.441406 0.558333 0.440625 0.559375 0.439844 0.559375 0.439062 0.561458 0.4375 0.5625 0.4375 0.564583 0.435937 0.564583 0.435156 0.56875 0.432031 0.56875 0.430469 0.570833 0.428906 0.570833 0.428125 0.572917 0.426562 0.572917 0.425781 0.573958 0.425 0.573958 0.424219 0.575 0.423437 0.575 0.422656 0.576042 0.421875 0.576042 0.421094 0.577083 0.420312 0.577083 0.417969 0.578125 0.417187 0.578125 0.410937 0.577083 0.410937 0.575 0.4125 0.575 0.413281 0.571875 0.415625 0.571875 0.416406 0.570833 0.417187 0.570833 0.417969 0.567708 0.420312 0.567708 0.421094 0.565625 0.422656 0.565625 0.423437 0.558333 0.428906 0.558333 0.429688 0.55625 0.43125 0.555208 0.43125 0.554167 0.432031 0.554167 0.432812 0.55 0.435937 0.548958 0.435937 0.546875 0.4375 0.545833 0.4375 0.542708 0.439844 0.541667 0.439844 0.539583 0.441406 0.538542 0.441406 0.536458 0.442969 0.535417 0.442969 0.534375 0.44375 0.533333 0.44375 0.532292 0.444531 0.53125 0.444531 0.530208 0.445312 0.529167 0.445312 0.528125 0.446094 0.527083 0.446094 0.526042 0.446875 0.523958 0.446875 0.522917 0.447656 0.520833 0.447656 0.519792 0.448437 0.51875 0.448437 0.517708 0.449219 0.514583 0.449219 0.513542 0.45 0.511458 0.45 0.510417 0.450781 0.507292 0.450781 0.50625 0.451562 0.503125 0.451562 0.502083 0.452344 0.498958 0.452344 0.497917 0.453125 0.49375 0.453125 0.492708 0.453906 0.485417 0.453906 0.484375 0.454687 0.473958 0.454687 0.472917 0.455469 0.461458 0.455469 0.460417 0.454687 0.451042 0.454687 0.45 0.453906 0.44375 0.453906 0.442708 0.453125 0.4375 0.453125 0.436458 0.452344 0.43125 0.452344 0.430208 0.451562 0.428125 0.451562 0.427083 0.450781 0.425 0.450781 0.423958 0.45 0.420833 0.45 0.419792 0.449219 0.417708 0.449219 0.416667 0.448437 0.415625 0.448437 0.414583 0.447656 0.4125 0.447656 0.411458 0.446875 0.409375 0.446875 0.408333 0.446094 0.407292 0.446094 0.40625 0.445312 0.405208 0.445312 0.404167 0.444531 0.403125 0.444531 0.402083 0.44375 0.4 0.44375 0.397917 0.442187 0.396875 0.442187 0.395833 0.441406 0.394792 0.441406 0.392708 0.439844 0.391667 0.439844 0.389583 0.438281 0.3875 0.438281 0.383333 0.435156 0.382292 0.435156 0.380208 0.433594 0.379167 0.433594 0.378125 0.432812 0.378125 0.432031 0.371875 0.427344 0.370833 0.427344 0.367708 0.425 0.366667 0.425 0.364583 0.423437 0.364583 0.422656 0.363542 0.422656 0.670017
0 0.567708 0.417969 0.56875 0.417187 0.56875 0.416406 0.567708 0.417187 0.567708 0.417969 0.565625 0.419531 0.563542 0.419531 0.5625 0.420312 0.5625 0.421094 0.561458 0.421875 0.560417 0.421875 0.554167 0.426562 0.554167 0.427344 0.553125 0.428125 0.552083 0.428125 0.551042 0.428906 0.551042 0.429688 0.548958 0.43125 0.546875 0.43125 0.545833 0.432031 0.544792 0.432031 0.54375 0.432812 0.542708 0.432812 0.540625 0.434375 0.539583 0.434375 0.538542 0.435156 0.536458 0.435156 0.534375 0.436719 0.532292 0.436719 0.53125 0.4375 0.530208 0.4375 0.529167 0.438281 0.528125 0.438281 0.527083 0.439062 0.526042 0.439062 0.525 0.439844 0.523958 0.439844 0.522917 0.440625 0.519792 0.440625 0.51875 0.441406 0.516667 0.441406 0.515625 0.442187 0.514583 0.442187 0.513542 0.442969 0.510417 0.442969 0.509375 0.44375 0.50625 0.44375 0.505208 0.444531 0.501042 0.444531 0.5 0.445312 0.495833 0.445312 0.494792 0.446094 0.4875 0.446094 0.486458 0.446875 0.455208 0.446875 0.454167 0.446094 0.444792 0.446094 0.44375 0.445312 0.438542 0.445312 0.4375 0.444531 0.433333 0.444531 0.432292 0.44375 0.429167 0.44375 0.428125 0.442969 0.426042 0.442969 0.425 0.442187 0.422917 0.442187 0.421875 0.441406 0.419792 0.441406 0.41875 0.440625 0.415625 0.440625 0.414583 0.439844 0.413542 0.439844 0.4125 0.439062 0.411458 0.439062 0.410417 0.438281 0.409375 0.438281 0.408333 0.4375 0.407292 0.4375 0.40625 0.436719 0.404167 0.436719 0.402083 0.435156 0.401042 0.435156 0.4 0.434375 0.398958 0.434375 0.397917 0.433594 0.396875 0.433594 0.394792 0.432031 0.392708 0.432031 0.391667 0.43125 0.390625 0.43125 0.386458 0.428125 0.385417 0.428125 0.380208 0.424219 0.379167 0.424219 0.378125 0.423437 0.378125 0.422656 0.377083 0.422656 0.372917 0.419531 0.372917 0.41875 0.366667 0.414062 0.366667 0.413281 0.364583 0.411719 0.364583 0.410937 0.363542 0.410156 0.363542 0.409375 0.361458 0.407812 0.361458 0.407031 0.360417 0.40625 0.360417 0.405469 0.359375 0.404687 0.359375 0.403906 0.35625 0.403906 0.35625 0.408594 0.357292 0.409375 0.357292 0.410156 0.358333 0.410937 0.358333 0.411719 0.359375 0.4125 0.359375 0.414062 0.360417 0.414844 0.360417 0.416406 0.363542 0.41875 0.363542 0.419531 0.365625 0.421094 0.365625 0.421875 0.371875 0.426562 0.372917 0.426562 0.373958 0.427344 0.373958 0.428125 0.380208 0.432812 0.38125 0.432812 0.385417 0.435937 0.386458 0.435937 0.388542 0.4375 0.389583 0.4375 0.390625 0.438281 0.391667 0.438281 0.392708 0.439062 0.39375 0.439062 0.394792 0.439844 0.395833 0.439844 0.397917 0.441406 0.398958 0.441406 0.401042 0.442969 0.402083 0.442969 0.403125 0.44375 0.405208 0.44375 0.40625 0.444531 0.407292 0.444531 0.408333 0.445312 0.409375 0.445312 0.410417 0.446094 0.4125 0.446094 0.413542 0.446875 0.415625 0.446875 0.416667 0.447656 0.417708 0.447656 0.41875 0.448437 0.419792 0.448437 0.420833 0.449219 0.423958 0.449219 0.425 0.45 0.427083 0.45 0.428125 0.450781 0.430208 0.450781 0.43125 0.451562 0.435417 0.451562 0.436458 0.452344 0.440625 0.452344 0.441667 0.453125 0.448958 0.453125 0.45 0.453906 0.486458 0.453906 0.4875 0.453125 0.49375 0.453125 0.494792 0.452344 0.498958 0.452344 0.5 0.451562 0.502083 0.451562 0.503125 0.450781 0.50625 0.450781 0.507292 0.45 0.510417 0.45 0.511458 0.449219 0.513542 0.449219 0.514583 0.448437 0.516667 0.448437 0.517708 0.447656 0.519792 0.447656 0.520833 0.446875 0.522917 0.446875 0.523958 0.446094 0.525 0.446094 0.526042 0.445312 0.528125 0.445312 0.530208 0.44375 0.53125 0.44375 0.532292 0.442969 0.533333 0.442969 0.534375 0.442187 0.535417 0.442187 0.5375 0.440625 0.538542 0.440625 0.539583 0.439844 0.540625 0.439844 0.544792 0.436719 0.545833 0.436719 0.546875 0.435937 0.547917 0.435937 0.547917 0.435156 0.55 0.433594 0.551042 0.433594 0.552083 0.432812 0.552083 0.432031 0.555208 0.429688 0.55625 0.429688 0.55625 0.428125 0.558333 0.426562 0.559375 0.426562 0.560417 0.425781 0.560417 0.425 0.563542 0.422656 0.563542 0.421875 0.564583 0.421094 0.564583 0.420312 0.565625 0.419531 0.479623
0 0.567708 0.417969 0.567708 0.416406 0.567708 0.417969 0.565625 0.419531 0.563542 0.419531 0.554167 0.426562 0.554167 0.427344 0.553125 0.428125 0.552083 0.428125 0.547917 0.43125 0.546875 0.43125 0.545833 0.432031 0.54375 0.432031 0.540625 0.434375 0.538542 0.434375 0.5375 0.435156 0.536458 0.435156 0.534375 0.436719 0.533333 0.436719 0.532292 0.4375 0.530208 0.4375 0.529167 0.438281 0.528125 0.438281 0.527083 0.439062 0.526042 0.439062 0.525 0.439844 0.523958 0.439844 0.522917 0.440625 0.520833 0.440625 0.519792 0.441406 0.516667 0.441406 0.515625 0.442187 0.514583 0.442187 0.513542 0.442969 0.510417 0.442969 0.509375 0.44375 0.507292 0.44375 0.50625 0.444531 0.502083 0.444531 0.501042 0.445312 0.495833 0.445312 0.494792 0.446094 0.485417 0.446094 0.484375 0.446875 0.45625 0.446875 0.455208 0.446094 0.445833 0.446094 0.444792 0.445312 0.4375 0.445312 0.436458 0.444531 0.433333 0.444531 0.432292 0.44375 0.429167 0.44375 0.428125 0.442969 0.426042 0.442969 0.425 0.442187 0.422917 0.442187 0.421875 0.441406 0.419792 0.441406 0.41875 0.440625 0.416667 0.440625 0.415625 0.439844 0.414583 0.439844 0.413542 0.439062 0.411458 0.439062 0.410417 0.438281 0.409375 0.438281 0.408333 0.4375 0.407292 0.4375 0.40625 0.436719 0.405208 0.436719 0.404167 0.435937 0.403125 0.435937 0.402083 0.435156 0.401042 0.435156 0.4 0.434375 0.398958 0.434375 0.396875 0.432812 0.395833 0.432812 0.394792 0.432031 0.392708 0.432031 0.390625 0.430469 0.389583 0.430469 0.386458 0.428125 0.385417 0.428125 0.38125 0.425 0.380208 0.425 0.372917 0.419531 0.372917 0.41875 0.367708 0.414844 0.367708 0.414062 0.364583 0.411719 0.364583 0.410937 0.361458 0.410937 0.361458 0.417187 0.3625 0.417969 0.3625 0.41875 0.363542 0.419531 0.363542 0.420312 0.371875 0.426562 0.372917 0.426562 0.375 0.428125 0.375 0.428906 0.377083 0.430469 0.378125 0.430469 0.379167 0.43125 0.379167 0.432031 0.380208 0.432812 0.38125 0.432812 0.382292 0.433594 0.383333 0.433594 0.3875 0.436719 0.388542 0.436719 0.389583 0.4375 0.390625 0.4375 0.392708 0.439062 0.39375 0.439062 0.394792 0.439844 0.395833 0.439844 0.397917 0.441406 0.398958 0.441406 0.4 0.442187 0.401042 0.442187 0.402083 0.442969 0.403125 0.442969 0.404167 0.44375 0.405208 0.44375 0.40625 0.444531 0.408333 0.444531 0.409375 0.445312 0.410417 0.445312 0.411458 0.446094 0.413542 0.446094 0.414583 0.446875 0.416667 0.446875 0.417708 0.447656 0.41875 0.447656 0.419792 0.448437 0.421875 0.448437 0.422917 0.449219 0.425 0.449219 0.426042 0.45 0.428125 0.45 0.429167 0.450781 0.432292 0.450781 0.433333 0.451562 0.4375 0.451562 0.438542 0.452344 0.442708 0.452344 0.44375 0.453125 0.451042 0.453125 0.452083 0.453906 0.484375 0.453906 0.485417 0.453125 0.491667 0.453125 0.492708 0.452344 0.496875 0.452344 0.497917 0.451562 0.501042 0.451562 0.502083 0.450781 0.505208 0.450781 0.50625 0.45 0.508333 0.45 0.509375 0.449219 0.5125 0.449219 0.513542 0.448437 0.516667 0.448437 0.517708 0.447656 0.51875 0.447656 0.519792 0.446875 0.521875 0.446875 0.522917 0.446094 0.523958 0.446094 0.525 0.445312 0.527083 0.445312 0.529167 0.44375 0.530208 0.44375 0.53125 0.442969 0.532292 0.442969 0.533333 0.442187 0.534375 0.442187 0.535417 0.441406 0.536458 0.441406 0.538542 0.439844 0.539583 0.439844 0.541667 0.438281 0.542708 0.438281 0.545833 0.435937 0.546875 0.435937 0.55625 0.428906 0.55625 0.428125 0.558333 0.426562 0.559375 0.426562 0.559375 0.425781 0.560417 0.425 0.560417 0.424219 0.561458 0.423437 0.5625 0.423437 0.563542 0.422656 0.563542 0.421875 0.565625 0.420312 0.565625 0.419531 0.297295
