0 0.532292 0.43125 0.53125 0.432031 0.527083 0.432031 0.526042 0.432812 0.523958 0.432812 0.522917 0.433594 0.520833 0.433594 0.519792 0.434375 0.517708 0.434375 0.516667 0.435156 0.514583 0.435156 0.513542 0.435937 0.511458 0.435937 0.510417 0.436719 0.509375 0.436719 0.508333 0.4375 0.507292 0.4375 0.50625 0.438281 0.505208 0.438281 0.502083 0.440625 0.5 0.440625 0.496875 0.442969 0.495833 0.442969 0.494792 0.44375 0.49375 0.44375 0.492708 0.444531 0.492708 0.469531 0.49375 0.470312 0.49375 0.471094 0.494792 0.471875 0.494792 0.472656 0.495833 0.473437 0.496875 0.473437 0.502083 0.477344 0.503125 0.477344 0.505208 0.478906 0.50625 0.478906 0.508333 0.480469 0.509375 0.480469 0.510417 0.48125 0.511458 0.48125 0.5125 0.482031 0.513542 0.482031 0.515625 0.483594 0.516667 0.483594 0.517708 0.484375 0.51875 0.484375 0.519792 0.485156 0.521875 0.485156 0.522917 0.485937 0.523958 0.485937 0.525 0.486719 0.526042 0.486719 0.527083 0.4875 0.529167 0.4875 0.530208 0.488281 0.532292 0.488281 0.533333 0.489062 0.534375 0.489062 0.535417 0.489844 0.5375 0.489844 0.538542 0.490625 0.540625 0.490625 0.541667 0.491406 0.544792 0.491406 0.545833 0.492187 0.547917 0.492187 0.548958 0.492969 0.551042 0.492969 0.552083 0.49375 0.555208 0.49375 0.55625 0.494531 0.560417 0.494531 0.561458 0.495312 0.564583 0.495312 0.565625 0.496094 0.569792 0.496094 0.570833 0.496875 0.575 0.496875 0.576042 0.497656 0.583333 0.497656 0.584375 0.498437 0.692708 0.498437 0.69375 0.497656 0.698958 0.497656 0.7 0.496875 0.705208 0.496875 0.70625 0.496094 0.708333 0.496094 0.709375 0.495312 0.7125 0.495312 0.713542 0.494531 0.716667 0.494531 0.717708 0.49375 0.720833 0.49375 0.721875 0.492969 0.722917 0.492969 0.723958 0.492187 0.726042 0.492187 0.727083 0.491406 0.728125 0.491406 0.729167 0.490625 0.73125 0.490625 0.732292 0.489844 0.733333 0.489844 0.734375 0.489062 0.735417 0.489062 0.736458 0.488281 0.738542 0.488281 0.741667 0.485937 0.742708 0.485937 0.744792 0.484375 0.745833 0.484375 0.751042 0.480469 0.752083 0.480469 0.755208 0.478125 0.755208 0.476562 0.75625 0.475781 0.75625 0.473437 0.757292 0.472656 0.757292 0.457812 0.75625 0.457031 0.75625 0.45625 0.755208 0.455469 0.755208 0.454687 0.754167 0.453906 0.754167 0.453125 0.751042 0.450781 0.751042 0.45 0.748958 0.448437 0.747917 0.448437 0.74375 0.445312 0.742708 0.445312 0.741667 0.444531 0.740625 0.444531 0.738542 0.442969 0.7375 0.442969 0.736458 0.442187 0.735417 0.442187 0.733333 0.440625 0.732292 0.440625 0.73125 0.439844 0.730208 0.439844 0.729167 0.439062 0.728125 0.439062 0.727083 0.438281 0.726042 0.438281 0.725 0.4375 0.723958 0.4375 0.722917 0.436719 0.721875 0.436719 0.720833 0.435937 0.71875 0.435937 0.717708 0.435156 0.715625 0.435156 0.714583 0.434375 0.7125 0.434375 0.711458 0.433594 0.708333 0.433594 0.707292 0.432812 0.705208 0.432812 0.704167 0.432031 0.702083 0.432031 0.701042 0.43125 0.980351
0 0.497917 0.480469 0.497917 0.492187 0.5 0.49375 0.501042 0.49375 0.503125 0.495312 0.504167 0.495312 0.50625 0.496875 0.507292 0.496875 0.509375 0.498437 0.510417 0.498437 0.5125 0.5 0.513542 0.5 0.514583 0.500781 0.515625 0.500781 0.516667 0.501562 0.517708 0.501562 0.51875 0.502344 0.519792 0.502344 0.521875 0.503906 0.523958 0.503906 0.525 0.504687 0.526042 0.504687 0.527083 0.505469 0.528125 0.505469 0.529167 0.50625 0.530208 0.50625 0.53125 0.507031 0.534375 0.507031 0.535417 0.507812 0.5375 0.507812 0.538542 0.508594 0.540625 0.508594 0.541667 0.509375 0.54375 0.509375 0.544792 0.510156 0.547917 0.510156 0.548958 0.510937 0.552083 0.510937 0.553125 0.511719 0.55625 0.511719 0.557292 0.5125 0.559375 0.5125 0.560417 0.513281 0.565625 0.513281 0.566667 0.514062 0.571875 0.514062 0.572917 0.514844 0.577083 0.514844 0.578125 0.515625 0.58125 0.515625 0.582292 0.516406 0.588542 0.516406 0.589583 0.517188 0.6 0.517188 0.601042 0.517969 0.680208 0.517969 0.68125 0.517188 0.6875 0.517188 0.688542 0.516406 0.694792 0.516406 0.695833 0.515625 0.7 0.515625 0.701042 0.514844 0.704167 0.514844 0.705208 0.514062 0.709375 0.514062 0.710417 0.513281 0.713542 0.513281 0.714583 0.5125 0.716667 0.5125 0.717708 0.511719 0.71875 0.511719 0.719792 0.510937 0.721875 0.510937 0.722917 0.510156 0.725 0.510156 0.726042 0.509375 0.727083 0.509375 0.728125 0.508594 0.729167 0.508594 0.730208 0.507812 0.73125 0.507812 0.732292 0.507031 0.734375 0.507031 0.7375 0.504687 0.739583 0.504687 0.741667 0.503125 0.742708 0.503125 0.744792 0.501562 0.745833 0.501562 0.751042 0.497656 0.751042 0.496875 0.752083 0.496094 0.752083 0.495312 0.753125 0.494531 0.753125 0.482031 0.751042 0.482031 0.751042 0.482812 0.747917 0.485156 0.746875 0.485156 0.744792 0.486719 0.74375 0.486719 0.742708 0.4875 0.741667 0.4875 0.739583 0.489062 0.738542 0.489062 0.7375 0.489844 0.736458 0.489844 0.735417 0.490625 0.734375 0.490625 0.733333 0.491406 0.73125 0.491406 0.730208 0.492187 0.727083 0.492187 0.726042 0.492969 0.725 0.492969 0.723958 0.49375 0.722917 0.49375 0.721875 0.494531 0.719792 0.494531 0.71875 0.495312 0.714583 0.495312 0.713542 0.496094 0.711458 0.496094 0.710417 0.496875 0.708333 0.496875 0.707292 0.497656 0.704167 0.497656 0.703125 0.498437 0.697917 0.498437 0.696875 0.499219 0.691667 0.499219 0.690625 0.5 0.684375 0.5 0.683333 0.500781 0.673958 0.500781 0.672917 0.501562 0.607292 0.501562 0.60625 0.500781 0.596875 0.500781 0.595833 0.5 0.589583 0.5 0.588542 0.499219 0.582292 0.499219 0.58125 0.498437 0.575 0.498437 0.573958 0.497656 0.56875 0.497656 0.567708 0.496875 0.563542 0.496875 0.5625 0.496094 0.560417 0.496094 0.559375 0.495312 0.555208 0.495312 0.554167 0.494531 0.552083 0.494531 0.551042 0.49375 0.547917 0.49375 0.546875 0.492969 0.544792 0.492969 0.54375 0.492187 0.541667 0.492187 0.540625 0.491406 0.5375 0.491406 0.536458 0.490625 0.535417 0.490625 0.534375 0.489844 0.532292 0.489844 0.53125 0.489062 0.529167 0.489062 0.528125 0.488281 0.527083 0.488281 0.526042 0.4875 0.525 0.4875 0.523958 0.486719 0.522917 0.486719 0.521875 0.485937 0.519792 0.485937 0.51875 0.485156 0.517708 0.485156 0.516667 0.484375 0.515625 0.484375 0.514583 0.483594 0.513542 0.483594 0.5125 0.482812 0.511458 0.482812 0.510417 0.482031 0.509375 0.482031 0.507292 0.480469 0.944684
0 0.475 0.482812 0.471875 0.485156 0.470833 0.485156 0.469792 0.485937 0.46875 0.485937 0.465625 0.488281 0.464583 0.488281 0.463542 0.489062 0.4625 0.489062 0.461458 0.489844 0.460417 0.489844 0.459375 0.490625 0.458333 0.490625 0.457292 0.491406 0.45625 0.491406 0.455208 0.492187 0.452083 0.492187 0.451042 0.492969 0.45 0.492969 0.448958 0.49375 0.447917 0.49375 0.446875 0.494531 0.444792 0.494531 0.44375 0.495312 0.440625 0.495312 0.439583 0.496094 0.4375 0.496094 0.436458 0.496875 0.434375 0.496875 0.433333 0.497656 0.43125 0.497656 0.430208 0.498437 0.425 0.498437 0.423958 0.499219 0.421875 0.499219 0.420833 0.5 0.417708 0.5 0.416667 0.500781 0.4125 0.500781 0.411458 0.501562 0.404167 0.501562 0.403125 0.502344 0.397917 0.502344 0.396875 0.503125 0.392708 0.503125 0.391667 0.503906 0.384375 0.503906 0.383333 0.504687 0.372917 0.504687 0.371875 0.505469 0.361458 0.505469 0.360417 0.50625 0.338542 0.50625 0.3375 0.507031 0.332292 0.507031 0.33125 0.50625 0.310417 0.50625 0.309375 0.505469 0.3 0.505469 0.298958 0.504687 0.286458 0.504687 0.285417 0.503906 0.280208 0.503906 0.279167 0.503125 0.275 0.503125 0.273958 0.502344 0.269792 0.502344 0.26875 0.501562 0.264583 0.501562 0.263542 0.500781 0.260417 0.500781 0.259375 0.5 0.257292 0.5 0.25625 0.499219 0.254167 0.499219 0.253125 0.498437 0.25 0.498437 0.248958 0.497656 0.246875 0.497656 0.245833 0.496875 0.244792 0.496875 0.24375 0.496094 0.241667 0.496094 0.240625 0.495312 0.239583 0.495312 0.238542 0.494531 0.2375 0.494531 0.236458 0.49375 0.235417 0.49375 0.234375 0.492969 0.233333 0.492969 0.232292 0.492187 0.23125 0.492187 0.230208 0.491406 0.229167 0.491406 0.227083 0.489844 0.226042 0.489844 0.223958 0.488281 0.223958 0.503125 0.230208 0.507812 0.23125 0.507812 0.233333 0.509375 0.234375 0.509375 0.236458 0.510937 0.2375 0.510937 0.239583 0.5125 0.240625 0.5125 0.241667 0.513281 0.242708 0.513281 0.24375 0.514062 0.245833 0.514062 0.246875 0.514844 0.247917 0.514844 0.248958 0.515625 0.251042 0.515625 0.252083 0.516406 0.254167 0.516406 0.255208 0.517188 0.257292 0.517188 0.258333 0.517969 0.260417 0.517969 0.261458 0.51875 0.263542 0.51875 0.264583 0.519531 0.26875 0.519531 0.269792 0.520312 0.273958 0.520312 0.275 0.521094 0.278125 0.521094 0.279167 0.521875 0.283333 0.521875 0.284375 0.522656 0.291667 0.522656 0.292708 0.523438 0.302083 0.523438 0.303125 0.524219 0.367708 0.524219 0.36875 0.523438 0.379167 0.523438 0.380208 0.522656 0.389583 0.522656 0.390625 0.521875 0.395833 0.521875 0.396875 0.521094 0.401042 0.521094 0.402083 0.520312 0.407292 0.520312 0.408333 0.519531 0.413542 0.519531 0.414583 0.51875 0.417708 0.51875 0.41875 0.517969 0.420833 0.517969 0.421875 0.517188 0.423958 0.517188 0.425 0.516406 0.429167 0.516406 0.430208 0.515625 0.432292 0.515625 0.433333 0.514844 0.435417 0.514844 0.436458 0.514062 0.439583 0.514062 0.440625 0.513281 0.442708 0.513281 0.44375 0.5125 0.445833 0.5125 0.446875 0.511719 0.447917 0.511719 0.448958 0.510937 0.451042 0.510937 0.452083 0.510156 0.454167 0.510156 0.455208 0.509375 0.45625 0.509375 0.457292 0.508594 0.458333 0.508594 0.460417 0.507031 0.461458 0.507031 0.4625 0.50625 0.463542 0.50625 0.464583 0.505469 0.465625 0.505469 0.466667 0.504687 0.467708 0.504687 0.46875 0.503906 0.469792 0.503906 0.472917 0.501562 0.473958 0.501562 0.478125 0.498437 0.479167 0.498437 0.484375 0.494531 0.484375 0.482812 0.933406
0 0.211458 0.327344 0.211458 0.347656 0.214583 0.347656 0.215625 0.348437 0.217708 0.348437 0.21875 0.349219 0.220833 0.349219 0.221875 0.35 0.226042 0.35 0.227083 0.350781 0.232292 0.350781 0.233333 0.351562 0.236458 0.351562 0.2375 0.352344 0.241667 0.352344 0.242708 0.353125 0.25 0.353125 0.251042 0.353906 0.260417 0.353906 0.261458 0.354687 0.267708 0.354687 0.26875 0.355469 0.389583 0.355469 0.390625 0.354687 0.398958 0.354687 0.4 0.353906 0.413542 0.353906 0.414583 0.353125 0.420833 0.353125 0.421875 0.352344 0.426042 0.352344 0.427083 0.351562 0.432292 0.351562 0.433333 0.350781 0.442708 0.350781 0.44375 0.35 0.446875 0.35 0.447917 0.349219 0.45 0.349219 0.451042 0.348437 0.453125 0.348437 0.454167 0.347656 0.459375 0.347656 0.460417 0.346875 0.461458 0.346875 0.4625 0.346094 0.463542 0.346094 0.464583 0.345312 0.465625 0.345312 0.466667 0.344531 0.469792 0.344531 0.470833 0.34375 0.471875 0.34375 0.472917 0.342969 0.473958 0.342969 0.476042 0.341406 0.477083 0.341406 0.477083 0.327344 0.470833 0.327344 0.469792 0.328125 0.46875 0.328125 0.467708 0.328906 0.463542 0.328906 0.4625 0.329687 0.459375 0.329687 0.458333 0.330469 0.45625 0.330469 0.455208 0.33125 0.454167 0.33125 0.453125 0.332031 0.447917 0.332031 0.446875 0.332812 0.438542 0.332812 0.4375 0.333594 0.432292 0.333594 0.43125 0.334375 0.423958 0.334375 0.422917 0.335156 0.4125 0.335156 0.411458 0.335938 0.396875 0.335938 0.395833 0.336719 0.38125 0.336719 0.380208 0.3375 0.323958 0.3375 0.322917 0.336719 0.321875 0.336719 0.320833 0.3375 0.316667 0.3375 0.315625 0.336719 0.3125 0.336719 0.311458 0.3375 0.308333 0.3375 0.307292 0.336719 0.304167 0.336719 0.303125 0.3375 0.3 0.3375 0.298958 0.336719 0.283333 0.336719 0.282292 0.335938 0.277083 0.335938 0.276042 0.335156 0.277083 0.334375 0.282292 0.334375 0.283333 0.333594 0.303125 0.333594 0.304167 0.334375 0.308333 0.334375 0.309375 0.333594 0.311458 0.333594 0.3125 0.334375 0.315625 0.334375 0.316667 0.333594 0.319792 0.333594 0.320833 0.334375 0.323958 0.334375 0.325 0.333594 0.339583 0.333594 0.340625 0.332812 0.346875 0.332812 0.347917 0.332031 0.34375 0.332031 0.342708 0.33125 0.340625 0.33125 0.339583 0.330469 0.334375 0.330469 0.332292 0.328906 0.333333 0.328125 0.335417 0.328125 0.336458 0.327344 0.339583 0.327344 0.296875 0.327344 0.297917 0.328125 0.298958 0.327344 0.302083 0.327344 0.304167 0.328906 0.302083 0.330469 0.3 0.330469 0.298958 0.329687 0.296875 0.329687 0.295833 0.330469 0.294792 0.330469 0.29375 0.33125 0.275 0.33125 0.272917 0.329687 0.269792 0.329687 0.26875 0.330469 0.266667 0.328906 0.267708 0.328125 0.271875 0.328125 0.271875 0.327344 0.922162
0 0.470833 0.433594 0.469792 0.434375 0.46875 0.434375 0.467708 0.435156 0.466667 0.435156 0.465625 0.435937 0.464583 0.435937 0.463542 0.436719 0.4625 0.436719 0.461458 0.4375 0.460417 0.4375 0.459375 0.438281 0.457292 0.438281 0.45625 0.439062 0.454167 0.439062 0.453125 0.439844 0.452083 0.439844 0.451042 0.440625 0.448958 0.440625 0.447917 0.441406 0.445833 0.441406 0.444792 0.442187 0.440625 0.442187 0.439583 0.442969 0.436458 0.442969 0.435417 0.44375 0.433333 0.44375 0.432292 0.444531 0.429167 0.444531 0.428125 0.445312 0.421875 0.445312 0.420833 0.446094 0.417708 0.446094 0.416667 0.446875 0.4125 0.446875 0.411458 0.447656 0.403125 0.447656 0.402083 0.448437 0.392708 0.448437 0.391667 0.449219 0.385417 0.449219 0.384375 0.45 0.372917 0.45 0.371875 0.450781 0.302083 0.450781 0.301042 0.45 0.286458 0.45 0.285417 0.449219 0.276042 0.449219 0.275 0.448437 0.265625 0.448437 0.264583 0.447656 0.258333 0.447656 0.257292 0.446875 0.254167 0.446875 0.253125 0.446094 0.25 0.446094 0.248958 0.445312 0.242708 0.445312 0.241667 0.444531 0.238542 0.444531 0.2375 0.44375 0.235417 0.44375 0.234375 0.442969 0.233333 0.442969 0.232292 0.442187 0.229167 0.442187 0.228125 0.441406 0.226042 0.441406 0.225 0.440625 0.223958 0.440625 0.221875 0.439062 0.220833 0.439062 0.220833 0.453125 0.221875 0.453906 0.222917 0.453906 0.226042 0.45625 0.228125 0.45625 0.229167 0.457031 0.230208 0.457031 0.23125 0.457812 0.232292 0.457812 0.233333 0.458594 0.234375 0.458594 0.235417 0.459375 0.2375 0.459375 0.238542 0.460156 0.241667 0.460156 0.242708 0.460937 0.244792 0.460937 0.245833 0.461719 0.246875 0.461719 0.247917 0.4625 0.252083 0.4625 0.253125 0.463281 0.257292 0.463281 0.258333 0.464062 0.261458 0.464062 0.2625 0.464844 0.265625 0.464844 0.266667 0.465625 0.272917 0.465625 0.273958 0.466406 0.280208 0.466406 0.28125 0.467187 0.2875 0.467187 0.288542 0.467969 0.38125 0.467969 0.382292 0.467187 0.389583 0.467187 0.390625 0.466406 0.401042 0.466406 0.402083 0.465625 0.407292 0.465625 0.408333 0.464844 0.411458 0.464844 0.4125 0.464062 0.416667 0.464062 0.417708 0.463281 0.423958 0.463281 0.425 0.4625 0.429167 0.4625 0.430208 0.461719 0.432292 0.461719 0.433333 0.460937 0.434375 0.460937 0.435417 0.460156 0.439583 0.460156 0.440625 0.459375 0.44375 0.459375 0.444792 0.458594 0.445833 0.458594 0.446875 0.457812 0.448958 0.457812 0.45 0.457031 0.453125 0.457031 0.454167 0.45625 0.455208 0.45625 0.45625 0.455469 0.457292 0.455469 0.458333 0.454687 0.459375 0.454687 0.460417 0.453906 0.4625 0.453906 0.463542 0.453125 0.464583 0.453125 0.465625 0.452344 0.466667 0.452344 0.46875 0.450781 0.470833 0.450781 0.475 0.447656 0.476042 0.447656 0.479167 0.445312 0.479167 0.433594 0.895819
0 0.472917 0.467187 0.469792 0.469531 0.46875 0.469531 0.467708 0.470312 0.466667 0.470312 0.465625 0.471094 0.464583 0.471094 0.4625 0.472656 0.461458 0.472656 0.460417 0.473437 0.458333 0.473437 0.457292 0.474219 0.455208 0.474219 0.453125 0.475781 0.451042 0.475781 0.45 0.476562 0.446875 0.476562 0.445833 0.477344 0.44375 0.477344 0.442708 0.478125 0.441667 0.478125 0.440625 0.478906 0.438542 0.478906 0.4375 0.479687 0.433333 0.479687 0.432292 0.480469 0.430208 0.480469 0.429167 0.48125 0.427083 0.48125 0.426042 0.482031 0.422917 0.482031 0.421875 0.482812 0.413542 0.482812 0.4125 0.483594 0.407292 0.483594 0.40625 0.484375 0.401042 0.484375 0.4 0.485156 0.391667 0.485156 0.390625 0.485937 0.38125 0.485937 0.380208 0.486719 0.372917 0.486719 0.371875 0.4875 0.305208 0.4875 0.304167 0.486719 0.294792 0.486719 0.29375 0.485937 0.284375 0.485937 0.283333 0.485156 0.275 0.485156 0.273958 0.484375 0.269792 0.484375 0.26875 0.483594 0.264583 0.483594 0.263542 0.482812 0.258333 0.482812 0.257292 0.482031 0.254167 0.482031 0.253125 0.48125 0.251042 0.48125 0.25 0.480469 0.247917 0.480469 0.246875 0.479687 0.24375 0.479687 0.242708 0.478906 0.240625 0.478906 0.239583 0.478125 0.2375 0.478125 0.235417 0.476562 0.233333 0.476562 0.232292 0.475781 0.230208 0.475781 0.227083 0.473437 0.226042 0.473437 0.225 0.472656 0.225 0.4875 0.226042 0.488281 0.227083 0.488281 0.229167 0.489844 0.230208 0.489844 0.23125 0.490625 0.232292 0.490625 0.233333 0.491406 0.234375 0.491406 0.235417 0.492187 0.236458 0.492187 0.238542 0.49375 0.239583 0.49375 0.240625 0.494531 0.242708 0.494531 0.24375 0.495312 0.245833 0.495312 0.246875 0.496094 0.247917 0.496094 0.248958 0.496875 0.251042 0.496875 0.252083 0.497656 0.255208 0.497656 0.25625 0.498437 0.258333 0.498437 0.259375 0.499219 0.261458 0.499219 0.2625 0.5 0.265625 0.5 0.266667 0.500781 0.271875 0.500781 0.272917 0.501562 0.277083 0.501562 0.278125 0.502344 0.282292 0.502344 0.283333 0.503125 0.289583 0.503125 0.290625 0.503906 0.383333 0.503906 0.384375 0.503125 0.390625 0.503125 0.391667 0.502344 0.395833 0.502344 0.396875 0.501562 0.402083 0.501562 0.403125 0.500781 0.410417 0.500781 0.411458 0.5 0.416667 0.5 0.417708 0.499219 0.419792 0.499219 0.420833 0.498437 0.423958 0.498437 0.425 0.497656 0.429167 0.497656 0.430208 0.496875 0.432292 0.496875 0.433333 0.496094 0.435417 0.496094 0.436458 0.495312 0.438542 0.495312 0.439583 0.494531 0.44375 0.494531 0.444792 0.49375 0.446875 0.49375 0.447917 0.492969 0.448958 0.492969 0.45 0.492187 0.451042 0.492187 0.452083 0.491406 0.454167 0.491406 0.455208 0.490625 0.45625 0.490625 0.457292 0.489844 0.458333 0.489844 0.459375 0.489062 0.461458 0.489062 0.4625 0.488281 0.463542 0.488281 0.465625 0.486719 0.466667 0.486719 0.46875 0.485156 0.469792 0.485156 0.470833 0.484375 0.471875 0.484375 0.475 0.482031 0.476042 0.482031 0.48125 0.478125 0.482292 0.478125 0.482292 0.467187 0.887826
0 0.463542 0.417969 0.461458 0.419531 0.459375 0.419531 0.458333 0.420312 0.45625 0.420312 0.455208 0.421094 0.454167 0.421094 0.453125 0.421875 0.452083 0.421875 0.451042 0.422656 0.448958 0.422656 0.447917 0.423437 0.442708 0.423437 0.441667 0.424219 0.440625 0.424219 0.439583 0.425 0.4375 0.425 0.436458 0.425781 0.432292 0.425781 0.43125 0.426562 0.425 0.426562 0.423958 0.427344 0.420833 0.427344 0.419792 0.428125 0.415625 0.428125 0.414583 0.428906 0.407292 0.428906 0.40625 0.429688 0.398958 0.429688 0.397917 0.430469 0.39375 0.430469 0.392708 0.43125 0.384375 0.43125 0.383333 0.432031 0.357292 0.432031 0.35625 0.432812 0.308333 0.432812 0.307292 0.432031 0.289583 0.432031 0.288542 0.43125 0.276042 0.43125 0.275 0.430469 0.265625 0.430469 0.264583 0.429688 0.258333 0.429688 0.257292 0.428906 0.253125 0.428906 0.252083 0.428125 0.248958 0.428125 0.247917 0.427344 0.242708 0.427344 0.241667 0.426562 0.2375 0.426562 0.236458 0.425781 0.233333 0.425781 0.232292 0.425 0.230208 0.425 0.229167 0.424219 0.228125 0.424219 0.227083 0.423437 0.225 0.423437 0.223958 0.422656 0.220833 0.422656 0.219792 0.421875 0.219792 0.438281 0.221875 0.438281 0.222917 0.439062 0.223958 0.439062 0.226042 0.440625 0.228125 0.440625 0.229167 0.441406 0.232292 0.441406 0.233333 0.442187 0.234375 0.442187 0.235417 0.442969 0.2375 0.442969 0.238542 0.44375 0.241667 0.44375 0.242708 0.444531 0.247917 0.444531 0.248958 0.445312 0.252083 0.445312 0.253125 0.446094 0.25625 0.446094 0.257292 0.446875 0.2625 0.446875 0.263542 0.447656 0.269792 0.447656 0.270833 0.448437 0.276042 0.448437 0.277083 0.449219 0.283333 0.449219 0.284375 0.45 0.29375 0.45 0.294792 0.450781 0.370833 0.450781 0.371875 0.45 0.382292 0.45 0.383333 0.449219 0.388542 0.449219 0.389583 0.448437 0.395833 0.448437 0.396875 0.447656 0.407292 0.447656 0.408333 0.446875 0.413542 0.446875 0.414583 0.446094 0.416667 0.446094 0.417708 0.445312 0.421875 0.445312 0.422917 0.444531 0.430208 0.444531 0.43125 0.44375 0.433333 0.44375 0.434375 0.442969 0.436458 0.442969 0.4375 0.442187 0.440625 0.442187 0.441667 0.441406 0.444792 0.441406 0.445833 0.440625 0.447917 0.440625 0.448958 0.439844 0.45 0.439844 0.451042 0.439062 0.452083 0.439062 0.453125 0.438281 0.45625 0.438281 0.457292 0.4375 0.458333 0.4375 0.459375 0.436719 0.460417 0.436719 0.461458 0.435937 0.4625 0.435937 0.463542 0.435156 0.464583 0.435156 0.466667 0.433594 0.467708 0.433594 0.477083 0.426562 0.477083 0.417969 0.882364
0 0.4625 0.346094 0.461458 0.346875 0.460417 0.346875 0.459375 0.347656 0.455208 0.347656 0.454167 0.348437 0.448958 0.348437 0.447917 0.349219 0.445833 0.349219 0.444792 0.35 0.438542 0.35 0.4375 0.350781 0.430208 0.350781 0.429167 0.351562 0.426042 0.351562 0.425 0.352344 0.421875 0.352344 0.420833 0.353125 0.414583 0.353125 0.413542 0.353906 0.391667 0.353906 0.390625 0.354687 0.378125 0.354687 0.377083 0.355469 0.361458 0.355469 0.360417 0.354687 0.359375 0.354687 0.358333 0.355469 0.354167 0.355469 0.353125 0.354687 0.345833 0.354687 0.344792 0.353906 0.34375 0.353906 0.342708 0.353125 0.338542 0.353125 0.3375 0.352344 0.336458 0.352344 0.335417 0.351562 0.330208 0.351562 0.329167 0.350781 0.316667 0.350781 0.315625 0.351562 0.307292 0.351562 0.30625 0.352344 0.305208 0.352344 0.304167 0.351562 0.295833 0.351562 0.294792 0.350781 0.284375 0.350781 0.283333 0.351562 0.278125 0.351562 0.277083 0.352344 0.271875 0.352344 0.270833 0.353125 0.260417 0.353125 0.259375 0.353906 0.258333 0.353125 0.248958 0.353125 0.247917 0.352344 0.241667 0.352344 0.240625 0.351562 0.238542 0.351562 0.2375 0.350781 0.223958 0.350781 0.222917 0.35 0.21875 0.35 0.217708 0.349219 0.216667 0.349219 0.215625 0.348437 0.2125 0.348437 0.211458 0.347656 0.211458 0.364062 0.2125 0.364844 0.213542 0.364844 0.214583 0.365625 0.216667 0.365625 0.217708 0.366406 0.219792 0.366406 0.220833 0.367188 0.222917 0.367188 0.223958 0.367969 0.226042 0.367969 0.227083 0.36875 0.230208 0.36875 0.23125 0.369531 0.236458 0.369531 0.2375 0.370312 0.241667 0.370312 0.242708 0.371094 0.246875 0.371094 0.247917 0.371875 0.257292 0.371875 0.258333 0.372656 0.266667 0.372656 0.267708 0.373437 0.275 0.373437 0.276042 0.374219 0.283333 0.374219 0.284375 0.375 0.303125 0.375 0.304167 0.375781 0.36875 0.375781 0.369792 0.375 0.384375 0.375 0.385417 0.374219 0.392708 0.374219 0.39375 0.373437 0.402083 0.373437 0.403125 0.372656 0.417708 0.372656 0.41875 0.371875 0.422917 0.371875 0.423958 0.371094 0.428125 0.371094 0.429167 0.370312 0.433333 0.370312 0.434375 0.369531 0.441667 0.369531 0.442708 0.36875 0.445833 0.36875 0.446875 0.367969 0.448958 0.367969 0.45 0.367188 0.452083 0.367188 0.453125 0.366406 0.457292 0.366406 0.458333 0.365625 0.460417 0.365625 0.461458 0.364844 0.4625 0.364844 0.463542 0.364062 0.464583 0.364062 0.465625 0.363281 0.46875 0.363281 0.469792 0.3625 0.470833 0.3625 0.471875 0.361719 0.472917 0.361719 0.473958 0.360937 0.475 0.360937 0.476042 0.360156 0.476042 0.346094 0.879247
0 0.472917 0.413281 0.475 0.413281 0.475 0.4125 0.473958 0.413281 0.472917 0.413281 0.464583 0.4 0.466667 0.398438 0.467708 0.398438 0.46875 0.397656 0.469792 0.397656 0.470833 0.396875 0.471875 0.396875 0.473958 0.395312 0.475 0.395312 0.475 0.382031 0.464583 0.382031 0.463542 0.382812 0.460417 0.382812 0.459375 0.383594 0.458333 0.383594 0.45625 0.385156 0.453125 0.385156 0.452083 0.385937 0.445833 0.385937 0.444792 0.386719 0.442708 0.386719 0.441667 0.3875 0.439583 0.3875 0.438542 0.388281 0.433333 0.388281 0.432292 0.389062 0.426042 0.389062 0.425 0.389844 0.422917 0.389844 0.421875 0.390625 0.417708 0.390625 0.416667 0.391406 0.407292 0.391406 0.40625 0.392187 0.397917 0.392187 0.396875 0.392969 0.389583 0.392969 0.388542 0.39375 0.36875 0.39375 0.367708 0.394531 0.352083 0.394531 0.351042 0.39375 0.284375 0.39375 0.283333 0.392969 0.271875 0.392969 0.270833 0.392187 0.261458 0.392187 0.260417 0.391406 0.252083 0.391406 0.251042 0.390625 0.244792 0.390625 0.24375 0.389844 0.239583 0.389844 0.238542 0.389062 0.233333 0.389062 0.232292 0.388281 0.229167 0.388281 0.228125 0.3875 0.225 0.3875 0.223958 0.386719 0.222917 0.386719 0.221875 0.385937 0.219792 0.385937 0.21875 0.385156 0.215625 0.385156 0.214583 0.384375 0.213542 0.384375 0.213542 0.400781 0.214583 0.400781 0.216667 0.402344 0.217708 0.402344 0.21875 0.403125 0.220833 0.403125 0.221875 0.403906 0.223958 0.403906 0.225 0.404687 0.227083 0.404687 0.228125 0.405469 0.230208 0.405469 0.23125 0.40625 0.234375 0.40625 0.235417 0.407031 0.239583 0.407031 0.240625 0.407812 0.24375 0.407812 0.244792 0.408594 0.247917 0.408594 0.248958 0.409375 0.253125 0.409375 0.254167 0.410156 0.261458 0.410156 0.2625 0.410937 0.26875 0.410937 0.269792 0.411719 0.277083 0.411719 0.278125 0.4125 0.2875 0.4125 0.288542 0.413281 0.382292 0.413281 0.383333 0.4125 0.391667 0.4125 0.392708 0.411719 0.397917 0.411719 0.398958 0.410937 0.40625 0.410937 0.407292 0.410156 0.415625 0.410156 0.416667 0.409375 0.420833 0.409375 0.421875 0.408594 0.425 0.408594 0.426042 0.407812 0.43125 0.407812 0.432292 0.407031 0.4375 0.407031 0.438542 0.40625 0.440625 0.40625 0.441667 0.405469 0.44375 0.405469 0.444792 0.404687 0.446875 0.404687 0.447917 0.403906 0.451042 0.403906 0.452083 0.403125 0.454167 0.403125 0.455208 0.402344 0.45625 0.402344 0.457292 0.401562 0.459375 0.401562 0.460417 0.400781 0.4625 0.400781 0.463542 0.4 0.464583 0.4 0.86292
0 0.470833 0.3625 0.469792 0.363281 0.467708 0.363281 0.466667 0.364062 0.464583 0.364062 0.463542 0.364844 0.4625 0.364844 0.461458 0.365625 0.460417 0.365625 0.459375 0.366406 0.457292 0.366406 0.45625 0.367188 0.451042 0.367188 0.45 0.367969 0.447917 0.367969 0.446875 0.36875 0.44375 0.36875 0.442708 0.369531 0.4375 0.369531 0.436458 0.370312 0.43125 0.370312 0.430208 0.371094 0.426042 0.371094 0.425 0.371875 0.419792 0.371875 0.41875 0.372656 0.40625 0.372656 0.405208 0.373437 0.392708 0.373437 0.391667 0.374219 0.384375 0.374219 0.383333 0.375 0.369792 0.375 0.36875 0.375781 0.361458 0.375781 0.360417 0.375 0.347917 0.375 0.346875 0.374219 0.3375 0.374219 0.336458 0.373437 0.328125 0.373437 0.327083 0.372656 0.325 0.372656 0.323958 0.373437 0.320833 0.373437 0.319792 0.372656 0.282292 0.372656 0.28125 0.371875 0.280208 0.371875 0.279167 0.372656 0.273958 0.372656 0.272917 0.371875 0.271875 0.372656 0.25 0.372656 0.248958 0.371875 0.24375 0.371875 0.242708 0.371094 0.240625 0.371094 0.239583 0.370312 0.235417 0.370312 0.234375 0.369531 0.228125 0.369531 0.227083 0.36875 0.225 0.36875 0.222917 0.367188 0.217708 0.367188 0.216667 0.366406 0.214583 0.366406 0.213542 0.365625 0.2125 0.365625 0.211458 0.364844 0.210417 0.364844 0.209375 0.364062 0.209375 0.38125 0.210417 0.382031 0.211458 0.382031 0.2125 0.382812 0.213542 0.382812 0.214583 0.383594 0.216667 0.383594 0.217708 0.384375 0.219792 0.384375 0.220833 0.385156 0.222917 0.385156 0.223958 0.385937 0.226042 0.385937 0.227083 0.386719 0.229167 0.386719 0.230208 0.3875 0.233333 0.3875 0.234375 0.388281 0.239583 0.388281 0.240625 0.389062 0.244792 0.389062 0.245833 0.389844 0.25 0.389844 0.251042 0.390625 0.259375 0.390625 0.260417 0.391406 0.26875 0.391406 0.269792 0.392187 0.276042 0.392187 0.277083 0.392969 0.284375 0.392969 0.285417 0.39375 0.386458 0.39375 0.3875 0.392969 0.39375 0.392969 0.394792 0.392187 0.4 0.392187 0.401042 0.391406 0.407292 0.391406 0.408333 0.390625 0.415625 0.390625 0.416667 0.389844 0.420833 0.389844 0.421875 0.389062 0.425 0.389062 0.426042 0.388281 0.433333 0.388281 0.434375 0.3875 0.4375 0.3875 0.438542 0.386719 0.440625 0.386719 0.441667 0.385937 0.44375 0.385937 0.444792 0.385156 0.448958 0.385156 0.45 0.384375 0.453125 0.384375 0.454167 0.383594 0.45625 0.383594 0.457292 0.382812 0.459375 0.382812 0.460417 0.382031 0.4625 0.382031 0.463542 0.38125 0.464583 0.38125 0.466667 0.379687 0.467708 0.379687 0.469792 0.378125 0.470833 0.378125 0.471875 0.377344 0.472917 0.377344 0.473958 0.376562 0.475 0.376562 0.475 0.3625 0.820337
0 0.476042 0.308594 0.475 0.309375 0.473958 0.309375 0.472917 0.310156 0.470833 0.310156 0.469792 0.310937 0.464583 0.310937 0.463542 0.311719 0.461458 0.311719 0.460417 0.3125 0.459375 0.3125 0.458333 0.313281 0.454167 0.313281 0.453125 0.314062 0.442708 0.314062 0.441667 0.314844 0.438542 0.314844 0.4375 0.315625 0.432292 0.315625 0.43125 0.316406 0.417708 0.316406 0.416667 0.317187 0.4 0.317187 0.398958 0.317969 0.3875 0.317969 0.386458 0.31875 0.372917 0.31875 0.371875 0.319531 0.275 0.319531 0.273958 0.31875 0.2625 0.31875 0.261458 0.317969 0.254167 0.317969 0.253125 0.317187 0.242708 0.317187 0.241667 0.316406 0.227083 0.316406 0.226042 0.315625 0.221875 0.315625 0.220833 0.314844 0.219792 0.314844 0.21875 0.314062 0.215625 0.314062 0.214583 0.313281 0.207292 0.313281 0.207292 0.328906 0.208333 0.329687 0.209375 0.329687 0.210417 0.330469 0.2125 0.330469 0.213542 0.33125 0.21875 0.33125 0.219792 0.332031 0.225 0.332031 0.226042 0.332812 0.229167 0.332812 0.230208 0.333594 0.234375 0.333594 0.235417 0.334375 0.242708 0.334375 0.24375 0.335156 0.252083 0.335156 0.253125 0.335938 0.259375 0.335938 0.260417 0.336719 0.267708 0.336719 0.26875 0.3375 0.291667 0.3375 0.292708 0.338281 0.370833 0.338281 0.371875 0.3375 0.389583 0.3375 0.390625 0.336719 0.398958 0.336719 0.4 0.335938 0.407292 0.335938 0.408333 0.335156 0.417708 0.335156 0.41875 0.334375 0.426042 0.334375 0.427083 0.333594 0.432292 0.333594 0.433333 0.332812 0.438542 0.332812 0.439583 0.332031 0.45 0.332031 0.451042 0.33125 0.454167 0.33125 0.455208 0.330469 0.45625 0.330469 0.457292 0.329687 0.459375 0.329687 0.460417 0.328906 0.464583 0.328906 0.465625 0.328125 0.46875 0.328125 0.470833 0.326562 0.471875 0.326562 0.472917 0.325781 0.475 0.325781 0.476042 0.325 0.815714
0 0.463542 0.454687 0.4625 0.455469 0.461458 0.455469 0.460417 0.45625 0.459375 0.45625 0.458333 0.457031 0.457292 0.457031 0.45625 0.457812 0.454167 0.457812 0.453125 0.458594 0.451042 0.458594 0.45 0.459375 0.448958 0.459375 0.447917 0.460156 0.445833 0.460156 0.444792 0.460937 0.440625 0.460937 0.439583 0.461719 0.436458 0.461719 0.435417 0.4625 0.433333 0.4625 0.432292 0.463281 0.430208 0.463281 0.429167 0.464062 0.421875 0.464062 0.420833 0.464844 0.416667 0.464844 0.415625 0.465625 0.4125 0.465625 0.411458 0.466406 0.40625 0.466406 0.405208 0.467187 0.395833 0.467187 0.394792 0.467969 0.3875 0.467969 0.386458 0.46875 0.38125 0.46875 0.380208 0.469531 0.36875 0.469531 0.367708 0.470312 0.304167 0.470312 0.303125 0.469531 0.291667 0.469531 0.290625 0.46875 0.285417 0.46875 0.284375 0.467969 0.278125 0.467969 0.277083 0.467187 0.267708 0.467187 0.266667 0.466406 0.2625 0.466406 0.261458 0.465625 0.258333 0.465625 0.257292 0.464844 0.255208 0.464844 0.254167 0.464062 0.247917 0.464062 0.246875 0.463281 0.244792 0.463281 0.24375 0.4625 0.242708 0.4625 0.241667 0.461719 0.239583 0.461719 0.238542 0.460937 0.235417 0.460937 0.234375 0.460156 0.232292 0.460156 0.230208 0.458594 0.229167 0.458594 0.228125 0.457812 0.226042 0.457812 0.225 0.457031 0.225 0.471875 0.226042 0.472656 0.227083 0.472656 0.230208 0.475 0.232292 0.475 0.233333 0.475781 0.235417 0.475781 0.236458 0.476562 0.2375 0.476562 0.238542 0.477344 0.239583 0.477344 0.240625 0.478125 0.242708 0.478125 0.24375 0.478906 0.246875 0.478906 0.247917 0.479687 0.25 0.479687 0.251042 0.480469 0.253125 0.480469 0.254167 0.48125 0.257292 0.48125 0.258333 0.482031 0.264583 0.482031 0.265625 0.482812 0.26875 0.482812 0.269792 0.483594 0.272917 0.483594 0.273958 0.484375 0.279167 0.484375 0.280208 0.485156 0.289583 0.485156 0.290625 0.485937 0.297917 0.485937 0.298958 0.486719 0.30625 0.486719 0.307292 0.4875 0.366667 0.4875 0.367708 0.486719 0.373958 0.486719 0.375 0.485937 0.380208 0.485937 0.38125 0.485156 0.390625 0.485156 0.391667 0.484375 0.398958 0.484375 0.4 0.483594 0.404167 0.483594 0.405208 0.482812 0.410417 0.482812 0.411458 0.482031 0.420833 0.482031 0.421875 0.48125 0.423958 0.48125 0.425 0.480469 0.427083 0.480469 0.428125 0.479687 0.430208 0.479687 0.43125 0.478906 0.436458 0.478906 0.4375 0.478125 0.439583 0.478125 0.440625 0.477344 0.442708 0.477344 0.44375 0.476562 0.445833 0.476562 0.446875 0.475781 0.451042 0.475781 0.452083 0.475 0.453125 0.475 0.455208 0.473437 0.45625 0.473437 0.457292 0.472656 0.460417 0.472656 0.4625 0.471094 0.463542 0.471094 0.464583 0.470312 0.465625 0.470312 0.466667 0.469531 0.467708 0.469531 0.469792 0.467969 0.470833 0.467969 0.475 0.464844 0.476042 0.464844 0.479167 0.4625 0.479167 0.461719 0.480208 0.460937 0.480208 0.454687 0.773288
0 0.464583 0.4 0.463542 0.400781 0.4625 0.400781 0.461458 0.401562 0.460417 0.401562 0.459375 0.402344 0.457292 0.402344 0.45625 0.403125 0.455208 0.403125 0.454167 0.403906 0.452083 0.403906 0.451042 0.404687 0.447917 0.404687 0.446875 0.405469 0.44375 0.405469 0.442708 0.40625 0.441667 0.40625 0.440625 0.407031 0.4375 0.407031 0.436458 0.407812 0.43125 0.407812 0.430208 0.408594 0.426042 0.408594 0.425 0.409375 0.420833 0.409375 0.419792 0.410156 0.4125 0.410156 0.411458 0.410937 0.403125 0.410937 0.402083 0.411719 0.397917 0.411719 0.396875 0.4125 0.390625 0.4125 0.389583 0.413281 0.376042 0.413281 0.375 0.414062 0.29375 0.414062 0.292708 0.413281 0.276042 0.413281 0.275 0.4125 0.269792 0.4125 0.26875 0.411719 0.2625 0.411719 0.261458 0.410937 0.254167 0.410937 0.253125 0.410156 0.247917 0.410156 0.246875 0.409375 0.24375 0.409375 0.242708 0.408594 0.240625 0.408594 0.239583 0.407812 0.234375 0.407812 0.233333 0.407031 0.230208 0.407031 0.229167 0.40625 0.228125 0.40625 0.227083 0.405469 0.225 0.405469 0.223958 0.404687 0.221875 0.404687 0.220833 0.403906 0.21875 0.403906 0.217708 0.403125 0.216667 0.403125 0.214583 0.401562 0.213542 0.401562 0.2125 0.400781 0.211458 0.400781 0.211458 0.417187 0.213542 0.41875 0.214583 0.41875 0.215625 0.419531 0.216667 0.419531 0.217708 0.420312 0.21875 0.420312 0.219792 0.421094 0.220833 0.421094 0.221875 0.421875 0.222917 0.421875 0.223958 0.422656 0.227083 0.422656 0.228125 0.423437 0.229167 0.423437 0.230208 0.424219 0.233333 0.424219 0.234375 0.425 0.2375 0.425 0.238542 0.425781 0.242708 0.425781 0.24375 0.426562 0.246875 0.426562 0.247917 0.427344 0.251042 0.427344 0.252083 0.428125 0.258333 0.428125 0.259375 0.428906 0.264583 0.428906 0.265625 0.429688 0.269792 0.429688 0.270833 0.430469 0.277083 0.430469 0.278125 0.43125 0.292708 0.43125 0.29375 0.432031 0.377083 0.432031 0.378125 0.43125 0.386458 0.43125 0.3875 0.430469 0.392708 0.430469 0.39375 0.429688 0.398958 0.429688 0.4 0.428906 0.409375 0.428906 0.410417 0.428125 0.414583 0.428125 0.415625 0.427344 0.41875 0.427344 0.419792 0.426562 0.423958 0.426562 0.425 0.425781 0.43125 0.425781 0.432292 0.425 0.435417 0.425 0.436458 0.424219 0.438542 0.424219 0.439583 0.423437 0.441667 0.423437 0.442708 0.422656 0.446875 0.422656 0.447917 0.421875 0.45 0.421875 0.451042 0.421094 0.452083 0.421094 0.453125 0.420312 0.455208 0.420312 0.45625 0.419531 0.458333 0.419531 0.459375 0.41875 0.460417 0.41875 0.461458 0.417969 0.4625 0.417969 0.464583 0.416406 0.466667 0.416406 0.469792 0.414062 0.470833 0.414062 0.472917 0.4125 0.473958 0.4125 0.475 0.411719 0.475 0.4 0.58888
0 0.201042 0.289844 0.201042 0.309375 0.202083 0.310156 0.203125 0.310156 0.204167 0.310937 0.205208 0.310937 0.20625 0.311719 0.208333 0.311719 0.209375 0.3125 0.2125 0.3125 0.213542 0.313281 0.217708 0.313281 0.21875 0.314062 0.221875 0.314062 0.222917 0.314844 0.229167 0.314844 0.230208 0.315625 0.238542 0.315625 0.239583 0.316406 0.248958 0.316406 0.25 0.317187 0.260417 0.317187 0.261458 0.317969 0.3875 0.317969 0.388542 0.317187 0.403125 0.317187 0.404167 0.316406 0.413542 0.316406 0.414583 0.315625 0.425 0.315625 0.426042 0.314844 0.432292 0.314844 0.433333 0.314062 0.440625 0.314062 0.441667 0.313281 0.448958 0.313281 0.45 0.3125 0.455208 0.3125 0.45625 0.311719 0.459375 0.311719 0.460417 0.310937 0.4625 0.310937 0.463542 0.310156 0.466667 0.310156 0.467708 0.309375 0.470833 0.309375 0.471875 0.308594 0.472917 0.308594 0.473958 0.307812 0.475 0.307812 0.476042 0.307031 0.477083 0.307031 0.478125 0.30625 0.478125 0.289844 0.475 0.289844 0.473958 0.290625 0.472917 0.290625 0.471875 0.291406 0.46875 0.291406 0.467708 0.292187 0.4625 0.292187 0.461458 0.292969 0.459375 0.292969 0.458333 0.29375 0.45625 0.29375 0.455208 0.294531 0.444792 0.294531 0.44375 0.295312 0.432292 0.295312 0.43125 0.296094 0.420833 0.296094 0.419792 0.296875 0.408333 0.296875 0.407292 0.297656 0.389583 0.297656 0.388542 0.298437 0.36875 0.298437 0.367708 0.299219 0.319792 0.299219 0.31875 0.3 0.307292 0.3 0.30625 0.299219 0.291667 0.299219 0.290625 0.298437 0.272917 0.298437 0.271875 0.297656 0.245833 0.297656 0.244792 0.296875 0.239583 0.296875 0.238542 0.296094 0.236458 0.296094 0.235417 0.295312 0.233333 0.295312 0.232292 0.294531 0.23125 0.294531 0.230208 0.29375 0.229167 0.29375 0.228125 0.292969 0.227083 0.292969 0.225 0.291406 0.226042 0.290625 0.227083 0.290625 0.227083 0.289844 0.400908
0 0.46875 0.270312 0.467708 0.271094 0.466667 0.271094 0.465625 0.271875 0.459375 0.271875 0.458333 0.272656 0.452083 0.272656 0.451042 0.273438 0.445833 0.273438 0.444792 0.274219 0.440625 0.274219 0.439583 0.275 0.432292 0.275 0.43125 0.275781 0.420833 0.275781 0.419792 0.276562 0.401042 0.276562 0.4 0.277344 0.372917 0.277344 0.371875 0.278125 0.303125 0.278125 0.302083 0.277344 0.2375 0.277344 0.236458 0.276562 0.210417 0.276562 0.209375 0.275781 0.203125 0.275781 0.202083 0.275 0.196875 0.275 0.195833 0.274219 0.194792 0.274219 0.194792 0.289844 0.195833 0.290625 0.196875 0.290625 0.197917 0.291406 0.198958 0.291406 0.2 0.292187 0.202083 0.292187 0.203125 0.292969 0.205208 0.292969 0.20625 0.29375 0.213542 0.29375 0.214583 0.294531 0.221875 0.294531 0.222917 0.295312 0.228125 0.295312 0.229167 0.296094 0.236458 0.296094 0.2375 0.296875 0.251042 0.296875 0.252083 0.297656 0.269792 0.297656 0.270833 0.298437 0.291667 0.298437 0.292708 0.299219 0.373958 0.299219 0.375 0.298437 0.3875 0.298437 0.388542 0.297656 0.402083 0.297656 0.403125 0.296875 0.414583 0.296875 0.415625 0.296094 0.427083 0.296094 0.428125 0.295312 0.4375 0.295312 0.438542 0.294531 0.448958 0.294531 0.45 0.29375 0.45625 0.29375 0.457292 0.292969 0.459375 0.292969 0.460417 0.292187 0.463542 0.292187 0.464583 0.291406 0.46875 0.291406 0.469792 0.290625 0.471875 0.290625 0.472917 0.289844 0.473958 0.289844 0.475 0.289062 0.476042 0.289062 0.477083 0.288281 0.478125 0.288281 0.478125 0.270312 0.369931
