0 0.482813 0.457813 0.482813 0.458594 0.480469 0.460938 0.479688 0.460938 0.479688 0.461719 0.477344 0.464063 0.476562 0.464063 0.474219 0.466406 0.473438 0.466406 0.472656 0.467188 0.471875 0.467188 0.471094 0.467969 0.470313 0.467969 0.46875 0.469531 0.467969 0.469531 0.467188 0.470313 0.465625 0.470313 0.464844 0.471094 0.464063 0.471094 0.463281 0.471875 0.4625 0.471875 0.461719 0.472656 0.460156 0.472656 0.459375 0.473438 0.457813 0.473438 0.457031 0.474219 0.455469 0.474219 0.454688 0.475 0.453906 0.475 0.453125 0.475781 0.450781 0.475781 0.45 0.476562 0.446094 0.476562 0.445312 0.477344 0.442969 0.477344 0.442188 0.478125 0.440625 0.478125 0.439844 0.478906 0.4375 0.478906 0.436719 0.479688 0.432813 0.479688 0.432031 0.480469 0.429688 0.480469 0.428906 0.48125 0.425781 0.48125 0.425 0.482031 0.422656 0.482031 0.421875 0.482813 0.414062 0.482813 0.413281 0.483594 0.405469 0.483594 0.404688 0.484375 0.396875 0.484375 0.396094 0.485156 0.389844 0.485156 0.389063 0.485938 0.382031 0.485938 0.38125 0.486719 0.375781 0.486719 0.375 0.4875 0.367969 0.4875 0.367188 0.488281 0.30625 0.488281 0.305469 0.4875 0.297656 0.4875 0.296875 0.486719 0.289844 0.486719 0.289063 0.485938 0.278906 0.485938 0.278125 0.485156 0.270313 0.485156 0.269531 0.484375 0.263281 0.484375 0.2625 0.483594 0.257812 0.483594 0.257031 0.482813 0.253125 0.482813 0.252344 0.482031 0.250781 0.482031 0.25 0.48125 0.247656 0.48125 0.246875 0.480469 0.245313 0.480469 0.244531 0.479688 0.242188 0.479688 0.241406 0.478906 0.239844 0.478906 0.239063 0.478125 0.2375 0.478125 0.236719 0.477344 0.235156 0.477344 0.234375 0.476562 0.232031 0.476562 0.23125 0.475781 0.229688 0.475781 0.228906 0.475 0.228125 0.475 0.227344 0.474219 0.226562 0.474219 0.225781 0.473438 0.224219 0.473438 0.223438 0.472656 0.222656 0.472656 0.221875 0.471875 0.221094 0.471875 0.219531 0.470313 0.21875 0.470313 0.217969 0.469531 0.217188 0.469531 0.216406 0.46875 0.214844 0.46875 0.214063 0.467969 0.2125 0.467969 0.2125 0.478906 0.219531 0.485938 0.220313 0.485938 0.221094 0.486719 0.221875 0.486719 0.223438 0.488281 0.225 0.488281 0.225781 0.489063 0.226562 0.489063 0.227344 0.489844 0.228125 0.489844 0.228906 0.490625 0.229688 0.490625 0.230469 0.491406 0.232031 0.491406 0.232813 0.492188 0.233594 0.492188 0.234375 0.492969 0.235938 0.492969 0.236719 0.49375 0.2375 0.49375 0.238281 0.494531 0.240625 0.494531 0.241406 0.495313 0.242969 0.495313 0.24375 0.496094 0.244531 0.496094 0.245313 0.496875 0.247656 0.496875 0.248438 0.497656 0.251563 0.497656 0.252344 0.498438 0.255469 0.498438 0.25625 0.499219 0.258594 0.499219 0.259375 0.5 0.263281 0.5 0.264063 0.500781 0.270313 0.500781 0.271094 0.501563 0.275781 0.501563 0.276563 0.502344 0.279688 0.502344 0.280469 0.503125 0.285156 0.503125 0.285938 0.503906 0.292969 0.503906 0.29375 0.504688 0.3 0.504688 0.300781 0.505469 0.307031 0.505469 0.307813 0.50625 0.345313 0.50625 0.346094 0.505469 0.365625 0.505469 0.366406 0.504688 0.376563 0.504688 0.377344 0.503906 0.385156 0.503906 0.385938 0.503125 0.389844 0.503125 0.390625 0.502344 0.394531 0.502344 0.395313 0.501563 0.4 0.501563 0.400781 0.500781 0.408594 0.500781 0.409375 0.5 0.414062 0.5 0.414844 0.499219 0.417969 0.499219 0.41875 0.498438 0.421875 0.498438 0.422656 0.497656 0.427344 0.497656 0.428125 0.496875 0.43125 0.496875 0.432031 0.496094 0.435156 0.496094 0.435938 0.495313 0.438281 0.495313 0.439063 0.494531 0.442969 0.494531 0.44375 0.49375 0.445312 0.49375 0.446094 0.492969 0.447656 0.492969 0.448438 0.492188 0.45 0.492188 0.450781 0.491406 0.452344 0.491406 0.453125 0.490625 0.455469 0.490625 0.45625 0.489844 0.457031 0.489844 0.457813 0.489063 0.460156 0.489063 0.460938 0.488281 0.463281 0.488281 0.464063 0.4875 0.465625 0.4875 0.466406 0.486719 0.467188 0.486719 0.467969 0.485938 0.46875 0.485938 0.469531 0.485156 0.470313 0.485156 0.471094 0.484375 0.471875 0.484375 0.472656 0.483594 0.473438 0.483594 0.474219 0.482813 0.475 0.482813 0.475781 0.482031 0.476562 0.482031 0.477344 0.48125 0.478125 0.48125 0.48125 0.478125 0.482031 0.478125 0.486719 0.473438 0.486719 0.471875 0.4875 0.471094 0.4875 0.464063 0.486719 0.463281 0.486719 0.461719 0.485938 0.460938 0.485938 0.459375 0.485156 0.458594 0.485156 0.457813 0.930617
0 0.196875 0.380469 0.196875 0.413281 0.197656 0.414062 0.198438 0.414062 0.199219 0.413281 0.201563 0.413281 0.202344 0.414062 0.203125 0.414062 0.204688 0.415625 0.20625 0.415625 0.207031 0.416406 0.208594 0.416406 0.209375 0.417188 0.210156 0.417188 0.210938 0.417969 0.211719 0.417969 0.2125 0.41875 0.213281 0.41875 0.214063 0.419531 0.215625 0.419531 0.216406 0.420313 0.217188 0.420313 0.217969 0.421094 0.219531 0.421094 0.220313 0.421875 0.221875 0.421875 0.222656 0.422656 0.225 0.422656 0.225781 0.423438 0.228125 0.423438 0.228906 0.424219 0.230469 0.424219 0.23125 0.425 0.233594 0.425 0.234375 0.425781 0.239063 0.425781 0.239844 0.426563 0.242969 0.426563 0.24375 0.427344 0.246875 0.427344 0.247656 0.428125 0.251563 0.428125 0.252344 0.428906 0.258594 0.428906 0.259375 0.429688 0.264844 0.429688 0.265625 0.430469 0.270313 0.430469 0.271094 0.43125 0.292188 0.43125 0.292969 0.432031 0.321094 0.432031 0.321875 0.432813 0.357813 0.432813 0.358594 0.432031 0.378906 0.432031 0.379688 0.43125 0.386719 0.43125 0.3875 0.430469 0.392188 0.430469 0.392969 0.429688 0.399219 0.429688 0.4 0.428906 0.409375 0.428906 0.410156 0.428125 0.415625 0.428125 0.416406 0.427344 0.41875 0.427344 0.419531 0.426563 0.423438 0.426563 0.424219 0.425781 0.43125 0.425781 0.432031 0.425 0.435938 0.425 0.436719 0.424219 0.439063 0.424219 0.439844 0.423438 0.442969 0.423438 0.44375 0.422656 0.446875 0.422656 0.447656 0.421875 0.45 0.421875 0.450781 0.421094 0.451563 0.421094 0.452344 0.420313 0.454688 0.420313 0.455469 0.419531 0.457813 0.419531 0.458594 0.41875 0.459375 0.41875 0.460156 0.417969 0.460938 0.417969 0.461719 0.417188 0.4625 0.417188 0.463281 0.416406 0.464844 0.416406 0.465625 0.415625 0.466406 0.415625 0.467969 0.414062 0.46875 0.414062 0.470313 0.4125 0.471094 0.4125 0.472656 0.410938 0.473438 0.410938 0.475781 0.408594 0.476562 0.408594 0.478906 0.40625 0.479688 0.40625 0.480469 0.405469 0.48125 0.405469 0.48125 0.395313 0.479688 0.39375 0.477344 0.39375 0.476562 0.394531 0.475781 0.394531 0.474219 0.396094 0.473438 0.396094 0.471875 0.397656 0.471094 0.397656 0.470313 0.398438 0.46875 0.398438 0.467969 0.399219 0.466406 0.399219 0.465625 0.4 0.464844 0.4 0.464063 0.400781 0.461719 0.400781 0.460938 0.401563 0.457813 0.401563 0.457031 0.402344 0.455469 0.402344 0.454688 0.403125 0.453125 0.403125 0.452344 0.403906 0.448438 0.403906 0.447656 0.404688 0.44375 0.404688 0.442969 0.405469 0.439844 0.405469 0.439063 0.40625 0.435938 0.40625 0.435156 0.407031 0.430469 0.407031 0.429688 0.407813 0.423438 0.407813 0.422656 0.408594 0.417969 0.408594 0.417188 0.409375 0.414062 0.409375 0.413281 0.410156 0.407813 0.410156 0.407031 0.410938 0.397656 0.410938 0.396875 0.411719 0.389063 0.411719 0.388281 0.4125 0.375 0.4125 0.374219 0.413281 0.352344 0.413281 0.351562 0.414062 0.313281 0.414062 0.3125 0.413281 0.271875 0.413281 0.271094 0.4125 0.264844 0.4125 0.264063 0.411719 0.258594 0.411719 0.257812 0.410938 0.251563 0.410938 0.250781 0.410156 0.246875 0.410156 0.246094 0.409375 0.242188 0.409375 0.241406 0.408594 0.2375 0.408594 0.236719 0.407813 0.232031 0.407813 0.23125 0.407031 0.228125 0.407031 0.227344 0.40625 0.225781 0.40625 0.225 0.405469 0.223438 0.405469 0.222656 0.404688 0.220313 0.404688 0.219531 0.403906 0.217969 0.403906 0.217188 0.403125 0.216406 0.403125 0.215625 0.402344 0.214844 0.402344 0.214063 0.401563 0.2125 0.401563 0.211719 0.400781 0.210938 0.400781 0.210156 0.4 0.209375 0.4 0.208594 0.399219 0.207813 0.399219 0.20625 0.397656 0.205469 0.397656 0.204688 0.396875 0.204688 0.396094 0.203906 0.395313 0.203125 0.395313 0.201563 0.39375 0.201563 0.392969 0.200781 0.392188 0.200781 0.389844 0.2 0.389063 0.2 0.386719 0.199219 0.385938 0.199219 0.384375 0.198438 0.383594 0.198438 0.382812 0.197656 0.382031 0.197656 0.38125 0.9264
0 0.183594 0.277344 0.183594 0.288281 0.185156 0.289844 0.185938 0.289844 0.1875 0.291406 0.1875 0.292188 0.188281 0.292969 0.188281 0.29375 0.189063 0.294531 0.189063 0.296094 0.189844 0.296875 0.189844 0.298438 0.191406 0.3 0.191406 0.301563 0.192188 0.302344 0.192188 0.304688 0.192969 0.304688 0.194531 0.30625 0.195312 0.30625 0.196094 0.307031 0.196875 0.307031 0.197656 0.307813 0.198438 0.307813 0.199219 0.308594 0.2 0.308594 0.200781 0.309375 0.202344 0.309375 0.203125 0.310156 0.204688 0.310156 0.205469 0.310937 0.207031 0.310937 0.207813 0.311719 0.210156 0.311719 0.210938 0.3125 0.214063 0.3125 0.214844 0.313281 0.217969 0.313281 0.21875 0.314063 0.222656 0.314063 0.223438 0.314844 0.228125 0.314844 0.228906 0.315625 0.2375 0.315625 0.238281 0.316406 0.252344 0.316406 0.253125 0.317188 0.263281 0.317188 0.264063 0.317969 0.274219 0.317969 0.275 0.31875 0.350781 0.31875 0.351562 0.317969 0.3625 0.317969 0.363281 0.317188 0.378125 0.317188 0.378906 0.316406 0.403125 0.316406 0.403906 0.315625 0.415625 0.315625 0.416406 0.314844 0.428906 0.314844 0.429688 0.314063 0.435938 0.314063 0.436719 0.313281 0.446094 0.313281 0.446875 0.3125 0.453906 0.3125 0.454688 0.311719 0.457813 0.311719 0.458594 0.310937 0.461719 0.310937 0.4625 0.310156 0.467188 0.310156 0.467969 0.309375 0.471094 0.309375 0.471875 0.308594 0.473438 0.308594 0.474219 0.307813 0.475 0.307813 0.475781 0.307031 0.478125 0.307031 0.478906 0.30625 0.479688 0.30625 0.48125 0.304688 0.48125 0.300781 0.482031 0.3 0.482031 0.29375 0.48125 0.292969 0.48125 0.290625 0.479688 0.289063 0.476562 0.289063 0.475781 0.289844 0.474219 0.289844 0.473438 0.290625 0.471875 0.290625 0.471094 0.291406 0.467969 0.291406 0.467188 0.292188 0.4625 0.292188 0.461719 0.292969 0.457813 0.292969 0.457031 0.29375 0.452344 0.29375 0.451563 0.294531 0.446094 0.294531 0.445312 0.295313 0.438281 0.295313 0.4375 0.296094 0.425781 0.296094 0.425 0.296875 0.408594 0.296875 0.407813 0.297656 0.396875 0.297656 0.396094 0.298438 0.380469 0.298438 0.379688 0.299219 0.332031 0.299219 0.33125 0.298438 0.322656 0.298438 0.321875 0.299219 0.303906 0.299219 0.303125 0.3 0.269531 0.3 0.26875 0.299219 0.252344 0.299219 0.251563 0.298438 0.239063 0.298438 0.238281 0.297656 0.226562 0.297656 0.225781 0.296875 0.219531 0.296875 0.21875 0.296094 0.211719 0.296094 0.210938 0.295313 0.207031 0.295313 0.20625 0.294531 0.203125 0.294531 0.202344 0.29375 0.200781 0.29375 0.2 0.292969 0.197656 0.292969 0.196875 0.292188 0.195312 0.292188 0.194531 0.291406 0.192969 0.291406 0.191406 0.289844 0.190625 0.289844 0.189063 0.288281 0.189063 0.2875 0.188281 0.286719 0.188281 0.285938 0.186719 0.284375 0.186719 0.283594 0.185938 0.282813 0.185938 0.279688 0.921137
0 0.196094 0.342188 0.196094 0.374219 0.198438 0.376563 0.198438 0.377344 0.199219 0.378125 0.199219 0.378906 0.2 0.379688 0.200781 0.379688 0.202344 0.38125 0.203906 0.38125 0.204688 0.382031 0.208594 0.382031 0.209375 0.382812 0.210938 0.382812 0.211719 0.383594 0.2125 0.383594 0.213281 0.384375 0.214844 0.384375 0.215625 0.385156 0.21875 0.385156 0.219531 0.385938 0.221875 0.385938 0.222656 0.386719 0.224219 0.386719 0.225 0.3875 0.226562 0.3875 0.227344 0.388281 0.232031 0.388281 0.232813 0.389063 0.235938 0.389063 0.236719 0.389844 0.239844 0.389844 0.240625 0.390625 0.244531 0.390625 0.245313 0.391406 0.253906 0.391406 0.254688 0.392188 0.263281 0.392188 0.264063 0.392969 0.270313 0.392969 0.271094 0.39375 0.278125 0.39375 0.278906 0.394531 0.371875 0.394531 0.372656 0.39375 0.385156 0.39375 0.385938 0.392969 0.392969 0.392969 0.39375 0.392188 0.40625 0.392188 0.407031 0.391406 0.416406 0.391406 0.417188 0.390625 0.421875 0.390625 0.422656 0.389844 0.426563 0.389844 0.427344 0.389063 0.432031 0.389063 0.432813 0.388281 0.438281 0.388281 0.439063 0.3875 0.442188 0.3875 0.442969 0.386719 0.444531 0.386719 0.445312 0.385938 0.449219 0.385938 0.45 0.385156 0.453906 0.385156 0.454688 0.384375 0.45625 0.384375 0.457031 0.383594 0.458594 0.383594 0.459375 0.382812 0.460938 0.382812 0.461719 0.382031 0.464063 0.382031 0.464844 0.38125 0.466406 0.38125 0.467188 0.380469 0.467969 0.380469 0.46875 0.379688 0.469531 0.379688 0.470313 0.378906 0.471875 0.378906 0.472656 0.378125 0.473438 0.378125 0.474219 0.377344 0.475 0.377344 0.476562 0.375781 0.477344 0.375781 0.478125 0.375 0.478125 0.374219 0.478906 0.373438 0.478906 0.369531 0.479688 0.36875 0.479688 0.360156 0.478906 0.359375 0.478906 0.358594 0.478125 0.359375 0.476562 0.359375 0.475781 0.360156 0.475 0.360156 0.474219 0.360938 0.473438 0.360938 0.472656 0.361719 0.471094 0.361719 0.470313 0.3625 0.469531 0.3625 0.46875 0.363281 0.466406 0.363281 0.465625 0.364063 0.4625 0.364063 0.461719 0.364844 0.459375 0.364844 0.458594 0.365625 0.45625 0.365625 0.455469 0.366406 0.452344 0.366406 0.451563 0.367188 0.447656 0.367188 0.446875 0.367969 0.444531 0.367969 0.44375 0.36875 0.442188 0.36875 0.441406 0.369531 0.4375 0.369531 0.436719 0.370313 0.430469 0.370313 0.429688 0.371094 0.425781 0.371094 0.425 0.371875 0.421094 0.371875 0.420313 0.372656 0.410156 0.372656 0.409375 0.373438 0.397656 0.373438 0.396875 0.374219 0.390625 0.374219 0.389844 0.375 0.382031 0.375 0.38125 0.375781 0.367969 0.375781 0.367188 0.376563 0.355469 0.376563 0.354688 0.375781 0.298438 0.375781 0.297656 0.375 0.289844 0.375 0.289063 0.374219 0.279688 0.374219 0.278906 0.373438 0.261719 0.373438 0.260938 0.372656 0.251563 0.372656 0.250781 0.371875 0.246875 0.371875 0.246094 0.371094 0.242969 0.371094 0.242188 0.370313 0.230469 0.370313 0.229688 0.369531 0.225781 0.369531 0.225 0.36875 0.222656 0.36875 0.221875 0.367969 0.220313 0.367969 0.219531 0.367188 0.216406 0.367188 0.215625 0.366406 0.213281 0.366406 0.2125 0.365625 0.210938 0.365625 0.210156 0.364844 0.208594 0.364844 0.207813 0.364063 0.20625 0.364063 0.205469 0.363281 0.204688 0.363281 0.203906 0.3625 0.203125 0.3625 0.202344 0.361719 0.201563 0.361719 0.198438 0.358594 0.198438 0.348438 0.197656 0.347656 0.197656 0.344531 0.196094 0.342969 0.918308
0 0.482031 0.425781 0.48125 0.426563 0.479688 0.426563 0.476562 0.429688 0.475781 0.429688 0.473438 0.432031 0.472656 0.432031 0.471875 0.432813 0.471094 0.432813 0.469531 0.434375 0.46875 0.434375 0.467969 0.435156 0.467188 0.435156 0.466406 0.435938 0.464844 0.435938 0.464063 0.436719 0.4625 0.436719 0.461719 0.4375 0.460938 0.4375 0.460156 0.438281 0.458594 0.438281 0.457813 0.439063 0.45625 0.439063 0.455469 0.439844 0.453125 0.439844 0.452344 0.440625 0.450781 0.440625 0.45 0.441406 0.446875 0.441406 0.446094 0.442188 0.442188 0.442188 0.441406 0.442969 0.439063 0.442969 0.438281 0.44375 0.435938 0.44375 0.435156 0.444531 0.432031 0.444531 0.43125 0.445312 0.425781 0.445312 0.425 0.446094 0.420313 0.446094 0.419531 0.446875 0.415625 0.446875 0.414844 0.447656 0.410156 0.447656 0.409375 0.448438 0.400781 0.448438 0.4 0.449219 0.39375 0.449219 0.392969 0.45 0.384375 0.45 0.383594 0.450781 0.360156 0.450781 0.359375 0.451563 0.34375 0.451563 0.342969 0.452344 0.308594 0.452344 0.307813 0.451563 0.291406 0.451563 0.290625 0.450781 0.280469 0.450781 0.279688 0.45 0.274219 0.45 0.273438 0.449219 0.267188 0.449219 0.266406 0.448438 0.260938 0.448438 0.260156 0.447656 0.255469 0.447656 0.254688 0.446875 0.25 0.446875 0.249219 0.446094 0.24375 0.446094 0.242969 0.445312 0.238281 0.445312 0.2375 0.444531 0.235156 0.444531 0.234375 0.44375 0.232813 0.44375 0.232031 0.442969 0.229688 0.442969 0.228906 0.442188 0.227344 0.442188 0.226562 0.441406 0.225 0.441406 0.224219 0.440625 0.223438 0.440625 0.222656 0.439844 0.221094 0.439844 0.220313 0.439063 0.219531 0.439063 0.21875 0.438281 0.217969 0.438281 0.217188 0.4375 0.215625 0.4375 0.214844 0.436719 0.211719 0.436719 0.210156 0.438281 0.210156 0.440625 0.209375 0.441406 0.209375 0.448438 0.210156 0.449219 0.210156 0.45 0.210938 0.450781 0.210938 0.453906 0.211719 0.453906 0.2125 0.454688 0.220313 0.454688 0.221094 0.455469 0.221875 0.455469 0.222656 0.45625 0.225 0.45625 0.225781 0.457031 0.228125 0.457031 0.228906 0.457813 0.230469 0.457813 0.23125 0.458594 0.232813 0.458594 0.233594 0.459375 0.234375 0.459375 0.235156 0.460156 0.238281 0.460156 0.239063 0.460938 0.240625 0.460938 0.241406 0.461719 0.242188 0.461719 0.242969 0.4625 0.245313 0.4625 0.246094 0.463281 0.251563 0.463281 0.252344 0.464063 0.25625 0.464063 0.257031 0.464844 0.260156 0.464844 0.260938 0.465625 0.264063 0.465625 0.264844 0.466406 0.275 0.466406 0.275781 0.467188 0.284375 0.467188 0.285156 0.467969 0.292188 0.467969 0.292969 0.46875 0.365625 0.46875 0.366406 0.467969 0.377344 0.467969 0.378125 0.467188 0.3875 0.467188 0.388281 0.466406 0.399219 0.466406 0.4 0.465625 0.407813 0.465625 0.408594 0.464844 0.413281 0.464844 0.414062 0.464063 0.417969 0.464063 0.41875 0.463281 0.425781 0.463281 0.426563 0.4625 0.429688 0.4625 0.430469 0.461719 0.432813 0.461719 0.433594 0.460938 0.4375 0.460938 0.438281 0.460156 0.442188 0.460156 0.442969 0.459375 0.445312 0.459375 0.446094 0.458594 0.447656 0.458594 0.448438 0.457813 0.45 0.457813 0.450781 0.457031 0.453906 0.457031 0.454688 0.45625 0.457031 0.45625 0.457813 0.455469 0.458594 0.455469 0.459375 0.454688 0.460156 0.454688 0.460938 0.453906 0.4625 0.453906 0.463281 0.453125 0.464844 0.453125 0.465625 0.452344 0.466406 0.452344 0.467188 0.451563 0.467969 0.451563 0.46875 0.450781 0.469531 0.450781 0.470313 0.45 0.471094 0.45 0.471875 0.449219 0.472656 0.449219 0.474219 0.447656 0.475 0.447656 0.475781 0.446875 0.476562 0.446875 0.478906 0.444531 0.479688 0.444531 0.48125 0.442969 0.482031 0.442969 0.482813 0.442188 0.482813 0.441406 0.483594 0.440625 0.483594 0.439844 0.484375 0.439063 0.484375 0.43125 0.483594 0.430469 0.483594 0.428125 0.482813 0.427344 0.482813 0.425781 0.910536
0 0.261719 0.342188 0.264063 0.342188 0.264063 0.341406 0.25625 0.341406 0.257031 0.342188 0.259375 0.342188 0.260156 0.341406 0.260938 0.341406 0.261719 0.342188 0.2625 0.353125 0.252344 0.353125 0.251563 0.352344 0.2375 0.352344 0.236719 0.351562 0.228125 0.351562 0.227344 0.350781 0.221094 0.350781 0.220313 0.35 0.217969 0.35 0.217188 0.349219 0.215625 0.349219 0.214844 0.348438 0.211719 0.348438 0.210938 0.347656 0.208594 0.347656 0.207031 0.346094 0.20625 0.346094 0.204688 0.344531 0.203125 0.344531 0.2 0.341406 0.199219 0.341406 0.198438 0.340625 0.198438 0.339063 0.197656 0.338281 0.197656 0.336719 0.196875 0.335938 0.196875 0.335156 0.196094 0.334375 0.196094 0.332813 0.19375 0.330469 0.19375 0.327344 0.19375 0.339844 0.194531 0.339844 0.196094 0.341406 0.196094 0.344531 0.195312 0.345313 0.195312 0.346875 0.194531 0.347656 0.194531 0.349219 0.19375 0.35 0.19375 0.354688 0.196094 0.357031 0.196094 0.357813 0.196875 0.357813 0.197656 0.358594 0.198438 0.358594 0.199219 0.359375 0.2 0.359375 0.200781 0.360156 0.202344 0.360156 0.203125 0.360938 0.203906 0.360938 0.204688 0.361719 0.205469 0.361719 0.20625 0.3625 0.207031 0.3625 0.207813 0.363281 0.209375 0.363281 0.210156 0.364063 0.211719 0.364063 0.2125 0.364844 0.213281 0.364844 0.214063 0.365625 0.215625 0.365625 0.216406 0.366406 0.219531 0.366406 0.220313 0.367188 0.221875 0.367188 0.222656 0.367969 0.224219 0.367969 0.225 0.36875 0.228125 0.36875 0.228906 0.369531 0.236719 0.369531 0.2375 0.370313 0.241406 0.370313 0.242188 0.371094 0.246094 0.371094 0.246875 0.371875 0.252344 0.371875 0.253125 0.372656 0.269531 0.372656 0.270313 0.373438 0.288281 0.373438 0.289063 0.374219 0.298438 0.374219 0.299219 0.375 0.321094 0.375 0.321875 0.375781 0.329688 0.375781 0.330469 0.375 0.347656 0.375 0.348438 0.375781 0.367188 0.375781 0.367969 0.375 0.382031 0.375 0.382812 0.374219 0.390625 0.374219 0.391406 0.373438 0.399219 0.373438 0.4 0.372656 0.414062 0.372656 0.414844 0.371875 0.421094 0.371875 0.421875 0.371094 0.425781 0.371094 0.426563 0.370313 0.43125 0.370313 0.432031 0.369531 0.4375 0.369531 0.438281 0.36875 0.441406 0.36875 0.442188 0.367969 0.444531 0.367969 0.445312 0.367188 0.447656 0.367188 0.448438 0.366406 0.452344 0.366406 0.453125 0.365625 0.455469 0.365625 0.45625 0.364844 0.458594 0.364844 0.459375 0.364063 0.4625 0.364063 0.463281 0.363281 0.466406 0.363281 0.467188 0.3625 0.467969 0.3625 0.46875 0.361719 0.470313 0.361719 0.471094 0.360938 0.472656 0.360938 0.473438 0.360156 0.475 0.360156 0.475781 0.359375 0.476562 0.359375 0.478125 0.357813 0.478906 0.357813 0.479688 0.357031 0.479688 0.35625 0.480469 0.355469 0.480469 0.353906 0.48125 0.353125 0.48125 0.34375 0.480469 0.342969 0.480469 0.341406 0.478906 0.339844 0.478125 0.340625 0.477344 0.340625 0.476562 0.341406 0.475781 0.341406 0.474219 0.342969 0.473438 0.342969 0.472656 0.34375 0.471875 0.34375 0.471094 0.344531 0.469531 0.344531 0.46875 0.345313 0.465625 0.345313 0.464844 0.346094 0.4625 0.346094 0.461719 0.346875 0.458594 0.346875 0.457813 0.347656 0.453906 0.347656 0.453125 0.348438 0.449219 0.348438 0.448438 0.349219 0.444531 0.349219 0.44375 0.35 0.439844 0.35 0.439063 0.350781 0.433594 0.350781 0.432813 0.351562 0.423438 0.351562 0.422656 0.352344 0.415625 0.352344 0.414844 0.353125 0.408594 0.353125 0.407813 0.353906 0.399219 0.353906 0.398438 0.354688 0.3875 0.354688 0.386719 0.355469 0.339063 0.355469 0.338281 0.35625 0.3375 0.355469 0.334375 0.355469 0.333594 0.35625 0.33125 0.35625 0.330469 0.355469 0.328906 0.355469 0.328125 0.35625 0.3 0.35625 0.299219 0.355469 0.292188 0.355469 0.291406 0.354688 0.278125 0.354688 0.277344 0.353906 0.263281 0.353906 0.2625 0.353125 0.886643
0 0.475781 0.378125 0.475 0.378906 0.473438 0.378906 0.472656 0.379688 0.471094 0.379688 0.470313 0.380469 0.469531 0.380469 0.46875 0.38125 0.467969 0.38125 0.467188 0.382031 0.465625 0.382031 0.464844 0.382812 0.4625 0.382812 0.461719 0.383594 0.460156 0.383594 0.459375 0.384375 0.458594 0.384375 0.457813 0.385156 0.455469 0.385156 0.454688 0.385938 0.45 0.385938 0.449219 0.386719 0.446094 0.386719 0.445312 0.3875 0.44375 0.3875 0.442969 0.388281 0.439844 0.388281 0.439063 0.389063 0.432813 0.389063 0.432031 0.389844 0.428125 0.389844 0.427344 0.390625 0.423438 0.390625 0.422656 0.391406 0.417188 0.391406 0.416406 0.392188 0.405469 0.392188 0.404688 0.392969 0.39375 0.392969 0.392969 0.39375 0.385938 0.39375 0.385156 0.394531 0.375 0.394531 0.374219 0.395313 0.278125 0.395313 0.277344 0.394531 0.26875 0.394531 0.267969 0.39375 0.2625 0.39375 0.261719 0.392969 0.252344 0.392969 0.251563 0.392188 0.241406 0.392188 0.240625 0.391406 0.235938 0.391406 0.235156 0.390625 0.23125 0.390625 0.230469 0.389844 0.226562 0.389844 0.225781 0.389063 0.222656 0.389063 0.221875 0.388281 0.220313 0.388281 0.219531 0.3875 0.217969 0.3875 0.217188 0.386719 0.214844 0.386719 0.214063 0.385938 0.210938 0.385938 0.210156 0.385156 0.209375 0.385156 0.208594 0.384375 0.20625 0.384375 0.20625 0.396875 0.207031 0.396875 0.207813 0.397656 0.208594 0.397656 0.209375 0.398438 0.210156 0.398438 0.210938 0.399219 0.2125 0.399219 0.213281 0.4 0.214063 0.4 0.214844 0.400781 0.216406 0.400781 0.217188 0.401563 0.21875 0.401563 0.219531 0.402344 0.220313 0.402344 0.221094 0.403125 0.222656 0.403125 0.223438 0.403906 0.225 0.403906 0.225781 0.404688 0.228125 0.404688 0.228906 0.405469 0.230469 0.405469 0.23125 0.40625 0.234375 0.40625 0.235156 0.407031 0.241406 0.407031 0.242188 0.407813 0.246094 0.407813 0.246875 0.408594 0.249219 0.408594 0.25 0.409375 0.253906 0.409375 0.254688 0.410156 0.260938 0.410156 0.261719 0.410938 0.266406 0.410938 0.267188 0.411719 0.271875 0.411719 0.272656 0.4125 0.301563 0.4125 0.302344 0.413281 0.319531 0.413281 0.320312 0.414062 0.326563 0.414062 0.327344 0.413281 0.347656 0.413281 0.348438 0.4125 0.371094 0.4125 0.371875 0.411719 0.386719 0.411719 0.3875 0.410938 0.397656 0.410938 0.398438 0.410156 0.408594 0.410156 0.409375 0.409375 0.414062 0.409375 0.414844 0.408594 0.417188 0.408594 0.417969 0.407813 0.421875 0.407813 0.422656 0.407031 0.430469 0.407031 0.43125 0.40625 0.435156 0.40625 0.435938 0.405469 0.439063 0.405469 0.439844 0.404688 0.44375 0.404688 0.444531 0.403906 0.449219 0.403906 0.45 0.403125 0.452344 0.403125 0.453125 0.402344 0.454688 0.402344 0.455469 0.401563 0.457031 0.401563 0.457813 0.400781 0.460938 0.400781 0.461719 0.4 0.464063 0.4 0.464844 0.399219 0.466406 0.399219 0.467188 0.398438 0.46875 0.398438 0.469531 0.397656 0.470313 0.397656 0.471094 0.396875 0.471875 0.396875 0.473438 0.395313 0.474219 0.395313 0.475781 0.39375 0.476562 0.39375 0.477344 0.392969 0.478125 0.392969 0.478125 0.378125 0.863285
0 0.482813 0.478906 0.48125 0.480469 0.480469 0.480469 0.478125 0.482813 0.476562 0.482813 0.475 0.484375 0.474219 0.484375 0.473438 0.485156 0.472656 0.485156 0.471875 0.485938 0.470313 0.485938 0.469531 0.486719 0.46875 0.486719 0.467969 0.4875 0.467188 0.4875 0.466406 0.488281 0.464844 0.488281 0.464063 0.489063 0.4625 0.489063 0.461719 0.489844 0.460156 0.489844 0.459375 0.490625 0.457813 0.490625 0.457031 0.491406 0.454688 0.491406 0.453906 0.492188 0.451563 0.492188 0.450781 0.492969 0.449219 0.492969 0.448438 0.49375 0.447656 0.49375 0.446875 0.494531 0.445312 0.494531 0.444531 0.495313 0.441406 0.495313 0.440625 0.496094 0.438281 0.496094 0.4375 0.496875 0.435156 0.496875 0.434375 0.497656 0.43125 0.497656 0.430469 0.498438 0.425781 0.498438 0.425 0.499219 0.421094 0.499219 0.420313 0.5 0.417188 0.5 0.416406 0.500781 0.4125 0.500781 0.411719 0.501563 0.404688 0.501563 0.403906 0.502344 0.398438 0.502344 0.397656 0.503125 0.392188 0.503125 0.391406 0.503906 0.386719 0.503906 0.385938 0.504688 0.378906 0.504688 0.378125 0.505469 0.369531 0.505469 0.36875 0.50625 0.360938 0.50625 0.360156 0.507031 0.342969 0.507031 0.342188 0.507812 0.308594 0.507812 0.307813 0.507031 0.301563 0.507031 0.300781 0.50625 0.296094 0.50625 0.295313 0.505469 0.289844 0.505469 0.289063 0.504688 0.28125 0.504688 0.280469 0.503906 0.275 0.503906 0.274219 0.503125 0.270313 0.503125 0.269531 0.502344 0.264844 0.502344 0.264063 0.501563 0.259375 0.501563 0.258594 0.500781 0.255469 0.500781 0.254688 0.5 0.252344 0.5 0.251563 0.499219 0.249219 0.499219 0.248438 0.498438 0.246875 0.498438 0.246094 0.497656 0.24375 0.497656 0.242969 0.496875 0.242188 0.496875 0.241406 0.496094 0.239844 0.496094 0.239063 0.495313 0.2375 0.495313 0.236719 0.494531 0.235156 0.494531 0.234375 0.49375 0.233594 0.49375 0.232813 0.492969 0.232031 0.492969 0.23125 0.492188 0.229688 0.492188 0.228906 0.491406 0.228125 0.491406 0.227344 0.490625 0.226562 0.490625 0.225781 0.489844 0.224219 0.489844 0.223438 0.489063 0.221875 0.489063 0.221094 0.488281 0.220313 0.488281 0.220313 0.5 0.221875 0.501563 0.222656 0.501563 0.225781 0.504688 0.226562 0.504688 0.227344 0.505469 0.228125 0.505469 0.229688 0.507031 0.230469 0.507031 0.23125 0.507812 0.232031 0.507812 0.232813 0.508594 0.233594 0.508594 0.235938 0.510938 0.2375 0.510938 0.238281 0.511719 0.239063 0.511719 0.240625 0.513281 0.241406 0.513281 0.242188 0.514063 0.24375 0.514063 0.244531 0.514844 0.245313 0.514844 0.246094 0.515625 0.247656 0.515625 0.248438 0.516406 0.25 0.516406 0.250781 0.517188 0.253125 0.517188 0.253906 0.517969 0.257812 0.517969 0.258594 0.51875 0.260938 0.51875 0.261719 0.519531 0.264844 0.519531 0.265625 0.520313 0.269531 0.520313 0.270313 0.521094 0.272656 0.521094 0.273438 0.521875 0.276563 0.521875 0.277344 0.522656 0.280469 0.522656 0.28125 0.523438 0.286719 0.523438 0.2875 0.524219 0.292969 0.524219 0.29375 0.525 0.3 0.525 0.300781 0.525781 0.307031 0.525781 0.307813 0.526563 0.315625 0.526563 0.316406 0.527344 0.31875 0.527344 0.319531 0.526563 0.320312 0.526563 0.321094 0.527344 0.328906 0.527344 0.329688 0.528125 0.33125 0.528125 0.332813 0.529688 0.330469 0.532031 0.370313 0.532031 0.369531 0.532031 0.367969 0.530469 0.367188 0.530469 0.366406 0.529688 0.367969 0.528125 0.36875 0.528125 0.369531 0.527344 0.370313 0.527344 0.371094 0.526563 0.371875 0.526563 0.372656 0.525781 0.375 0.525781 0.375781 0.525 0.380469 0.525 0.38125 0.524219 0.386719 0.524219 0.3875 0.523438 0.392188 0.523438 0.392969 0.522656 0.396875 0.522656 0.397656 0.521875 0.4 0.521875 0.400781 0.521094 0.404688 0.521094 0.405469 0.520313 0.409375 0.520313 0.410156 0.519531 0.414062 0.519531 0.414844 0.51875 0.41875 0.51875 0.419531 0.517969 0.423438 0.517969 0.424219 0.517188 0.428906 0.517188 0.429688 0.516406 0.433594 0.516406 0.434375 0.515625 0.436719 0.515625 0.4375 0.514844 0.439063 0.514844 0.439844 0.514063 0.442969 0.514063 0.44375 0.513281 0.446875 0.513281 0.447656 0.5125 0.45 0.5125 0.450781 0.511719 0.453906 0.511719 0.454688 0.510938 0.457031 0.510938 0.457813 0.510156 0.459375 0.510156 0.460156 0.509375 0.460938 0.509375 0.461719 0.508594 0.4625 0.508594 0.463281 0.507812 0.464063 0.507812 0.464844 0.507031 0.465625 0.507031 0.466406 0.50625 0.467188 0.50625 0.467969 0.505469 0.46875 0.505469 0.469531 0.504688 0.471094 0.504688 0.471875 0.503906 0.472656 0.503906 0.474219 0.502344 0.475 0.502344 0.476562 0.500781 0.477344 0.500781 0.478906 0.499219 0.479688 0.499219 0.48125 0.497656 0.482031 0.497656 0.482031 0.496875 0.486719 0.492188 0.4875 0.492188 0.4875 0.478906 0.856883
0 0.479688 0.322656 0.477344 0.325 0.476562 0.325 0.475781 0.325781 0.475 0.325781 0.474219 0.326563 0.473438 0.326563 0.471875 0.328125 0.471094 0.328125 0.470313 0.328906 0.467969 0.328906 0.467188 0.329688 0.464063 0.329688 0.463281 0.330469 0.458594 0.330469 0.457813 0.33125 0.454688 0.33125 0.453906 0.332031 0.447656 0.332031 0.446875 0.332813 0.4375 0.332813 0.436719 0.333594 0.43125 0.333594 0.430469 0.334375 0.425 0.334375 0.424219 0.335156 0.416406 0.335156 0.415625 0.335938 0.401563 0.335938 0.400781 0.336719 0.389844 0.336719 0.389063 0.3375 0.375 0.3375 0.374219 0.338281 0.278906 0.338281 0.278125 0.3375 0.271094 0.3375 0.270313 0.336719 0.264063 0.336719 0.263281 0.335938 0.246875 0.335938 0.246094 0.335156 0.239063 0.335156 0.238281 0.334375 0.233594 0.334375 0.232813 0.333594 0.225781 0.333594 0.225 0.332813 0.217188 0.332813 0.216406 0.332031 0.214063 0.332031 0.213281 0.33125 0.210938 0.33125 0.210156 0.330469 0.207813 0.330469 0.207031 0.329688 0.20625 0.329688 0.205469 0.328906 0.204688 0.328906 0.203906 0.328125 0.203125 0.328125 0.201563 0.326563 0.200781 0.326563 0.2 0.325781 0.2 0.342188 0.201563 0.34375 0.202344 0.34375 0.203125 0.344531 0.203906 0.344531 0.204688 0.345313 0.20625 0.345313 0.207031 0.346094 0.207813 0.346094 0.208594 0.346875 0.210156 0.346875 0.210938 0.347656 0.214844 0.347656 0.215625 0.348438 0.217188 0.348438 0.217969 0.349219 0.21875 0.349219 0.219531 0.35 0.221875 0.35 0.222656 0.350781 0.228906 0.350781 0.229688 0.351562 0.232813 0.351562 0.233594 0.352344 0.236719 0.352344 0.2375 0.353125 0.241406 0.353125 0.242188 0.353906 0.251563 0.353906 0.252344 0.354688 0.269531 0.354688 0.270313 0.355469 0.282031 0.355469 0.282813 0.35625 0.292969 0.35625 0.29375 0.357031 0.372656 0.357031 0.373438 0.35625 0.382812 0.35625 0.383594 0.355469 0.392188 0.355469 0.392969 0.354688 0.399219 0.354688 0.4 0.353906 0.409375 0.353906 0.410156 0.353125 0.417969 0.353125 0.41875 0.352344 0.426563 0.352344 0.427344 0.351562 0.432813 0.351562 0.433594 0.350781 0.440625 0.350781 0.441406 0.35 0.445312 0.35 0.446094 0.349219 0.448438 0.349219 0.449219 0.348438 0.453125 0.348438 0.453906 0.347656 0.458594 0.347656 0.459375 0.346875 0.4625 0.346875 0.463281 0.346094 0.465625 0.346094 0.466406 0.345313 0.46875 0.345313 0.469531 0.344531 0.472656 0.344531 0.473438 0.34375 0.474219 0.34375 0.475 0.342969 0.476562 0.342969 0.477344 0.342188 0.479688 0.342188 0.480469 0.341406 0.480469 0.340625 0.48125 0.339844 0.48125 0.338281 0.482813 0.336719 0.482813 0.328906 0.482031 0.328125 0.482031 0.327344 0.48125 0.326563 0.48125 0.325781 0.480469 0.325 0.480469 0.324219 0.479688 0.323438 0.808407
0 0.478906 0.407031 0.475 0.410938 0.474219 0.410938 0.472656 0.4125 0.471875 0.4125 0.471094 0.413281 0.470313 0.413281 0.46875 0.414844 0.467969 0.414844 0.466406 0.416406 0.464844 0.416406 0.464063 0.417188 0.463281 0.417188 0.4625 0.417969 0.461719 0.417969 0.460938 0.41875 0.460156 0.41875 0.459375 0.419531 0.457813 0.419531 0.457031 0.420313 0.454688 0.420313 0.453906 0.421094 0.452344 0.421094 0.451563 0.421875 0.45 0.421875 0.449219 0.422656 0.445312 0.422656 0.444531 0.423438 0.441406 0.423438 0.440625 0.424219 0.438281 0.424219 0.4375 0.425 0.434375 0.425 0.433594 0.425781 0.428906 0.425781 0.428125 0.426563 0.421875 0.426563 0.421094 0.427344 0.417969 0.427344 0.417188 0.428125 0.414062 0.428125 0.413281 0.428906 0.407031 0.428906 0.40625 0.429688 0.397656 0.429688 0.396875 0.430469 0.392188 0.430469 0.391406 0.43125 0.385156 0.43125 0.384375 0.432031 0.371875 0.432031 0.371094 0.432813 0.307031 0.432813 0.30625 0.432031 0.271875 0.432031 0.271094 0.43125 0.264844 0.43125 0.264063 0.430469 0.259375 0.430469 0.258594 0.429688 0.251563 0.429688 0.250781 0.428906 0.246875 0.428906 0.246094 0.428125 0.242188 0.428125 0.241406 0.427344 0.238281 0.427344 0.2375 0.426563 0.232813 0.426563 0.232031 0.425781 0.228906 0.425781 0.228125 0.425 0.226562 0.425 0.225781 0.424219 0.224219 0.424219 0.223438 0.423438 0.220313 0.423438 0.219531 0.422656 0.217969 0.422656 0.217188 0.421875 0.216406 0.421875 0.215625 0.421094 0.214844 0.421094 0.214063 0.420313 0.2125 0.420313 0.211719 0.419531 0.210938 0.419531 0.210156 0.41875 0.209375 0.41875 0.207031 0.416406 0.205469 0.416406 0.205469 0.428906 0.20625 0.429688 0.207813 0.429688 0.2125 0.434375 0.213281 0.434375 0.214063 0.435156 0.214844 0.435156 0.215625 0.435938 0.216406 0.435938 0.217188 0.436719 0.217969 0.436719 0.21875 0.4375 0.219531 0.4375 0.220313 0.438281 0.221875 0.438281 0.222656 0.439063 0.223438 0.439063 0.224219 0.439844 0.225 0.439844 0.225781 0.440625 0.226562 0.440625 0.227344 0.441406 0.229688 0.441406 0.230469 0.442188 0.232813 0.442188 0.233594 0.442969 0.235156 0.442969 0.235938 0.44375 0.2375 0.44375 0.238281 0.444531 0.244531 0.444531 0.245313 0.445312 0.251563 0.445312 0.252344 0.446094 0.25625 0.446094 0.257031 0.446875 0.260938 0.446875 0.261719 0.447656 0.270313 0.447656 0.271094 0.448438 0.277344 0.448438 0.278125 0.449219 0.283594 0.449219 0.284375 0.45 0.296094 0.45 0.296875 0.450781 0.325781 0.450781 0.326563 0.451563 0.339844 0.451563 0.340625 0.450781 0.359375 0.450781 0.360156 0.45 0.383594 0.45 0.384375 0.449219 0.392188 0.449219 0.392969 0.448438 0.398438 0.448438 0.399219 0.447656 0.409375 0.447656 0.410156 0.446875 0.414844 0.446875 0.415625 0.446094 0.41875 0.446094 0.419531 0.445312 0.424219 0.445312 0.425 0.444531 0.43125 0.444531 0.432031 0.44375 0.435156 0.44375 0.435938 0.442969 0.438281 0.442969 0.439063 0.442188 0.441406 0.442188 0.442188 0.441406 0.446094 0.441406 0.446875 0.440625 0.449219 0.440625 0.45 0.439844 0.451563 0.439844 0.452344 0.439063 0.454688 0.439063 0.455469 0.438281 0.457813 0.438281 0.458594 0.4375 0.460156 0.4375 0.460938 0.436719 0.461719 0.436719 0.4625 0.435938 0.464063 0.435938 0.464844 0.435156 0.466406 0.435156 0.467188 0.434375 0.467969 0.434375 0.469531 0.432813 0.470313 0.432813 0.471094 0.432031 0.471875 0.432031 0.472656 0.43125 0.473438 0.43125 0.475781 0.428906 0.476562 0.428906 0.479688 0.425781 0.480469 0.425781 0.482031 0.424219 0.482031 0.422656 0.482813 0.421875 0.482813 0.420313 0.482031 0.419531 0.482031 0.417188 0.48125 0.416406 0.48125 0.4125 0.480469 0.411719 0.480469 0.409375 0.479688 0.408594 0.479688 0.407813 0.799093
0 0.767969 0.478125 0.766406 0.478125 0.760156 0.484375 0.759375 0.484375 0.757812 0.485938 0.755469 0.483594 0.754688 0.483594 0.753906 0.482813 0.753125 0.482813 0.752344 0.482031 0.75 0.482031 0.749219 0.482813 0.748438 0.482813 0.747656 0.483594 0.746094 0.483594 0.745313 0.484375 0.744531 0.484375 0.742969 0.485938 0.742188 0.485938 0.741406 0.486719 0.739844 0.486719 0.739063 0.4875 0.7375 0.4875 0.736719 0.488281 0.735156 0.488281 0.734375 0.489063 0.733594 0.489063 0.732813 0.489844 0.732031 0.489844 0.73125 0.490625 0.730469 0.490625 0.729688 0.491406 0.728906 0.491406 0.728125 0.492188 0.726562 0.492188 0.725781 0.492969 0.724219 0.492969 0.723438 0.49375 0.721094 0.49375 0.720313 0.494531 0.717188 0.494531 0.716406 0.495313 0.7125 0.495313 0.711719 0.496094 0.709375 0.496094 0.708594 0.496875 0.70625 0.496875 0.705469 0.497656 0.700781 0.497656 0.7 0.498438 0.691406 0.498438 0.690625 0.499219 0.679688 0.499219 0.678906 0.5 0.667969 0.5 0.667188 0.500781 0.621875 0.500781 0.621094 0.5 0.611719 0.5 0.610938 0.499219 0.597656 0.499219 0.596875 0.498438 0.585156 0.498438 0.584375 0.497656 0.575 0.497656 0.574219 0.496875 0.569531 0.496875 0.56875 0.496094 0.5625 0.496094 0.561719 0.495313 0.555469 0.495313 0.554688 0.494531 0.550781 0.494531 0.55 0.49375 0.547656 0.49375 0.546875 0.492969 0.54375 0.492969 0.542969 0.492188 0.539844 0.492188 0.539063 0.491406 0.536719 0.491406 0.535938 0.490625 0.533594 0.490625 0.532813 0.489844 0.530469 0.489844 0.529688 0.489063 0.528125 0.489063 0.527344 0.488281 0.525781 0.488281 0.525 0.4875 0.524219 0.4875 0.523438 0.486719 0.522656 0.486719 0.521875 0.485938 0.519531 0.485938 0.51875 0.485156 0.517188 0.485156 0.516406 0.484375 0.515625 0.484375 0.514844 0.483594 0.513281 0.483594 0.5125 0.482813 0.510938 0.482813 0.510156 0.482031 0.509375 0.482031 0.508594 0.48125 0.507812 0.48125 0.507031 0.480469 0.505469 0.480469 0.504688 0.479688 0.503906 0.479688 0.503125 0.478906 0.501563 0.478906 0.500781 0.478125 0.5 0.478125 0.498438 0.476562 0.497656 0.476562 0.496875 0.475781 0.494531 0.475781 0.49375 0.476562 0.494531 0.477344 0.494531 0.48125 0.495313 0.482031 0.495313 0.483594 0.496094 0.484375 0.496094 0.486719 0.496875 0.4875 0.496875 0.488281 0.498438 0.489844 0.498438 0.490625 0.499219 0.490625 0.501563 0.492969 0.502344 0.492969 0.503125 0.49375 0.503906 0.49375 0.504688 0.494531 0.505469 0.494531 0.507031 0.496094 0.507812 0.496094 0.508594 0.496875 0.509375 0.496875 0.510156 0.497656 0.510938 0.497656 0.511719 0.498438 0.5125 0.498438 0.513281 0.499219 0.514063 0.499219 0.514844 0.5 0.516406 0.5 0.517188 0.500781 0.517969 0.500781 0.51875 0.501563 0.520313 0.501563 0.521094 0.502344 0.521875 0.502344 0.522656 0.503125 0.524219 0.503125 0.525 0.503906 0.525781 0.503906 0.526563 0.504688 0.527344 0.504688 0.528125 0.505469 0.529688 0.505469 0.530469 0.50625 0.53125 0.50625 0.532031 0.507031 0.534375 0.507031 0.535156 0.507812 0.535938 0.507812 0.536719 0.508594 0.538281 0.508594 0.539063 0.509375 0.540625 0.509375 0.541406 0.510156 0.544531 0.510156 0.545313 0.510938 0.547656 0.510938 0.548438 0.511719 0.551563 0.511719 0.552344 0.5125 0.557031 0.5125 0.557813 0.513281 0.561719 0.513281 0.5625 0.514063 0.565625 0.514063 0.566406 0.514844 0.569531 0.514844 0.570313 0.515625 0.574219 0.515625 0.575 0.516406 0.58125 0.516406 0.582031 0.517188 0.589844 0.517188 0.590625 0.517969 0.597656 0.517969 0.598437 0.51875 0.613281 0.51875 0.614062 0.519531 0.667188 0.519531 0.667969 0.51875 0.684375 0.51875 0.685156 0.517969 0.6875 0.517969 0.688281 0.517188 0.689063 0.517188 0.689844 0.516406 0.69375 0.516406 0.694531 0.515625 0.699219 0.515625 0.7 0.514844 0.702344 0.514844 0.703125 0.514063 0.705469 0.514063 0.70625 0.513281 0.710156 0.513281 0.710938 0.5125 0.714063 0.5125 0.714844 0.511719 0.716406 0.511719 0.717188 0.510938 0.719531 0.510938 0.720313 0.510156 0.723438 0.510156 0.724219 0.509375 0.728125 0.509375 0.728906 0.508594 0.730469 0.508594 0.73125 0.507812 0.733594 0.507812 0.734375 0.507031 0.736719 0.507031 0.7375 0.50625 0.738281 0.50625 0.739063 0.505469 0.740625 0.505469 0.742188 0.503906 0.742969 0.503906 0.74375 0.503125 0.744531 0.503125 0.745313 0.502344 0.746094 0.502344 0.748438 0.5 0.749219 0.5 0.751563 0.497656 0.752344 0.497656 0.753125 0.496875 0.753125 0.496094 0.754688 0.494531 0.754688 0.49375 0.75625 0.492188 0.757031 0.492188 0.757812 0.491406 0.765625 0.491406 0.766406 0.490625 0.767188 0.490625 0.767969 0.489844 0.767969 0.478125 0.767188 0.470313 0.767969 0.469531 0.767969 0.465625 0.766406 0.465625 0.765625 0.466406 0.765625 0.467188 0.766406 0.467969 0.766406 0.469531 0.767188 0.470313 0.370754
0 0.482031 0.444531 0.48125 0.445312 0.480469 0.445312 0.478125 0.447656 0.477344 0.447656 0.476562 0.448438 0.475781 0.448438 0.474219 0.45 0.473438 0.45 0.472656 0.450781 0.471875 0.450781 0.471094 0.451563 0.470313 0.451563 0.469531 0.452344 0.46875 0.452344 0.467969 0.453125 0.467188 0.453125 0.466406 0.453906 0.465625 0.453906 0.464844 0.454688 0.463281 0.454688 0.4625 0.455469 0.460938 0.455469 0.460156 0.45625 0.459375 0.45625 0.458594 0.457031 0.457813 0.457031 0.457031 0.457813 0.453125 0.457813 0.452344 0.458594 0.450781 0.458594 0.45 0.459375 0.448438 0.459375 0.447656 0.460156 0.445312 0.460156 0.444531 0.460938 0.440625 0.460938 0.439844 0.461719 0.4375 0.461719 0.436719 0.4625 0.434375 0.4625 0.433594 0.463281 0.430469 0.463281 0.429688 0.464063 0.423438 0.464063 0.422656 0.464844 0.417188 0.464844 0.416406 0.465625 0.4125 0.465625 0.411719 0.466406 0.403906 0.466406 0.403125 0.467188 0.392188 0.467188 0.391406 0.467969 0.385156 0.467969 0.384375 0.46875 0.377344 0.46875 0.376563 0.469531 0.364063 0.469531 0.363281 0.470313 0.290625 0.470313 0.289844 0.469531 0.280469 0.469531 0.279688 0.46875 0.271875 0.46875 0.271094 0.467969 0.264844 0.467969 0.264063 0.467188 0.260156 0.467188 0.259375 0.466406 0.25625 0.466406 0.255469 0.465625 0.251563 0.465625 0.250781 0.464844 0.244531 0.464844 0.24375 0.464063 0.240625 0.464063 0.239844 0.463281 0.239063 0.463281 0.238281 0.4625 0.236719 0.4625 0.235938 0.461719 0.234375 0.461719 0.233594 0.460938 0.232031 0.460938 0.23125 0.460156 0.230469 0.460156 0.229688 0.459375 0.228125 0.459375 0.227344 0.458594 0.225781 0.458594 0.225 0.457813 0.223438 0.457813 0.222656 0.457031 0.221875 0.457031 0.221094 0.45625 0.220313 0.45625 0.219531 0.455469 0.216406 0.455469 0.215625 0.454688 0.213281 0.454688 0.2125 0.453906 0.211719 0.453906 0.211719 0.470313 0.211719 0.46875 0.2125 0.467969 0.214844 0.467969 0.215625 0.46875 0.217188 0.46875 0.217969 0.469531 0.21875 0.469531 0.219531 0.470313 0.220313 0.470313 0.221094 0.471094 0.221875 0.471094 0.222656 0.471875 0.223438 0.471875 0.224219 0.472656 0.225 0.472656 0.225781 0.473438 0.227344 0.473438 0.228906 0.475 0.230469 0.475 0.23125 0.475781 0.233594 0.475781 0.234375 0.476562 0.236719 0.476562 0.2375 0.477344 0.238281 0.477344 0.239063 0.478125 0.239844 0.478125 0.240625 0.478906 0.242969 0.478906 0.24375 0.479688 0.245313 0.479688 0.246094 0.480469 0.246875 0.480469 0.247656 0.48125 0.25 0.48125 0.250781 0.482031 0.253125 0.482031 0.253906 0.482813 0.258594 0.482813 0.259375 0.483594 0.264844 0.483594 0.265625 0.484375 0.275781 0.484375 0.276563 0.485156 0.286719 0.485156 0.2875 0.485938 0.29375 0.485938 0.294531 0.486719 0.301563 0.486719 0.302344 0.4875 0.370313 0.4875 0.371094 0.486719 0.375781 0.486719 0.376563 0.485938 0.38125 0.485938 0.382031 0.485156 0.389844 0.485156 0.390625 0.484375 0.397656 0.484375 0.398438 0.483594 0.40625 0.483594 0.407031 0.482813 0.414844 0.482813 0.415625 0.482031 0.422656 0.482031 0.423438 0.48125 0.426563 0.48125 0.427344 0.480469 0.429688 0.480469 0.430469 0.479688 0.432813 0.479688 0.433594 0.478906 0.438281 0.478906 0.439063 0.478125 0.440625 0.478125 0.441406 0.477344 0.44375 0.477344 0.444531 0.476562 0.447656 0.476562 0.448438 0.475781 0.451563 0.475781 0.452344 0.475 0.453906 0.475 0.454688 0.474219 0.45625 0.474219 0.457031 0.473438 0.457813 0.473438 0.458594 0.472656 0.460938 0.472656 0.461719 0.471875 0.4625 0.471875 0.463281 0.471094 0.464063 0.471094 0.465625 0.469531 0.467188 0.469531 0.467969 0.46875 0.46875 0.46875 0.471094 0.466406 0.471875 0.466406 0.472656 0.465625 0.473438 0.465625 0.475 0.464063 0.475781 0.464063 0.482813 0.457031 0.483594 0.457031 0.485156 0.455469 0.485156 0.454688 0.485938 0.453906 0.485938 0.453125 0.485156 0.452344 0.485156 0.45 0.484375 0.449219 0.484375 0.447656 0.483594 0.446875 0.483594 0.446094 0.482813 0.445312 0.482813 0.444531 0.324863
