0 0.683594 0.519531 0.683594 0.53125 0.684375 0.532031 0.684375 0.532813 0.6875 0.535938 0.688281 0.535938 0.689844 0.5375 0.690625 0.5375 0.692188 0.539063 0.692969 0.539063 0.69375 0.539844 0.694531 0.539844 0.695312 0.540625 0.696094 0.540625 0.696875 0.541406 0.697656 0.541406 0.698438 0.542188 0.699219 0.542188 0.700781 0.54375 0.702344 0.54375 0.703125 0.544531 0.703906 0.544531 0.70625 0.546875 0.707031 0.546875 0.707813 0.547656 0.708594 0.547656 0.709375 0.548438 0.710156 0.548438 0.710938 0.549219 0.711719 0.549219 0.7125 0.55 0.714063 0.55 0.714844 0.550781 0.716406 0.550781 0.717188 0.551563 0.719531 0.551563 0.720313 0.552344 0.722656 0.552344 0.723438 0.553125 0.724219 0.553125 0.725781 0.554688 0.728125 0.554688 0.728906 0.555469 0.730469 0.555469 0.73125 0.55625 0.736719 0.55625 0.7375 0.557031 0.739844 0.557031 0.740625 0.557813 0.742969 0.557813 0.74375 0.558594 0.746875 0.558594 0.747656 0.559375 0.753125 0.559375 0.753906 0.560156 0.761719 0.560156 0.7625 0.560938 0.76875 0.560938 0.769531 0.561719 0.832031 0.561719 0.832813 0.560938 0.84375 0.560938 0.844531 0.560156 0.850781 0.560156 0.851562 0.559375 0.854688 0.559375 0.855469 0.558594 0.859375 0.558594 0.860156 0.557813 0.8625 0.557813 0.863281 0.557031 0.864844 0.557031 0.865625 0.55625 0.867188 0.55625 0.867969 0.555469 0.86875 0.555469 0.869531 0.554688 0.870313 0.554688 0.871094 0.553906 0.871875 0.553906 0.872656 0.553125 0.874219 0.553125 0.875781 0.551563 0.877344 0.551563 0.878906 0.55 0.880469 0.55 0.88125 0.549219 0.882031 0.549219 0.883594 0.547656 0.883594 0.546875 0.884375 0.546094 0.884375 0.544531 0.885156 0.54375 0.885156 0.542969 0.885938 0.542188 0.885938 0.5375 0.886719 0.536719 0.886719 0.533594 0.885938 0.532813 0.885938 0.53125 0.886719 0.530469 0.886719 0.523438 0.886719 0.524219 0.885938 0.525 0.885938 0.527344 0.885156 0.528125 0.885156 0.532031 0.882031 0.535156 0.882031 0.535938 0.88125 0.536719 0.880469 0.536719 0.878906 0.538281 0.878125 0.538281 0.877344 0.539063 0.876563 0.539063 0.875781 0.539844 0.875 0.539844 0.873438 0.541406 0.871875 0.541406 0.871094 0.542188 0.869531 0.542188 0.86875 0.542969 0.867969 0.542969 0.867188 0.54375 0.865625 0.54375 0.864844 0.544531 0.861719 0.544531 0.860938 0.545313 0.857813 0.545313 0.857031 0.546094 0.854688 0.546094 0.853906 0.546875 0.851562 0.546875 0.850781 0.547656 0.846875 0.547656 0.846094 0.548438 0.839063 0.548438 0.838281 0.549219 0.832031 0.549219 0.83125 0.55 0.821094 0.55 0.820312 0.550781 0.810938 0.550781 0.810156 0.55 0.788281 0.55 0.7875 0.549219 0.778906 0.549219 0.778125 0.548438 0.770313 0.548438 0.769531 0.547656 0.7625 0.547656 0.761719 0.546875 0.757031 0.546875 0.75625 0.546094 0.749219 0.546094 0.748438 0.545313 0.74375 0.545313 0.742969 0.544531 0.739844 0.544531 0.739063 0.54375 0.7375 0.54375 0.736719 0.542969 0.734375 0.542969 0.733594 0.542188 0.730469 0.542188 0.729688 0.541406 0.727344 0.541406 0.726562 0.540625 0.725 0.540625 0.724219 0.539844 0.722656 0.539844 0.721875 0.539063 0.719531 0.539063 0.71875 0.538281 0.717188 0.538281 0.716406 0.5375 0.714844 0.5375 0.714063 0.536719 0.713281 0.536719 0.7125 0.535938 0.710156 0.535938 0.709375 0.535156 0.707813 0.535156 0.707031 0.534375 0.70625 0.534375 0.705469 0.533594 0.704688 0.533594 0.703906 0.532813 0.703125 0.532813 0.702344 0.532031 0.700781 0.532031 0.699219 0.530469 0.698438 0.530469 0.697656 0.529688 0.696094 0.529688 0.695312 0.528906 0.69375 0.528906 0.691406 0.526563 0.690625 0.526563 0.689063 0.525 0.688281 0.525 0.685156 0.521875 0.685156 0.521094 0.957608
0 0.266406 0.547656 0.273438 0.547656 0.266406 0.547656 0.192969 0.546094 0.19375 0.546875 0.195312 0.546875 0.196094 0.547656 0.197656 0.553125 0.197656 0.553906 0.198438 0.554688 0.199219 0.554688 0.2 0.555469 0.202344 0.555469 0.203125 0.55625 0.203906 0.55625 0.204688 0.557031 0.205469 0.557031 0.20625 0.557813 0.207813 0.557813 0.208594 0.558594 0.211719 0.558594 0.2125 0.559375 0.214063 0.559375 0.214844 0.560156 0.215625 0.560156 0.216406 0.560938 0.217188 0.560938 0.217969 0.561719 0.219531 0.561719 0.220313 0.5625 0.225 0.5625 0.225781 0.563281 0.228906 0.563281 0.229688 0.564063 0.230469 0.564063 0.23125 0.564844 0.233594 0.564844 0.234375 0.565625 0.236719 0.565625 0.2375 0.566406 0.238281 0.566406 0.239063 0.567188 0.344531 0.567188 0.345313 0.566406 0.346094 0.566406 0.348438 0.564063 0.35 0.564063 0.350781 0.563281 0.351562 0.563281 0.347656 0.563281 0.346875 0.5625 0.344531 0.5625 0.34375 0.561719 0.339844 0.561719 0.339063 0.560938 0.3375 0.560938 0.336719 0.560156 0.338281 0.558594 0.339063 0.558594 0.339063 0.557813 0.339844 0.557031 0.342188 0.557031 0.342969 0.55625 0.345313 0.55625 0.346094 0.555469 0.347656 0.555469 0.348438 0.554688 0.35 0.554688 0.350781 0.553906 0.352344 0.553906 0.353125 0.553125 0.354688 0.553125 0.355469 0.552344 0.357031 0.552344 0.357813 0.551563 0.358594 0.551563 0.361719 0.548438 0.364063 0.548438 0.363281 0.548438 0.3625 0.547656 0.360938 0.547656 0.359375 0.546094 0.359375 0.544531 0.364844 0.539063 0.365625 0.539063 0.367188 0.5375 0.367969 0.538281 0.370313 0.538281 0.370313 0.535938 0.371094 0.535156 0.371094 0.534375 0.372656 0.532813 0.373438 0.532813 0.375781 0.535156 0.375781 0.535938 0.375 0.536719 0.375 0.539063 0.373438 0.540625 0.372656 0.540625 0.372656 0.541406 0.371875 0.542188 0.372656 0.542969 0.372656 0.54375 0.373438 0.54375 0.375 0.542188 0.375781 0.542188 0.376563 0.541406 0.378906 0.541406 0.382031 0.538281 0.382031 0.530469 0.380469 0.528906 0.380469 0.527344 0.379688 0.526563 0.379688 0.525781 0.378906 0.525 0.378906 0.525781 0.375 0.529688 0.374219 0.529688 0.374219 0.530469 0.372656 0.532031 0.370313 0.532031 0.36875 0.533594 0.36875 0.534375 0.367969 0.535156 0.366406 0.535156 0.365625 0.535938 0.364063 0.535938 0.363281 0.536719 0.3625 0.536719 0.361719 0.5375 0.360938 0.5375 0.360156 0.538281 0.357031 0.538281 0.35625 0.539063 0.354688 0.539063 0.353906 0.539844 0.351562 0.539844 0.350781 0.540625 0.349219 0.540625 0.348438 0.541406 0.345313 0.541406 0.344531 0.542188 0.342969 0.542188 0.342188 0.542969 0.339844 0.542969 0.339063 0.54375 0.3375 0.54375 0.336719 0.544531 0.335938 0.544531 0.335156 0.545313 0.332813 0.545313 0.332031 0.546094 0.330469 0.546094 0.329688 0.546875 0.328125 0.546875 0.327344 0.547656 0.325781 0.547656 0.325 0.548438 0.323438 0.548438 0.322656 0.549219 0.320312 0.549219 0.319531 0.55 0.317188 0.55 0.316406 0.550781 0.3125 0.550781 0.311719 0.551563 0.308594 0.551563 0.307813 0.552344 0.30625 0.552344 0.305469 0.553125 0.303125 0.553125 0.302344 0.553906 0.298438 0.553906 0.297656 0.554688 0.278125 0.554688 0.277344 0.553906 0.266406 0.553906 0.265625 0.554688 0.261719 0.554688 0.260938 0.553906 0.260156 0.553906 0.259375 0.554688 0.25625 0.554688 0.255469 0.553906 0.253906 0.553906 0.253125 0.554688 0.25 0.554688 0.249219 0.553906 0.246094 0.553906 0.245313 0.554688 0.242969 0.554688 0.242188 0.553906 0.228906 0.553906 0.228125 0.553125 0.225781 0.553125 0.225 0.552344 0.217188 0.552344 0.216406 0.553125 0.214063 0.553125 0.213281 0.553906 0.207813 0.553906 0.207031 0.553125 0.204688 0.553125 0.203906 0.552344 0.203125 0.552344 0.202344 0.551563 0.2 0.551563 0.199219 0.552344 0.198438 0.552344 0.197656 0.553125 0.196094 0.547656 0.196875 0.547656 0.197656 0.548438 0.196875 0.549219 0.196875 0.55 0.195312 0.551563 0.192969 0.549219 0.192188 0.549219 0.191406 0.548438 0.190625 0.548438 0.189844 0.547656 0.189844 0.546875 0.189063 0.546094 0.188281 0.546094 0.1875 0.546875 0.1875 0.547656 0.185156 0.547656 0.182813 0.545313 0.182813 0.536719 0.182813 0.538281 0.184375 0.539844 0.184375 0.540625 0.185156 0.541406 0.185938 0.541406 0.185938 0.542188 0.186719 0.542969 0.186719 0.54375 0.1875 0.544531 0.188281 0.544531 0.189063 0.545313 0.189844 0.545313 0.190625 0.546094 0.192969 0.546094 0.956578
0 0.382812 0.557031 0.382812 0.557813 0.382031 0.558594 0.382031 0.560156 0.38125 0.560938 0.38125 0.561719 0.373438 0.569531 0.372656 0.569531 0.371875 0.570313 0.370313 0.570313 0.36875 0.571875 0.367969 0.571875 0.366406 0.573438 0.364844 0.573438 0.363281 0.575 0.3625 0.575 0.361719 0.575781 0.360938 0.575781 0.360156 0.576563 0.357813 0.576563 0.357031 0.577344 0.35625 0.577344 0.355469 0.578125 0.354688 0.578125 0.353906 0.578906 0.350781 0.578906 0.35 0.579688 0.347656 0.579688 0.346875 0.580469 0.345313 0.580469 0.344531 0.58125 0.342969 0.58125 0.342188 0.582031 0.339844 0.582031 0.339063 0.582813 0.335156 0.582813 0.334375 0.583594 0.332813 0.583594 0.332031 0.584375 0.329688 0.584375 0.328906 0.585156 0.324219 0.585156 0.323438 0.585938 0.31875 0.585938 0.317969 0.586719 0.314844 0.586719 0.314063 0.5875 0.311719 0.5875 0.310937 0.588281 0.305469 0.588281 0.304688 0.589063 0.296875 0.589063 0.296094 0.589844 0.290625 0.589844 0.289844 0.590625 0.280469 0.590625 0.279688 0.591406 0.258594 0.591406 0.257812 0.590625 0.248438 0.590625 0.247656 0.589844 0.239063 0.589844 0.238281 0.589063 0.232031 0.589063 0.23125 0.588281 0.228125 0.588281 0.227344 0.5875 0.225 0.5875 0.224219 0.586719 0.221875 0.586719 0.221094 0.585938 0.21875 0.585938 0.217969 0.585156 0.217188 0.585156 0.216406 0.584375 0.214844 0.584375 0.214063 0.583594 0.213281 0.583594 0.2125 0.582813 0.210938 0.582813 0.210156 0.582031 0.209375 0.582031 0.208594 0.58125 0.207813 0.58125 0.207031 0.580469 0.20625 0.580469 0.205469 0.579688 0.204688 0.579688 0.203906 0.578906 0.202344 0.578906 0.201563 0.578125 0.200781 0.578125 0.2 0.577344 0.199219 0.577344 0.198438 0.576563 0.197656 0.576563 0.195312 0.574219 0.194531 0.574219 0.192969 0.572656 0.192969 0.585156 0.19375 0.585938 0.19375 0.586719 0.195312 0.588281 0.196094 0.588281 0.197656 0.589844 0.198438 0.589844 0.2 0.591406 0.201563 0.591406 0.202344 0.592188 0.203906 0.592188 0.204688 0.592969 0.20625 0.592969 0.207031 0.59375 0.208594 0.59375 0.209375 0.594531 0.211719 0.594531 0.2125 0.595313 0.214063 0.595313 0.214844 0.596094 0.216406 0.596094 0.217188 0.596875 0.21875 0.596875 0.219531 0.597656 0.221875 0.597656 0.222656 0.598437 0.225781 0.598437 0.226562 0.599219 0.229688 0.599219 0.230469 0.6 0.234375 0.6 0.235156 0.600781 0.241406 0.600781 0.242188 0.601562 0.249219 0.601562 0.25 0.602344 0.257812 0.602344 0.258594 0.603125 0.294531 0.603125 0.295313 0.602344 0.299219 0.602344 0.3 0.601562 0.304688 0.601562 0.305469 0.600781 0.3125 0.600781 0.313281 0.6 0.317188 0.6 0.317969 0.599219 0.321094 0.599219 0.321875 0.598437 0.325 0.598437 0.325781 0.597656 0.330469 0.597656 0.33125 0.596875 0.334375 0.596875 0.335156 0.596094 0.3375 0.596094 0.338281 0.595313 0.340625 0.595313 0.341406 0.594531 0.34375 0.594531 0.344531 0.59375 0.346875 0.59375 0.347656 0.592969 0.348438 0.592969 0.349219 0.592188 0.350781 0.592188 0.351562 0.591406 0.353906 0.591406 0.354688 0.590625 0.35625 0.590625 0.357031 0.589844 0.357813 0.589844 0.358594 0.589063 0.360156 0.589063 0.360938 0.588281 0.3625 0.588281 0.363281 0.5875 0.364063 0.5875 0.365625 0.585938 0.366406 0.585938 0.367188 0.585156 0.367969 0.585156 0.36875 0.584375 0.369531 0.584375 0.370313 0.583594 0.371094 0.583594 0.372656 0.582031 0.373438 0.582031 0.375 0.580469 0.375781 0.580469 0.377344 0.578906 0.378125 0.578906 0.380469 0.576563 0.38125 0.576563 0.384375 0.573438 0.385156 0.573438 0.386719 0.571875 0.386719 0.557031 0.955285
0 0.690625 0.553906 0.688281 0.55625 0.688281 0.557031 0.689063 0.557813 0.689844 0.557813 0.690625 0.558594 0.690625 0.559375 0.691406 0.560156 0.691406 0.560938 0.692969 0.560938 0.69375 0.561719 0.694531 0.561719 0.696094 0.563281 0.696875 0.563281 0.697656 0.564063 0.698438 0.564063 0.699219 0.564844 0.7 0.564844 0.701563 0.566406 0.702344 0.566406 0.703125 0.567188 0.703906 0.567188 0.704688 0.567969 0.707031 0.567969 0.707813 0.56875 0.709375 0.56875 0.710156 0.569531 0.710938 0.569531 0.711719 0.570313 0.7125 0.570313 0.713281 0.571094 0.714844 0.571094 0.715625 0.571875 0.717188 0.571875 0.717969 0.572656 0.71875 0.572656 0.719531 0.573438 0.721094 0.573438 0.721875 0.574219 0.724219 0.574219 0.725 0.575 0.728906 0.575 0.729688 0.575781 0.783594 0.575781 0.784375 0.575 0.789062 0.575 0.789844 0.574219 0.825781 0.574219 0.826563 0.573438 0.833594 0.573438 0.834375 0.572656 0.840625 0.572656 0.841406 0.571875 0.845313 0.571875 0.846094 0.571094 0.848438 0.571094 0.849219 0.570313 0.851562 0.570313 0.852344 0.569531 0.854688 0.569531 0.855469 0.56875 0.857813 0.56875 0.858594 0.567969 0.859375 0.567969 0.860156 0.567188 0.861719 0.567188 0.8625 0.566406 0.864063 0.566406 0.864844 0.565625 0.865625 0.565625 0.866406 0.564844 0.867188 0.564844 0.86875 0.563281 0.869531 0.563281 0.870313 0.5625 0.871094 0.5625 0.872656 0.560938 0.873438 0.560938 0.874219 0.560156 0.875 0.560156 0.878906 0.55625 0.878906 0.555469 0.88125 0.553125 0.88125 0.552344 0.882031 0.551563 0.882031 0.550781 0.878906 0.550781 0.878125 0.551563 0.877344 0.551563 0.876563 0.552344 0.875781 0.552344 0.875 0.553125 0.874219 0.553125 0.873438 0.553906 0.871875 0.553906 0.871094 0.554688 0.869531 0.554688 0.86875 0.555469 0.867969 0.555469 0.867188 0.55625 0.865625 0.55625 0.864844 0.557031 0.861719 0.557031 0.860938 0.557813 0.857031 0.557813 0.85625 0.558594 0.853906 0.558594 0.853125 0.559375 0.85 0.559375 0.849219 0.560156 0.844531 0.560156 0.84375 0.560938 0.836719 0.560938 0.835938 0.561719 0.803125 0.561719 0.802344 0.5625 0.795313 0.5625 0.794531 0.561719 0.775 0.561719 0.774219 0.560938 0.760938 0.560938 0.760156 0.560156 0.746094 0.560156 0.745313 0.559375 0.740625 0.559375 0.739063 0.560938 0.739063 0.563281 0.738281 0.564063 0.7375 0.564063 0.736719 0.563281 0.732031 0.563281 0.73125 0.5625 0.729688 0.5625 0.728906 0.561719 0.725781 0.561719 0.725 0.560938 0.724219 0.560938 0.723438 0.560156 0.716406 0.560156 0.715625 0.559375 0.7125 0.559375 0.711719 0.558594 0.707031 0.558594 0.70625 0.557813 0.704688 0.557813 0.703906 0.557031 0.703125 0.557031 0.702344 0.55625 0.701563 0.55625 0.700781 0.555469 0.699219 0.555469 0.698438 0.554688 0.696875 0.554688 0.696094 0.553906 0.690625 0.553906 0.684375 0.548438 0.684375 0.545313 0.683594 0.544531 0.683594 0.54375 0.682813 0.542969 0.682813 0.541406 0.682031 0.540625 0.682031 0.539844 0.680469 0.539844 0.680469 0.545313 0.68125 0.546094 0.68125 0.547656 0.682031 0.548438 0.682031 0.549219 0.682813 0.55 0.684375 0.548438 0.953906
0 0.685156 0.490625 0.685156 0.503125 0.685938 0.503906 0.686719 0.503906 0.6875 0.504688 0.688281 0.504688 0.689063 0.505469 0.689844 0.505469 0.690625 0.50625 0.691406 0.50625 0.692188 0.507031 0.692969 0.507031 0.69375 0.507812 0.694531 0.507812 0.695312 0.508594 0.696094 0.508594 0.696875 0.509375 0.697656 0.509375 0.698438 0.510156 0.7 0.510156 0.700781 0.510938 0.703125 0.510938 0.703906 0.511719 0.704688 0.511719 0.705469 0.5125 0.707031 0.5125 0.707813 0.513281 0.710938 0.513281 0.711719 0.514063 0.714063 0.514063 0.714844 0.514844 0.717188 0.514844 0.717969 0.515625 0.719531 0.515625 0.720313 0.516406 0.724219 0.516406 0.725 0.517188 0.727344 0.517188 0.728125 0.517969 0.730469 0.517969 0.73125 0.51875 0.733594 0.51875 0.734375 0.519531 0.739063 0.519531 0.739844 0.520313 0.744531 0.520313 0.745313 0.521094 0.747656 0.521094 0.748438 0.521875 0.752344 0.521875 0.753125 0.522656 0.757031 0.522656 0.757812 0.523438 0.763281 0.523438 0.764063 0.524219 0.770313 0.524219 0.771094 0.525 0.779688 0.525 0.780469 0.525781 0.8375 0.525781 0.838281 0.525 0.846875 0.525 0.847656 0.524219 0.850781 0.524219 0.851562 0.523438 0.853906 0.523438 0.854688 0.522656 0.857813 0.522656 0.858594 0.521875 0.861719 0.521875 0.8625 0.521094 0.864063 0.521094 0.864844 0.520313 0.866406 0.520313 0.867188 0.519531 0.86875 0.519531 0.869531 0.51875 0.870313 0.51875 0.871094 0.517969 0.871875 0.517969 0.872656 0.517188 0.873438 0.517188 0.874219 0.516406 0.875 0.516406 0.876563 0.514844 0.877344 0.514844 0.878125 0.514063 0.878906 0.514063 0.880469 0.5125 0.88125 0.5125 0.883594 0.510156 0.884375 0.510156 0.884375 0.509375 0.885938 0.507812 0.885938 0.507031 0.886719 0.50625 0.886719 0.503906 0.884375 0.503906 0.883594 0.504688 0.882031 0.504688 0.88125 0.505469 0.880469 0.505469 0.879688 0.50625 0.878906 0.50625 0.878125 0.507031 0.876563 0.507031 0.875781 0.507812 0.872656 0.507812 0.871875 0.508594 0.871094 0.508594 0.870313 0.509375 0.86875 0.509375 0.867969 0.510156 0.865625 0.510156 0.864844 0.510938 0.861719 0.510938 0.860938 0.511719 0.857813 0.511719 0.857031 0.5125 0.852344 0.5125 0.851562 0.513281 0.846094 0.513281 0.845313 0.514063 0.823438 0.514063 0.822656 0.514844 0.796875 0.514844 0.796094 0.514063 0.776563 0.514063 0.775781 0.513281 0.763281 0.513281 0.7625 0.5125 0.757812 0.5125 0.757031 0.511719 0.753906 0.511719 0.753125 0.510938 0.748438 0.510938 0.747656 0.510156 0.741406 0.510156 0.740625 0.509375 0.738281 0.509375 0.7375 0.508594 0.735156 0.508594 0.734375 0.507812 0.729688 0.507812 0.728906 0.507031 0.725781 0.507031 0.725 0.50625 0.723438 0.50625 0.722656 0.505469 0.721094 0.505469 0.720313 0.504688 0.717188 0.504688 0.716406 0.503906 0.714063 0.503906 0.713281 0.503125 0.7125 0.503125 0.711719 0.502344 0.710156 0.502344 0.709375 0.501563 0.707813 0.501563 0.707031 0.500781 0.705469 0.500781 0.704688 0.5 0.703906 0.5 0.703125 0.499219 0.701563 0.499219 0.700781 0.498438 0.699219 0.498438 0.698438 0.497656 0.696875 0.497656 0.696094 0.496875 0.695312 0.496875 0.694531 0.496094 0.69375 0.496094 0.692969 0.495313 0.692188 0.495313 0.691406 0.494531 0.690625 0.494531 0.689063 0.492969 0.688281 0.492969 0.6875 0.492188 0.686719 0.492188 0.94956
0 0.684375 0.510938 0.684375 0.517188 0.685156 0.517969 0.685156 0.51875 0.685938 0.519531 0.685938 0.521094 0.686719 0.521875 0.686719 0.522656 0.689063 0.525 0.689844 0.525 0.691406 0.526563 0.692188 0.526563 0.69375 0.528125 0.694531 0.528125 0.695312 0.528906 0.696875 0.528906 0.697656 0.529688 0.698438 0.529688 0.699219 0.530469 0.7 0.530469 0.700781 0.53125 0.701563 0.53125 0.702344 0.532031 0.703906 0.532031 0.704688 0.532813 0.705469 0.532813 0.70625 0.533594 0.707031 0.533594 0.707813 0.534375 0.708594 0.534375 0.709375 0.535156 0.711719 0.535156 0.7125 0.535938 0.714063 0.535938 0.714844 0.536719 0.715625 0.536719 0.716406 0.5375 0.717969 0.5375 0.71875 0.538281 0.721094 0.538281 0.721875 0.539063 0.723438 0.539063 0.724219 0.539844 0.725781 0.539844 0.726562 0.540625 0.728125 0.540625 0.728906 0.541406 0.732031 0.541406 0.732813 0.542188 0.735156 0.542188 0.735938 0.542969 0.7375 0.542969 0.738281 0.54375 0.740625 0.54375 0.741406 0.544531 0.746094 0.544531 0.746875 0.545313 0.750781 0.545313 0.751563 0.546094 0.757031 0.546094 0.757812 0.546875 0.764844 0.546875 0.765625 0.547656 0.773438 0.547656 0.774219 0.548438 0.779688 0.548438 0.780469 0.549219 0.792188 0.549219 0.792969 0.55 0.828125 0.55 0.828906 0.549219 0.835156 0.549219 0.835938 0.548438 0.841406 0.548438 0.842188 0.547656 0.849219 0.547656 0.85 0.546875 0.853125 0.546875 0.853906 0.546094 0.85625 0.546094 0.857031 0.545313 0.859375 0.545313 0.860156 0.544531 0.863281 0.544531 0.864063 0.54375 0.866406 0.54375 0.867188 0.542969 0.867969 0.542969 0.86875 0.542188 0.869531 0.542188 0.870313 0.541406 0.871875 0.541406 0.872656 0.540625 0.873438 0.540625 0.875 0.539063 0.875781 0.539063 0.876563 0.538281 0.877344 0.538281 0.878906 0.536719 0.879688 0.536719 0.882812 0.533594 0.883594 0.533594 0.884375 0.532813 0.885156 0.532813 0.885156 0.532031 0.885938 0.53125 0.885938 0.528125 0.886719 0.527344 0.886719 0.525 0.885938 0.524219 0.885938 0.522656 0.885156 0.522656 0.885156 0.523438 0.883594 0.525 0.882812 0.525 0.882031 0.525781 0.88125 0.525781 0.880469 0.526563 0.879688 0.526563 0.878125 0.528125 0.877344 0.528125 0.876563 0.528906 0.875781 0.528906 0.875 0.529688 0.873438 0.529688 0.872656 0.530469 0.871875 0.530469 0.871094 0.53125 0.870313 0.53125 0.869531 0.532031 0.867969 0.532031 0.867188 0.532813 0.864063 0.532813 0.863281 0.533594 0.860938 0.533594 0.860156 0.534375 0.857813 0.534375 0.857031 0.535156 0.854688 0.535156 0.853906 0.535938 0.85 0.535938 0.849219 0.536719 0.84375 0.536719 0.842969 0.5375 0.838281 0.5375 0.8375 0.538281 0.828906 0.538281 0.828125 0.539063 0.795313 0.539063 0.794531 0.538281 0.786719 0.538281 0.785938 0.5375 0.78125 0.5375 0.780469 0.536719 0.775781 0.536719 0.775 0.535938 0.766406 0.535938 0.765625 0.535156 0.760156 0.535156 0.759375 0.534375 0.753125 0.534375 0.752344 0.533594 0.746875 0.533594 0.746094 0.532813 0.739063 0.532813 0.738281 0.532031 0.735156 0.532031 0.734375 0.53125 0.732813 0.53125 0.732031 0.530469 0.729688 0.530469 0.728906 0.529688 0.724219 0.529688 0.723438 0.528906 0.721094 0.528906 0.720313 0.528125 0.719531 0.528125 0.71875 0.527344 0.717188 0.527344 0.716406 0.526563 0.714063 0.526563 0.713281 0.525781 0.711719 0.525781 0.710938 0.525 0.710156 0.525 0.709375 0.524219 0.708594 0.524219 0.707813 0.523438 0.705469 0.523438 0.704688 0.522656 0.703125 0.522656 0.702344 0.521875 0.701563 0.521875 0.700781 0.521094 0.7 0.521094 0.699219 0.520313 0.697656 0.520313 0.696875 0.519531 0.695312 0.519531 0.694531 0.51875 0.69375 0.51875 0.692188 0.517188 0.691406 0.517188 0.689063 0.514844 0.689063 0.514063 0.688281 0.513281 0.6875 0.513281 0.685156 0.510938 0.943886
0 0.682031 0.467969 0.682031 0.478906 0.685156 0.478906 0.685938 0.479688 0.686719 0.479688 0.688281 0.48125 0.689063 0.48125 0.689844 0.482031 0.690625 0.482031 0.691406 0.482813 0.692188 0.482813 0.69375 0.484375 0.694531 0.484375 0.695312 0.485156 0.696875 0.485156 0.697656 0.485938 0.699219 0.485938 0.7 0.486719 0.701563 0.486719 0.702344 0.4875 0.703906 0.4875 0.704688 0.488281 0.70625 0.488281 0.707031 0.489063 0.708594 0.489063 0.709375 0.489844 0.710938 0.489844 0.711719 0.490625 0.714063 0.490625 0.714844 0.491406 0.717969 0.491406 0.71875 0.492188 0.721094 0.492188 0.721875 0.492969 0.723438 0.492969 0.724219 0.49375 0.727344 0.49375 0.728125 0.494531 0.732031 0.494531 0.732813 0.495313 0.735938 0.495313 0.736719 0.496094 0.739063 0.496094 0.739844 0.496875 0.74375 0.496875 0.744531 0.497656 0.749219 0.497656 0.75 0.498438 0.753125 0.498438 0.753906 0.499219 0.757812 0.499219 0.758594 0.5 0.767188 0.5 0.767969 0.500781 0.780469 0.500781 0.78125 0.501563 0.791406 0.501563 0.792188 0.502344 0.823438 0.502344 0.824219 0.501563 0.834375 0.501563 0.835156 0.500781 0.844531 0.500781 0.845313 0.5 0.851562 0.5 0.852344 0.499219 0.85625 0.499219 0.857031 0.498438 0.861719 0.498438 0.8625 0.497656 0.866406 0.497656 0.867188 0.496875 0.869531 0.496875 0.870313 0.496094 0.872656 0.496094 0.873438 0.495313 0.875 0.495313 0.875781 0.494531 0.876563 0.494531 0.877344 0.49375 0.878906 0.49375 0.879688 0.492969 0.880469 0.492969 0.88125 0.492188 0.882812 0.492188 0.884375 0.490625 0.885156 0.490625 0.885938 0.489844 0.886719 0.489844 0.8875 0.489063 0.888281 0.489063 0.890625 0.486719 0.890625 0.484375 0.891406 0.483594 0.891406 0.48125 0.890625 0.480469 0.890625 0.478906 0.889063 0.477344 0.888281 0.478125 0.8875 0.478125 0.886719 0.478906 0.885938 0.478906 0.885156 0.479688 0.884375 0.479688 0.883594 0.480469 0.882812 0.480469 0.882031 0.48125 0.88125 0.48125 0.880469 0.482031 0.878906 0.482031 0.878125 0.482813 0.875781 0.482813 0.875 0.483594 0.872656 0.483594 0.871875 0.484375 0.869531 0.484375 0.86875 0.485156 0.864844 0.485156 0.864063 0.485938 0.859375 0.485938 0.858594 0.486719 0.85625 0.486719 0.855469 0.4875 0.851562 0.4875 0.850781 0.488281 0.84375 0.488281 0.842969 0.489063 0.834375 0.489063 0.833594 0.489844 0.808594 0.489844 0.807813 0.490625 0.807031 0.490625 0.80625 0.489844 0.777344 0.489844 0.776563 0.489063 0.763281 0.489063 0.7625 0.488281 0.757031 0.488281 0.75625 0.4875 0.750781 0.4875 0.75 0.486719 0.746875 0.486719 0.746094 0.485938 0.741406 0.485938 0.740625 0.485156 0.7375 0.485156 0.736719 0.484375 0.734375 0.484375 0.733594 0.483594 0.730469 0.483594 0.729688 0.482813 0.725781 0.482813 0.725 0.482031 0.721875 0.482031 0.721094 0.48125 0.71875 0.48125 0.717969 0.480469 0.716406 0.480469 0.715625 0.479688 0.7125 0.479688 0.711719 0.478906 0.710156 0.478906 0.709375 0.478125 0.707813 0.478125 0.707031 0.477344 0.705469 0.477344 0.704688 0.476562 0.703125 0.476562 0.702344 0.475781 0.700781 0.475781 0.7 0.475 0.699219 0.475 0.698438 0.474219 0.697656 0.474219 0.696875 0.473438 0.694531 0.473438 0.69375 0.472656 0.692969 0.472656 0.692188 0.471875 0.691406 0.471875 0.690625 0.471094 0.689844 0.471094 0.689063 0.470313 0.6875 0.470313 0.686719 0.469531 0.685938 0.469531 0.685156 0.46875 0.683594 0.46875 0.682813 0.467969 0.937001
0 0.683594 0.45625 0.683594 0.467969 0.685156 0.467969 0.685938 0.46875 0.686719 0.46875 0.6875 0.469531 0.689063 0.469531 0.689844 0.470313 0.690625 0.470313 0.691406 0.471094 0.692188 0.471094 0.692969 0.471875 0.694531 0.471875 0.695312 0.472656 0.696875 0.472656 0.697656 0.473438 0.698438 0.473438 0.699219 0.474219 0.700781 0.474219 0.701563 0.475 0.702344 0.475 0.703125 0.475781 0.704688 0.475781 0.705469 0.476562 0.707031 0.476562 0.707813 0.477344 0.709375 0.477344 0.710156 0.478125 0.711719 0.478125 0.7125 0.478906 0.714844 0.478906 0.715625 0.479688 0.717188 0.479688 0.717969 0.480469 0.720313 0.480469 0.721094 0.48125 0.723438 0.48125 0.724219 0.482031 0.728906 0.482031 0.729688 0.482813 0.732813 0.482813 0.733594 0.483594 0.735938 0.483594 0.736719 0.484375 0.740625 0.484375 0.741406 0.485156 0.745313 0.485156 0.746094 0.485938 0.75 0.485938 0.750781 0.486719 0.755469 0.486719 0.75625 0.4875 0.761719 0.4875 0.7625 0.488281 0.770313 0.488281 0.771094 0.489063 0.790625 0.489063 0.791406 0.489844 0.81875 0.489844 0.819531 0.489063 0.835938 0.489063 0.836719 0.488281 0.84375 0.488281 0.844531 0.4875 0.85 0.4875 0.850781 0.486719 0.854688 0.486719 0.855469 0.485938 0.859375 0.485938 0.860156 0.485156 0.863281 0.485156 0.864063 0.484375 0.867969 0.484375 0.86875 0.483594 0.871875 0.483594 0.872656 0.482813 0.875 0.482813 0.875781 0.482031 0.878125 0.482031 0.878906 0.48125 0.880469 0.48125 0.88125 0.480469 0.882031 0.480469 0.882812 0.479688 0.883594 0.479688 0.884375 0.478906 0.885156 0.478906 0.885938 0.478125 0.886719 0.478125 0.890625 0.474219 0.890625 0.473438 0.891406 0.472656 0.891406 0.464063 0.890625 0.464844 0.888281 0.464844 0.8875 0.465625 0.886719 0.465625 0.885938 0.466406 0.885156 0.466406 0.884375 0.467188 0.883594 0.467188 0.882812 0.467969 0.882031 0.467969 0.88125 0.46875 0.879688 0.46875 0.878906 0.469531 0.878125 0.469531 0.877344 0.470313 0.875781 0.470313 0.875 0.471094 0.874219 0.471094 0.873438 0.471875 0.871875 0.471875 0.871094 0.472656 0.86875 0.472656 0.867969 0.473438 0.864063 0.473438 0.863281 0.474219 0.854688 0.474219 0.853906 0.475 0.849219 0.475 0.848438 0.475781 0.842969 0.475781 0.842188 0.476562 0.833594 0.476562 0.832813 0.477344 0.823438 0.477344 0.822656 0.478125 0.81875 0.478125 0.817969 0.477344 0.801563 0.477344 0.800781 0.476562 0.777344 0.476562 0.776563 0.475781 0.7625 0.475781 0.761719 0.475 0.757812 0.475 0.757031 0.474219 0.753125 0.474219 0.752344 0.473438 0.746094 0.473438 0.745313 0.472656 0.739844 0.472656 0.739063 0.471875 0.736719 0.471875 0.735938 0.471094 0.732031 0.471094 0.73125 0.470313 0.727344 0.470313 0.726562 0.469531 0.722656 0.469531 0.721875 0.46875 0.71875 0.46875 0.717969 0.467969 0.714844 0.467969 0.714063 0.467188 0.711719 0.467188 0.710938 0.466406 0.708594 0.466406 0.707813 0.465625 0.70625 0.465625 0.705469 0.464844 0.703906 0.464844 0.703125 0.464063 0.701563 0.464063 0.700781 0.463281 0.699219 0.463281 0.698438 0.4625 0.696875 0.4625 0.696094 0.461719 0.695312 0.461719 0.694531 0.460938 0.692188 0.460938 0.691406 0.460156 0.690625 0.460156 0.689844 0.459375 0.689063 0.459375 0.688281 0.458594 0.6875 0.458594 0.686719 0.457813 0.685938 0.457813 0.684375 0.45625 0.936623
0 0.375781 0.49375 0.374219 0.495313 0.372656 0.495313 0.369531 0.498438 0.367969 0.498438 0.366406 0.5 0.365625 0.5 0.364844 0.500781 0.364063 0.500781 0.363281 0.501563 0.361719 0.501563 0.360938 0.502344 0.360156 0.502344 0.359375 0.503125 0.358594 0.503125 0.357813 0.503906 0.35625 0.503906 0.355469 0.504688 0.353125 0.504688 0.352344 0.505469 0.350781 0.505469 0.35 0.50625 0.349219 0.50625 0.348438 0.507031 0.346875 0.507031 0.346094 0.507812 0.342969 0.507812 0.342188 0.508594 0.339844 0.508594 0.339063 0.509375 0.3375 0.509375 0.336719 0.510156 0.334375 0.510156 0.333594 0.510938 0.328906 0.510938 0.328125 0.511719 0.325 0.511719 0.324219 0.5125 0.321875 0.5125 0.321094 0.513281 0.315625 0.513281 0.314844 0.514063 0.277344 0.514063 0.276563 0.513281 0.276563 0.511719 0.277344 0.510938 0.275781 0.509375 0.274219 0.509375 0.273438 0.508594 0.246094 0.508594 0.245313 0.507812 0.234375 0.507812 0.233594 0.507031 0.225 0.507031 0.224219 0.50625 0.21875 0.50625 0.217969 0.505469 0.213281 0.505469 0.2125 0.504688 0.209375 0.504688 0.208594 0.503906 0.204688 0.503906 0.203906 0.503125 0.200781 0.503125 0.2 0.502344 0.197656 0.502344 0.196875 0.501563 0.195312 0.501563 0.194531 0.500781 0.19375 0.500781 0.192969 0.5 0.192188 0.5 0.191406 0.499219 0.189844 0.499219 0.189063 0.498438 0.1875 0.498438 0.186719 0.497656 0.185156 0.497656 0.184375 0.496875 0.183594 0.496875 0.182031 0.495313 0.180469 0.495313 0.179688 0.494531 0.179688 0.502344 0.18125 0.503906 0.182031 0.503906 0.182813 0.504688 0.183594 0.504688 0.185938 0.507031 0.186719 0.507031 0.1875 0.507812 0.188281 0.507812 0.189063 0.508594 0.189844 0.508594 0.190625 0.509375 0.192188 0.509375 0.192969 0.510156 0.195312 0.510156 0.196094 0.510938 0.198438 0.510938 0.199219 0.511719 0.2 0.511719 0.201563 0.513281 0.203125 0.513281 0.203906 0.514063 0.20625 0.514063 0.207031 0.514844 0.207813 0.514844 0.210156 0.517188 0.210156 0.51875 0.210938 0.519531 0.210156 0.520313 0.210156 0.521094 0.208594 0.522656 0.209375 0.522656 0.210156 0.523438 0.211719 0.523438 0.2125 0.524219 0.214063 0.524219 0.214844 0.525 0.217188 0.525 0.217969 0.525781 0.220313 0.525781 0.221094 0.526563 0.225 0.526563 0.225781 0.527344 0.229688 0.527344 0.230469 0.528125 0.238281 0.528125 0.239063 0.528906 0.285156 0.528906 0.285938 0.528125 0.3 0.528125 0.300781 0.527344 0.307031 0.527344 0.307813 0.526563 0.311719 0.526563 0.3125 0.525781 0.317969 0.525781 0.31875 0.525 0.322656 0.525 0.323438 0.524219 0.326563 0.524219 0.327344 0.523438 0.33125 0.523438 0.332031 0.522656 0.3375 0.522656 0.338281 0.521875 0.340625 0.521875 0.341406 0.521094 0.342969 0.521094 0.34375 0.520313 0.346875 0.520313 0.347656 0.519531 0.35 0.519531 0.350781 0.51875 0.352344 0.51875 0.353125 0.517969 0.354688 0.517969 0.355469 0.517188 0.357031 0.517188 0.357813 0.516406 0.359375 0.516406 0.360156 0.515625 0.361719 0.515625 0.363281 0.514063 0.364063 0.514063 0.364844 0.513281 0.365625 0.513281 0.366406 0.5125 0.367969 0.5125 0.369531 0.510938 0.376563 0.510938 0.377344 0.510156 0.377344 0.509375 0.378125 0.508594 0.378125 0.495313 0.376563 0.49375 0.932264
0 0.373438 0.546875 0.372656 0.547656 0.371875 0.547656 0.371094 0.548438 0.369531 0.548438 0.369531 0.549219 0.36875 0.55 0.366406 0.55 0.365625 0.550781 0.364063 0.550781 0.363281 0.551563 0.3625 0.551563 0.3625 0.552344 0.360938 0.553906 0.357031 0.553906 0.35625 0.554688 0.353906 0.554688 0.353125 0.555469 0.350781 0.555469 0.35 0.55625 0.348438 0.55625 0.347656 0.557031 0.344531 0.557031 0.34375 0.557813 0.342188 0.557813 0.340625 0.559375 0.339063 0.559375 0.338281 0.560156 0.335938 0.560156 0.335156 0.560938 0.334375 0.560938 0.335156 0.561719 0.34375 0.561719 0.344531 0.560938 0.346875 0.560938 0.347656 0.560156 0.349219 0.560156 0.35 0.559375 0.351562 0.559375 0.352344 0.558594 0.353906 0.558594 0.354688 0.557813 0.355469 0.557813 0.35625 0.557031 0.357031 0.557031 0.358594 0.555469 0.359375 0.555469 0.360156 0.554688 0.361719 0.554688 0.3625 0.553906 0.363281 0.553906 0.364844 0.552344 0.366406 0.552344 0.367188 0.551563 0.36875 0.551563 0.369531 0.550781 0.370313 0.550781 0.371875 0.549219 0.374219 0.549219 0.375 0.55 0.375 0.551563 0.373438 0.553125 0.373438 0.553906 0.372656 0.554688 0.372656 0.555469 0.371094 0.557031 0.370313 0.557031 0.369531 0.557813 0.36875 0.557813 0.366406 0.560156 0.364844 0.560156 0.364063 0.560938 0.363281 0.560938 0.3625 0.561719 0.361719 0.561719 0.360938 0.5625 0.360156 0.5625 0.359375 0.563281 0.357813 0.563281 0.357031 0.564063 0.354688 0.564063 0.353906 0.564844 0.353125 0.564844 0.352344 0.565625 0.351562 0.565625 0.350781 0.566406 0.35 0.566406 0.349219 0.567188 0.346875 0.567188 0.346094 0.567969 0.344531 0.567969 0.34375 0.56875 0.342188 0.56875 0.341406 0.569531 0.339063 0.569531 0.338281 0.570313 0.335938 0.570313 0.335156 0.571094 0.332031 0.571094 0.33125 0.571875 0.328125 0.571875 0.327344 0.572656 0.325781 0.572656 0.325 0.573438 0.321875 0.573438 0.321094 0.574219 0.317188 0.574219 0.316406 0.575 0.313281 0.575 0.3125 0.575781 0.307813 0.575781 0.307031 0.576563 0.299219 0.576563 0.298438 0.577344 0.289844 0.577344 0.289063 0.578125 0.259375 0.578125 0.258594 0.577344 0.247656 0.577344 0.246875 0.576563 0.229688 0.576563 0.228906 0.575781 0.226562 0.575781 0.225781 0.575 0.223438 0.575 0.222656 0.574219 0.220313 0.574219 0.219531 0.573438 0.216406 0.573438 0.215625 0.572656 0.2125 0.572656 0.211719 0.571875 0.209375 0.571875 0.208594 0.571094 0.207031 0.571094 0.20625 0.570313 0.204688 0.570313 0.203906 0.569531 0.202344 0.569531 0.200781 0.567969 0.200781 0.567188 0.2 0.567188 0.199219 0.566406 0.197656 0.566406 0.19375 0.5625 0.192969 0.5625 0.192188 0.561719 0.191406 0.561719 0.189844 0.560156 0.188281 0.560156 0.188281 0.560938 0.189063 0.561719 0.189063 0.5625 0.189844 0.563281 0.189844 0.564063 0.192188 0.566406 0.192188 0.567188 0.19375 0.56875 0.19375 0.571094 0.194531 0.571875 0.194531 0.573438 0.196094 0.573438 0.197656 0.575 0.198438 0.575 0.2 0.576563 0.200781 0.576563 0.201563 0.577344 0.203125 0.577344 0.203906 0.578125 0.204688 0.578125 0.20625 0.579688 0.207813 0.579688 0.208594 0.580469 0.209375 0.580469 0.210156 0.58125 0.210938 0.58125 0.211719 0.582031 0.2125 0.582031 0.213281 0.582813 0.214063 0.582813 0.214844 0.583594 0.216406 0.583594 0.217188 0.584375 0.217969 0.584375 0.21875 0.585156 0.220313 0.585156 0.221094 0.585938 0.222656 0.585938 0.223438 0.586719 0.225781 0.586719 0.226562 0.5875 0.230469 0.5875 0.23125 0.588281 0.236719 0.588281 0.2375 0.589063 0.244531 0.589063 0.245313 0.589844 0.253125 0.589844 0.253906 0.590625 0.26875 0.590625 0.269531 0.591406 0.270313 0.591406 0.271094 0.590625 0.285156 0.590625 0.285938 0.589844 0.291406 0.589844 0.292188 0.589063 0.297656 0.589063 0.298438 0.588281 0.307031 0.588281 0.307813 0.5875 0.3125 0.5875 0.313281 0.586719 0.315625 0.586719 0.316406 0.585938 0.319531 0.585938 0.320312 0.585156 0.326563 0.585156 0.327344 0.584375 0.329688 0.584375 0.330469 0.583594 0.332031 0.583594 0.332813 0.582813 0.335156 0.582813 0.335938 0.582031 0.339063 0.582031 0.339844 0.58125 0.342188 0.58125 0.342969 0.580469 0.345313 0.580469 0.346094 0.579688 0.347656 0.579688 0.348438 0.578906 0.350781 0.578906 0.351562 0.578125 0.353125 0.578125 0.353906 0.577344 0.355469 0.577344 0.35625 0.576563 0.357031 0.576563 0.357813 0.575781 0.359375 0.575781 0.360156 0.575 0.360938 0.575 0.361719 0.574219 0.3625 0.574219 0.363281 0.573438 0.364063 0.573438 0.364844 0.572656 0.365625 0.572656 0.366406 0.571875 0.367188 0.571875 0.36875 0.570313 0.369531 0.570313 0.371094 0.56875 0.371875 0.56875 0.372656 0.567969 0.373438 0.567969 0.375781 0.565625 0.376563 0.565625 0.378125 0.564063 0.378125 0.563281 0.38125 0.560156 0.38125 0.559375 0.382812 0.557813 0.382812 0.55625 0.383594 0.555469 0.383594 0.552344 0.382812 0.551563 0.382812 0.55 0.383594 0.549219 0.383594 0.546875 0.378125 0.546875 0.378125 0.547656 0.376563 0.549219 0.375781 0.549219 0.931347
0 0.685156 0.502344 0.685156 0.5125 0.685938 0.513281 0.685938 0.514063 0.6875 0.515625 0.688281 0.515625 0.689063 0.516406 0.689844 0.516406 0.690625 0.517188 0.691406 0.517188 0.692188 0.517969 0.692969 0.517969 0.69375 0.51875 0.695312 0.51875 0.696094 0.519531 0.697656 0.519531 0.698438 0.520313 0.699219 0.520313 0.7 0.521094 0.700781 0.521094 0.701563 0.521875 0.703125 0.521875 0.703906 0.522656 0.707031 0.522656 0.707813 0.523438 0.708594 0.523438 0.709375 0.524219 0.710156 0.524219 0.710938 0.525 0.7125 0.525 0.713281 0.525781 0.715625 0.525781 0.716406 0.526563 0.717969 0.526563 0.71875 0.527344 0.719531 0.527344 0.720313 0.528125 0.722656 0.528125 0.723438 0.528906 0.727344 0.528906 0.728125 0.529688 0.730469 0.529688 0.73125 0.530469 0.732813 0.530469 0.733594 0.53125 0.736719 0.53125 0.7375 0.532031 0.742969 0.532031 0.74375 0.532813 0.749219 0.532813 0.75 0.533594 0.753906 0.533594 0.754688 0.534375 0.759375 0.534375 0.760156 0.535156 0.766406 0.535156 0.767188 0.535938 0.778125 0.535938 0.778906 0.536719 0.784375 0.536719 0.785156 0.5375 0.791406 0.5375 0.792188 0.538281 0.829688 0.538281 0.830469 0.5375 0.8375 0.5375 0.838281 0.536719 0.844531 0.536719 0.845313 0.535938 0.850781 0.535938 0.851562 0.535156 0.854688 0.535156 0.855469 0.534375 0.857031 0.534375 0.857813 0.533594 0.860156 0.533594 0.860938 0.532813 0.863281 0.532813 0.864063 0.532031 0.867188 0.532031 0.867969 0.53125 0.869531 0.53125 0.870313 0.530469 0.871094 0.530469 0.871875 0.529688 0.873438 0.529688 0.874219 0.528906 0.875 0.528906 0.875781 0.528125 0.876563 0.528125 0.878125 0.526563 0.878906 0.526563 0.880469 0.525 0.88125 0.525 0.885938 0.520313 0.885938 0.51875 0.886719 0.517969 0.886719 0.510938 0.885938 0.510156 0.885938 0.509375 0.885156 0.509375 0.883594 0.510938 0.882812 0.510938 0.880469 0.513281 0.879688 0.513281 0.877344 0.515625 0.876563 0.515625 0.875781 0.516406 0.875 0.516406 0.874219 0.517188 0.873438 0.517188 0.871875 0.51875 0.871094 0.51875 0.870313 0.519531 0.86875 0.519531 0.867969 0.520313 0.866406 0.520313 0.865625 0.521094 0.864063 0.521094 0.863281 0.521875 0.860938 0.521875 0.860156 0.522656 0.855469 0.522656 0.854688 0.523438 0.851562 0.523438 0.850781 0.524219 0.848438 0.524219 0.847656 0.525 0.84375 0.525 0.842969 0.525781 0.83125 0.525781 0.830469 0.526563 0.789844 0.526563 0.789062 0.525781 0.778906 0.525781 0.778125 0.525 0.772656 0.525 0.771875 0.524219 0.766406 0.524219 0.765625 0.523438 0.760156 0.523438 0.759375 0.522656 0.753906 0.522656 0.753125 0.521875 0.75 0.521875 0.749219 0.521094 0.746094 0.521094 0.745313 0.520313 0.739063 0.520313 0.738281 0.519531 0.735156 0.519531 0.734375 0.51875 0.732031 0.51875 0.73125 0.517969 0.729688 0.517969 0.728906 0.517188 0.725 0.517188 0.724219 0.516406 0.720313 0.516406 0.719531 0.515625 0.717188 0.515625 0.716406 0.514844 0.714063 0.514844 0.713281 0.514063 0.710938 0.514063 0.710156 0.513281 0.708594 0.513281 0.707813 0.5125 0.70625 0.5125 0.705469 0.511719 0.703906 0.511719 0.703125 0.510938 0.700781 0.510938 0.7 0.510156 0.697656 0.510156 0.696875 0.509375 0.696094 0.509375 0.694531 0.507812 0.69375 0.507812 0.692969 0.507031 0.691406 0.507031 0.688281 0.503906 0.6875 0.503906 0.686719 0.503125 0.685938 0.503125 0.92866
0 0.379688 0.533594 0.379688 0.534375 0.378906 0.535156 0.378906 0.535938 0.378125 0.536719 0.378125 0.5375 0.374219 0.541406 0.373438 0.541406 0.372656 0.542188 0.372656 0.542969 0.371094 0.544531 0.370313 0.544531 0.367969 0.546875 0.367188 0.546875 0.366406 0.547656 0.364844 0.547656 0.364063 0.548438 0.3625 0.548438 0.361719 0.549219 0.360938 0.549219 0.360156 0.55 0.359375 0.55 0.358594 0.550781 0.35625 0.550781 0.355469 0.551563 0.353906 0.551563 0.353125 0.552344 0.351562 0.552344 0.350781 0.553125 0.342969 0.553125 0.342188 0.552344 0.341406 0.552344 0.340625 0.551563 0.341406 0.550781 0.342188 0.550781 0.342969 0.55 0.344531 0.55 0.345313 0.549219 0.346875 0.549219 0.347656 0.548438 0.349219 0.548438 0.350781 0.546875 0.351562 0.546875 0.353125 0.545313 0.353906 0.545313 0.355469 0.54375 0.355469 0.542969 0.35625 0.542188 0.350781 0.542188 0.349219 0.54375 0.347656 0.54375 0.346875 0.544531 0.34375 0.544531 0.342969 0.545313 0.340625 0.545313 0.339844 0.546094 0.339063 0.546094 0.338281 0.546875 0.336719 0.546875 0.335938 0.547656 0.333594 0.547656 0.332813 0.548438 0.332031 0.548438 0.330469 0.55 0.329688 0.55 0.328906 0.550781 0.325 0.550781 0.324219 0.551563 0.320312 0.551563 0.319531 0.552344 0.319531 0.553125 0.31875 0.553906 0.313281 0.553906 0.3125 0.554688 0.310156 0.554688 0.315625 0.554688 0.316406 0.553906 0.319531 0.553906 0.319531 0.553125 0.321094 0.551563 0.325 0.551563 0.325781 0.552344 0.326563 0.552344 0.327344 0.551563 0.329688 0.551563 0.330469 0.552344 0.335938 0.552344 0.336719 0.553125 0.3375 0.553125 0.338281 0.553906 0.335938 0.55625 0.334375 0.55625 0.333594 0.557031 0.332813 0.557031 0.332031 0.557813 0.330469 0.557813 0.329688 0.558594 0.326563 0.558594 0.325781 0.559375 0.325 0.559375 0.324219 0.560156 0.321875 0.560156 0.321094 0.560938 0.319531 0.560938 0.31875 0.561719 0.315625 0.561719 0.314844 0.5625 0.310937 0.5625 0.310156 0.563281 0.300781 0.563281 0.3 0.564063 0.29375 0.564063 0.292969 0.564844 0.275 0.564844 0.274219 0.565625 0.271875 0.565625 0.271094 0.564844 0.265625 0.564844 0.264844 0.564063 0.260938 0.564063 0.260156 0.563281 0.259375 0.563281 0.258594 0.5625 0.257812 0.5625 0.257031 0.561719 0.25625 0.5625 0.253906 0.5625 0.253125 0.561719 0.251563 0.561719 0.250781 0.560938 0.250781 0.560156 0.251563 0.559375 0.252344 0.559375 0.253125 0.558594 0.253906 0.558594 0.254688 0.557813 0.255469 0.558594 0.257812 0.558594 0.258594 0.557813 0.257812 0.557813 0.257031 0.557031 0.25625 0.557813 0.253125 0.557813 0.252344 0.557031 0.241406 0.557031 0.240625 0.55625 0.227344 0.55625 0.226562 0.555469 0.21875 0.555469 0.217969 0.55625 0.213281 0.55625 0.2125 0.557031 0.211719 0.557031 0.211719 0.557813 0.210938 0.558594 0.210938 0.559375 0.210156 0.560156 0.210156 0.560938 0.211719 0.560938 0.2125 0.560156 0.213281 0.560156 0.214063 0.560938 0.214844 0.560938 0.216406 0.5625 0.217188 0.5625 0.217969 0.563281 0.216406 0.564844 0.214844 0.564844 0.214063 0.565625 0.2125 0.565625 0.211719 0.564844 0.210938 0.564844 0.210156 0.564063 0.196875 0.564063 0.196094 0.563281 0.196094 0.560938 0.194531 0.559375 0.192969 0.559375 0.192188 0.558594 0.190625 0.558594 0.189844 0.557813 0.191406 0.55625 0.19375 0.55625 0.194531 0.555469 0.196094 0.555469 0.196875 0.55625 0.199219 0.55625 0.2 0.557031 0.200781 0.557031 0.201563 0.557813 0.202344 0.557031 0.205469 0.557031 0.204688 0.55625 0.204688 0.554688 0.202344 0.554688 0.201563 0.553906 0.198438 0.553906 0.197656 0.553125 0.196875 0.553125 0.194531 0.550781 0.189063 0.550781 0.188281 0.55 0.188281 0.557031 0.189063 0.557813 0.189063 0.560938 0.191406 0.560938 0.192188 0.561719 0.192969 0.561719 0.196875 0.565625 0.196875 0.566406 0.197656 0.567188 0.199219 0.567188 0.2 0.567969 0.200781 0.567969 0.201563 0.56875 0.203125 0.56875 0.203906 0.569531 0.207031 0.569531 0.207813 0.570313 0.211719 0.570313 0.2125 0.571094 0.213281 0.571094 0.214063 0.571875 0.214844 0.571875 0.215625 0.572656 0.217969 0.572656 0.21875 0.573438 0.221094 0.573438 0.221875 0.574219 0.224219 0.574219 0.225 0.575 0.228125 0.575 0.228906 0.575781 0.235156 0.575781 0.235938 0.576563 0.241406 0.576563 0.242188 0.577344 0.249219 0.577344 0.25 0.578125 0.289844 0.578125 0.290625 0.577344 0.298438 0.577344 0.299219 0.576563 0.307813 0.576563 0.308594 0.575781 0.313281 0.575781 0.314063 0.575 0.317188 0.575 0.317969 0.574219 0.321875 0.574219 0.322656 0.573438 0.326563 0.573438 0.327344 0.572656 0.329688 0.572656 0.330469 0.571875 0.332813 0.571875 0.333594 0.571094 0.335156 0.571094 0.335938 0.570313 0.3375 0.570313 0.338281 0.569531 0.340625 0.569531 0.341406 0.56875 0.342969 0.56875 0.34375 0.567969 0.345313 0.567969 0.346094 0.567188 0.347656 0.567188 0.348438 0.566406 0.349219 0.566406 0.350781 0.564844 0.351562 0.564844 0.352344 0.564063 0.354688 0.564063 0.357031 0.561719 0.357813 0.561719 0.358594 0.560938 0.361719 0.560938 0.3625 0.560156 0.360938 0.558594 0.360938 0.55625 0.3625 0.554688 0.363281 0.554688 0.364063 0.553906 0.364844 0.553906 0.365625 0.553125 0.366406 0.553125 0.367188 0.552344 0.371094 0.552344 0.372656 0.553906 0.373438 0.553906 0.373438 0.552344 0.374219 0.551563 0.375781 0.551563 0.378125 0.549219 0.378906 0.549219 0.380469 0.547656 0.380469 0.546875 0.382031 0.545313 0.382031 0.54375 0.382812 0.542969 0.382812 0.534375 0.382031 0.533594 0.926648
0 0.378906 0.504688 0.378125 0.505469 0.377344 0.505469 0.376563 0.50625 0.375781 0.50625 0.371875 0.510156 0.371094 0.510156 0.370313 0.510938 0.369531 0.510938 0.367969 0.5125 0.367188 0.5125 0.366406 0.513281 0.364844 0.513281 0.364063 0.514063 0.3625 0.514063 0.361719 0.514844 0.360938 0.514844 0.360156 0.515625 0.358594 0.515625 0.357813 0.516406 0.35625 0.516406 0.355469 0.517188 0.353906 0.517188 0.353125 0.517969 0.352344 0.517969 0.351562 0.51875 0.35 0.51875 0.349219 0.519531 0.346875 0.519531 0.346094 0.520313 0.342969 0.520313 0.342188 0.521094 0.339844 0.521094 0.339063 0.521875 0.336719 0.521875 0.335938 0.522656 0.332813 0.522656 0.332031 0.523438 0.328125 0.523438 0.327344 0.524219 0.324219 0.524219 0.323438 0.525 0.321094 0.525 0.320312 0.525781 0.314844 0.525781 0.314063 0.526563 0.300781 0.526563 0.3 0.527344 0.295313 0.527344 0.294531 0.528125 0.286719 0.528125 0.285938 0.528906 0.274219 0.528906 0.273438 0.528125 0.270313 0.528125 0.269531 0.527344 0.26875 0.527344 0.267969 0.528125 0.267188 0.528125 0.266406 0.527344 0.264844 0.527344 0.264063 0.526563 0.263281 0.526563 0.260938 0.524219 0.260938 0.521094 0.261719 0.520313 0.234375 0.520313 0.233594 0.519531 0.228125 0.519531 0.227344 0.51875 0.224219 0.51875 0.223438 0.517969 0.219531 0.517969 0.21875 0.517188 0.214844 0.517188 0.214063 0.516406 0.208594 0.516406 0.207813 0.515625 0.205469 0.515625 0.204688 0.514844 0.202344 0.514844 0.201563 0.514063 0.2 0.514063 0.199219 0.513281 0.197656 0.513281 0.196875 0.5125 0.196094 0.5125 0.195312 0.511719 0.194531 0.511719 0.19375 0.510938 0.191406 0.510938 0.190625 0.510156 0.189063 0.510156 0.188281 0.509375 0.186719 0.509375 0.185938 0.508594 0.18125 0.508594 0.18125 0.511719 0.182813 0.511719 0.183594 0.5125 0.183594 0.513281 0.185156 0.514844 0.185156 0.515625 0.185938 0.516406 0.186719 0.516406 0.188281 0.517969 0.189063 0.517969 0.190625 0.519531 0.192188 0.519531 0.192969 0.520313 0.19375 0.520313 0.194531 0.521094 0.196094 0.521094 0.196875 0.521875 0.197656 0.521875 0.198438 0.522656 0.202344 0.522656 0.203125 0.523438 0.205469 0.523438 0.20625 0.524219 0.207813 0.524219 0.208594 0.525 0.210938 0.525 0.211719 0.525781 0.214063 0.525781 0.214844 0.526563 0.217969 0.526563 0.21875 0.527344 0.221094 0.527344 0.221875 0.528125 0.223438 0.528125 0.225 0.529688 0.223438 0.53125 0.223438 0.532031 0.222656 0.532813 0.222656 0.533594 0.221094 0.535156 0.221094 0.535938 0.221875 0.536719 0.222656 0.536719 0.223438 0.5375 0.224219 0.5375 0.225 0.538281 0.228906 0.538281 0.229688 0.539063 0.232813 0.539063 0.233594 0.539844 0.242969 0.539844 0.24375 0.540625 0.257031 0.540625 0.257812 0.541406 0.289063 0.541406 0.289844 0.540625 0.310937 0.540625 0.311719 0.539844 0.321094 0.539844 0.321875 0.539063 0.325781 0.539063 0.326563 0.538281 0.339063 0.538281 0.339844 0.539063 0.35 0.539063 0.350781 0.538281 0.353906 0.538281 0.354688 0.5375 0.35625 0.5375 0.357031 0.536719 0.358594 0.536719 0.359375 0.535938 0.360156 0.535938 0.360938 0.535156 0.361719 0.535156 0.3625 0.534375 0.363281 0.534375 0.364063 0.533594 0.364844 0.533594 0.366406 0.532031 0.367188 0.532031 0.36875 0.530469 0.369531 0.530469 0.370313 0.529688 0.371094 0.529688 0.371875 0.528906 0.371875 0.528125 0.372656 0.527344 0.373438 0.527344 0.375 0.525781 0.375 0.525 0.375781 0.524219 0.376563 0.524219 0.377344 0.523438 0.378125 0.523438 0.378906 0.522656 0.378906 0.521875 0.379688 0.521094 0.379688 0.505469 0.925539
0 0.675781 0.567188 0.675781 0.572656 0.676563 0.573438 0.677344 0.573438 0.679688 0.575781 0.679688 0.577344 0.680469 0.578125 0.680469 0.578906 0.682031 0.580469 0.682813 0.580469 0.685938 0.583594 0.686719 0.583594 0.6875 0.584375 0.6875 0.585156 0.688281 0.585938 0.689063 0.585938 0.689844 0.586719 0.690625 0.586719 0.692188 0.588281 0.692969 0.588281 0.69375 0.589063 0.694531 0.589063 0.695312 0.589844 0.696094 0.589844 0.696875 0.590625 0.697656 0.590625 0.698438 0.591406 0.699219 0.591406 0.7 0.592188 0.700781 0.592188 0.701563 0.592969 0.702344 0.592969 0.703125 0.59375 0.703906 0.59375 0.704688 0.594531 0.705469 0.594531 0.70625 0.595313 0.707813 0.595313 0.708594 0.596094 0.710156 0.596094 0.710938 0.596875 0.7125 0.596875 0.713281 0.597656 0.714844 0.597656 0.715625 0.598437 0.717188 0.598437 0.717969 0.599219 0.720313 0.599219 0.721094 0.6 0.723438 0.6 0.724219 0.600781 0.728125 0.600781 0.728906 0.601562 0.732031 0.601562 0.732813 0.602344 0.735156 0.602344 0.735938 0.603125 0.738281 0.603125 0.739063 0.603906 0.742969 0.603906 0.74375 0.604688 0.747656 0.604688 0.748438 0.605469 0.752344 0.605469 0.753125 0.60625 0.760156 0.60625 0.760938 0.607031 0.774219 0.607031 0.775 0.607813 0.792969 0.607813 0.79375 0.608594 0.815625 0.608594 0.816406 0.607813 0.823438 0.607813 0.824219 0.607031 0.828906 0.607031 0.829688 0.60625 0.834375 0.60625 0.835156 0.605469 0.839063 0.605469 0.839844 0.604688 0.842969 0.604688 0.84375 0.603906 0.846875 0.603906 0.848438 0.602344 0.848438 0.600781 0.85 0.599219 0.85 0.598437 0.852344 0.596094 0.853125 0.596094 0.853906 0.595313 0.855469 0.595313 0.85625 0.594531 0.857813 0.594531 0.858594 0.59375 0.859375 0.59375 0.860156 0.592969 0.860938 0.592969 0.861719 0.592188 0.863281 0.592188 0.866406 0.589063 0.866406 0.586719 0.864063 0.586719 0.863281 0.5875 0.8625 0.5875 0.861719 0.588281 0.860938 0.588281 0.860156 0.589063 0.857813 0.589063 0.857031 0.589844 0.85625 0.589844 0.855469 0.590625 0.853906 0.590625 0.853125 0.591406 0.85 0.591406 0.849219 0.592188 0.844531 0.592188 0.84375 0.592969 0.841406 0.592969 0.840625 0.59375 0.8375 0.59375 0.836719 0.594531 0.830469 0.594531 0.829688 0.595313 0.819531 0.595313 0.81875 0.596094 0.771875 0.596094 0.771094 0.595313 0.757812 0.595313 0.757031 0.594531 0.748438 0.594531 0.747656 0.59375 0.739844 0.59375 0.739063 0.592969 0.735156 0.592969 0.734375 0.592188 0.728906 0.592188 0.728125 0.591406 0.725 0.591406 0.724219 0.590625 0.721875 0.590625 0.721094 0.589844 0.71875 0.589844 0.717969 0.589063 0.715625 0.589063 0.714844 0.588281 0.713281 0.588281 0.7125 0.5875 0.710938 0.5875 0.710156 0.586719 0.707813 0.586719 0.707031 0.585938 0.705469 0.585938 0.704688 0.585156 0.703125 0.585156 0.702344 0.584375 0.700781 0.584375 0.7 0.583594 0.699219 0.583594 0.698438 0.582813 0.696875 0.582813 0.696094 0.582031 0.695312 0.582031 0.694531 0.58125 0.69375 0.58125 0.692969 0.580469 0.692188 0.580469 0.690625 0.578906 0.689844 0.578906 0.689063 0.578125 0.688281 0.578125 0.6875 0.577344 0.686719 0.577344 0.685156 0.575781 0.684375 0.575781 0.682813 0.577344 0.680469 0.577344 0.679688 0.576563 0.679688 0.573438 0.677344 0.571094 0.677344 0.570313 0.676563 0.569531 0.676563 0.567188 0.924924
0 0.313281 0.517969 0.33125 0.517969 0.313281 0.517969 0.310156 0.514844 0.310937 0.514063 0.315625 0.514063 0.316406 0.513281 0.321094 0.513281 0.321875 0.5125 0.325 0.5125 0.325781 0.511719 0.328125 0.511719 0.328906 0.510938 0.332031 0.510938 0.332813 0.510156 0.336719 0.510156 0.3375 0.509375 0.339063 0.509375 0.339844 0.508594 0.341406 0.508594 0.342188 0.507812 0.344531 0.507812 0.345313 0.507031 0.348438 0.507031 0.349219 0.50625 0.350781 0.50625 0.351562 0.505469 0.353125 0.505469 0.353906 0.504688 0.355469 0.504688 0.35625 0.503906 0.359375 0.503906 0.360156 0.503125 0.360938 0.503125 0.361719 0.502344 0.3625 0.502344 0.363281 0.501563 0.364844 0.501563 0.365625 0.500781 0.366406 0.500781 0.367188 0.5 0.36875 0.5 0.369531 0.499219 0.371094 0.499219 0.371875 0.5 0.375 0.5 0.375781 0.500781 0.375781 0.5 0.376563 0.499219 0.376563 0.485156 0.375781 0.484375 0.375781 0.482813 0.371875 0.482813 0.371094 0.483594 0.369531 0.483594 0.366406 0.486719 0.365625 0.486719 0.3625 0.489844 0.361719 0.489844 0.360938 0.490625 0.360156 0.490625 0.359375 0.491406 0.358594 0.491406 0.357813 0.492188 0.357031 0.492188 0.35625 0.492969 0.354688 0.492969 0.353906 0.49375 0.351562 0.49375 0.350781 0.494531 0.349219 0.494531 0.348438 0.495313 0.346094 0.495313 0.345313 0.496094 0.342969 0.496094 0.342188 0.496875 0.340625 0.496875 0.339844 0.497656 0.336719 0.497656 0.335938 0.498438 0.333594 0.498438 0.332813 0.499219 0.330469 0.499219 0.329688 0.5 0.327344 0.5 0.326563 0.500781 0.323438 0.500781 0.322656 0.501563 0.319531 0.501563 0.31875 0.502344 0.316406 0.502344 0.315625 0.503125 0.311719 0.503125 0.310937 0.503906 0.305469 0.503906 0.304688 0.504688 0.296094 0.504688 0.295313 0.505469 0.2875 0.505469 0.286719 0.50625 0.266406 0.50625 0.265625 0.505469 0.238281 0.505469 0.2375 0.504688 0.226562 0.504688 0.225781 0.503906 0.222656 0.503906 0.221875 0.503125 0.219531 0.503125 0.21875 0.502344 0.217188 0.502344 0.216406 0.501563 0.214844 0.501563 0.214063 0.500781 0.2125 0.500781 0.210938 0.499219 0.210938 0.498438 0.210156 0.498438 0.207813 0.500781 0.2 0.500781 0.199219 0.5 0.197656 0.5 0.196875 0.499219 0.196094 0.499219 0.195312 0.498438 0.189844 0.498438 0.189063 0.497656 0.1875 0.497656 0.185156 0.495313 0.183594 0.495313 0.180469 0.492188 0.179688 0.492188 0.178906 0.491406 0.178906 0.499219 0.180469 0.500781 0.180469 0.501563 0.18125 0.501563 0.182031 0.502344 0.182813 0.502344 0.184375 0.503906 0.185156 0.503906 0.185938 0.504688 0.186719 0.504688 0.1875 0.505469 0.188281 0.505469 0.189063 0.50625 0.189844 0.50625 0.190625 0.507031 0.192188 0.507031 0.192969 0.507812 0.19375 0.507812 0.194531 0.508594 0.195312 0.508594 0.196094 0.509375 0.196875 0.509375 0.197656 0.510156 0.2 0.510156 0.200781 0.510938 0.201563 0.510938 0.202344 0.511719 0.203906 0.511719 0.204688 0.5125 0.207031 0.5125 0.207813 0.513281 0.210938 0.513281 0.211719 0.514063 0.214063 0.514063 0.214844 0.514844 0.217969 0.514844 0.21875 0.515625 0.223438 0.515625 0.224219 0.516406 0.228906 0.516406 0.229688 0.517188 0.267188 0.517188 0.267969 0.516406 0.282031 0.516406 0.282813 0.515625 0.303125 0.515625 0.303906 0.514844 0.310156 0.514844 0.913479
0 0.678125 0.538281 0.676563 0.539844 0.676563 0.557031 0.677344 0.557813 0.677344 0.560938 0.682031 0.565625 0.682031 0.566406 0.683594 0.567969 0.684375 0.567969 0.6875 0.571094 0.688281 0.571094 0.689844 0.572656 0.690625 0.572656 0.692188 0.574219 0.692969 0.574219 0.69375 0.575 0.694531 0.575 0.695312 0.575781 0.696094 0.575781 0.697656 0.577344 0.698438 0.577344 0.7 0.578906 0.700781 0.578906 0.701563 0.579688 0.702344 0.579688 0.703125 0.580469 0.704688 0.580469 0.705469 0.58125 0.707031 0.58125 0.707813 0.582031 0.708594 0.582031 0.709375 0.582813 0.710938 0.582813 0.711719 0.583594 0.7125 0.583594 0.713281 0.584375 0.714063 0.584375 0.714844 0.585156 0.716406 0.585156 0.717188 0.585938 0.717969 0.585938 0.71875 0.586719 0.721094 0.586719 0.721875 0.5875 0.724219 0.5875 0.725 0.588281 0.855469 0.588281 0.85625 0.5875 0.857031 0.5875 0.857813 0.586719 0.858594 0.586719 0.859375 0.585938 0.860156 0.585938 0.860938 0.585156 0.861719 0.585156 0.8625 0.584375 0.863281 0.584375 0.865625 0.582031 0.865625 0.58125 0.866406 0.580469 0.866406 0.579688 0.867188 0.578906 0.867188 0.576563 0.86875 0.575 0.869531 0.575 0.871875 0.572656 0.871875 0.571875 0.874219 0.569531 0.874219 0.56875 0.875 0.567969 0.875781 0.567969 0.875781 0.567188 0.876563 0.566406 0.876563 0.5625 0.877344 0.561719 0.877344 0.558594 0.876563 0.558594 0.875 0.560156 0.873438 0.560156 0.872656 0.560938 0.872656 0.561719 0.871094 0.563281 0.869531 0.563281 0.86875 0.564063 0.867969 0.564063 0.866406 0.565625 0.865625 0.565625 0.864844 0.566406 0.863281 0.566406 0.8625 0.567188 0.860156 0.567188 0.858594 0.56875 0.857031 0.56875 0.85625 0.569531 0.852344 0.569531 0.851562 0.570313 0.848438 0.570313 0.847656 0.571094 0.846875 0.571094 0.846094 0.571875 0.84375 0.571875 0.842969 0.572656 0.834375 0.572656 0.833594 0.573438 0.821094 0.573438 0.820312 0.574219 0.786719 0.574219 0.785938 0.573438 0.778125 0.573438 0.777344 0.572656 0.773438 0.572656 0.772656 0.571875 0.767969 0.571875 0.767188 0.571094 0.761719 0.571094 0.760938 0.570313 0.753906 0.570313 0.753125 0.569531 0.746094 0.569531 0.745313 0.56875 0.735938 0.56875 0.735156 0.569531 0.734375 0.569531 0.732813 0.571094 0.732813 0.571875 0.730469 0.574219 0.729688 0.574219 0.728906 0.575 0.723438 0.575 0.722656 0.574219 0.721094 0.574219 0.720313 0.573438 0.717969 0.573438 0.717188 0.572656 0.7125 0.572656 0.710156 0.570313 0.70625 0.570313 0.705469 0.569531 0.703906 0.569531 0.703125 0.56875 0.702344 0.56875 0.700781 0.567188 0.697656 0.567188 0.696875 0.566406 0.696094 0.566406 0.69375 0.564063 0.692188 0.564063 0.690625 0.5625 0.689844 0.5625 0.688281 0.560938 0.6875 0.560938 0.685156 0.558594 0.685156 0.557813 0.684375 0.557813 0.683594 0.557031 0.683594 0.55625 0.682813 0.555469 0.682813 0.552344 0.682031 0.551563 0.682031 0.549219 0.68125 0.548438 0.68125 0.542188 0.682031 0.541406 0.68125 0.540625 0.68125 0.538281 0.913152
0 0.678906 0.558594 0.678125 0.559375 0.678125 0.560938 0.678906 0.561719 0.678906 0.5625 0.679688 0.563281 0.679688 0.564063 0.680469 0.564844 0.680469 0.565625 0.686719 0.571875 0.686719 0.572656 0.6875 0.573438 0.688281 0.573438 0.692188 0.577344 0.692969 0.577344 0.695312 0.579688 0.696094 0.579688 0.696875 0.580469 0.697656 0.580469 0.699219 0.582031 0.7 0.582031 0.700781 0.582813 0.703125 0.582813 0.703906 0.583594 0.704688 0.583594 0.70625 0.585156 0.707813 0.585156 0.708594 0.585938 0.710938 0.585938 0.711719 0.586719 0.7125 0.586719 0.713281 0.5875 0.714844 0.5875 0.715625 0.588281 0.717188 0.588281 0.717969 0.589063 0.720313 0.589063 0.721094 0.589844 0.723438 0.589844 0.724219 0.590625 0.726562 0.590625 0.727344 0.591406 0.73125 0.591406 0.732031 0.592188 0.735938 0.592188 0.736719 0.592969 0.744531 0.592969 0.745313 0.59375 0.754688 0.59375 0.755469 0.594531 0.767969 0.594531 0.76875 0.595313 0.7875 0.595313 0.788281 0.596094 0.807031 0.596094 0.807813 0.595313 0.821875 0.595313 0.822656 0.594531 0.832813 0.594531 0.833594 0.59375 0.838281 0.59375 0.839063 0.592969 0.842188 0.592969 0.842969 0.592188 0.846094 0.592188 0.846875 0.591406 0.85 0.591406 0.850781 0.590625 0.851562 0.590625 0.852344 0.589844 0.853125 0.589844 0.853906 0.589063 0.855469 0.589063 0.85625 0.588281 0.857813 0.588281 0.858594 0.5875 0.859375 0.5875 0.860156 0.586719 0.860938 0.586719 0.861719 0.585938 0.8625 0.585938 0.863281 0.585156 0.864063 0.585156 0.865625 0.583594 0.866406 0.583594 0.867969 0.582031 0.86875 0.582031 0.871094 0.579688 0.871094 0.578906 0.871875 0.578125 0.871875 0.577344 0.872656 0.576563 0.872656 0.575 0.873438 0.574219 0.873438 0.571875 0.874219 0.571094 0.874219 0.567969 0.875781 0.566406 0.875781 0.563281 0.875 0.564063 0.874219 0.564063 0.873438 0.564844 0.872656 0.564844 0.870313 0.567188 0.869531 0.567188 0.86875 0.567969 0.866406 0.567969 0.865625 0.56875 0.864844 0.56875 0.864063 0.569531 0.863281 0.569531 0.861719 0.571094 0.858594 0.571094 0.857813 0.571875 0.853125 0.571875 0.851562 0.573438 0.848438 0.573438 0.847656 0.574219 0.842969 0.574219 0.842188 0.575 0.838281 0.575 0.8375 0.575781 0.835938 0.575781 0.835156 0.576563 0.834375 0.576563 0.833594 0.577344 0.833594 0.578125 0.832031 0.579688 0.83125 0.579688 0.829688 0.58125 0.828906 0.58125 0.827344 0.582813 0.826563 0.582813 0.825781 0.583594 0.821875 0.583594 0.821094 0.584375 0.782813 0.584375 0.782031 0.583594 0.773438 0.583594 0.772656 0.582813 0.760938 0.582813 0.760156 0.582031 0.752344 0.582031 0.751563 0.58125 0.746094 0.58125 0.745313 0.580469 0.740625 0.580469 0.739844 0.579688 0.734375 0.579688 0.733594 0.578906 0.730469 0.578906 0.729688 0.578125 0.728125 0.578125 0.727344 0.577344 0.723438 0.577344 0.722656 0.576563 0.717969 0.576563 0.717188 0.575781 0.715625 0.575781 0.714844 0.575 0.711719 0.575 0.710938 0.574219 0.708594 0.574219 0.707813 0.573438 0.707031 0.573438 0.70625 0.572656 0.705469 0.572656 0.704688 0.571875 0.701563 0.571875 0.700781 0.571094 0.699219 0.571094 0.698438 0.570313 0.697656 0.570313 0.696875 0.569531 0.696094 0.569531 0.695312 0.56875 0.69375 0.56875 0.691406 0.566406 0.689844 0.566406 0.689063 0.565625 0.688281 0.565625 0.686719 0.564063 0.686719 0.563281 0.685938 0.5625 0.685156 0.5625 0.684375 0.561719 0.683594 0.561719 0.682813 0.560938 0.682813 0.560156 0.682031 0.560156 0.68125 0.559375 0.680469 0.559375 0.679688 0.558594 0.678906 0.558594 0.675781 0.555469 0.676563 0.554688 0.675781 0.553906 0.675 0.553906 0.675 0.554688 0.675781 0.555469 0.911534
0 0.236719 0.5375 0.225 0.5375 0.224219 0.538281 0.220313 0.538281 0.221875 0.538281 0.222656 0.539063 0.229688 0.539063 0.230469 0.539844 0.239063 0.539844 0.239844 0.539063 0.240625 0.539063 0.239844 0.538281 0.2375 0.538281 0.236719 0.5375 0.238281 0.532813 0.239844 0.532813 0.245313 0.545313 0.244531 0.546094 0.232813 0.546094 0.232031 0.546875 0.224219 0.546875 0.223438 0.546094 0.222656 0.546094 0.221875 0.546875 0.215625 0.546875 0.214844 0.547656 0.214063 0.547656 0.214844 0.548438 0.217969 0.548438 0.21875 0.549219 0.221094 0.549219 0.221875 0.55 0.224219 0.55 0.225 0.550781 0.226562 0.550781 0.227344 0.551563 0.230469 0.551563 0.23125 0.552344 0.235156 0.552344 0.235938 0.553125 0.249219 0.553125 0.25 0.553906 0.255469 0.553906 0.25625 0.554688 0.260156 0.554688 0.260938 0.555469 0.26875 0.555469 0.269531 0.55625 0.282031 0.55625 0.282813 0.557031 0.290625 0.557031 0.291406 0.55625 0.297656 0.55625 0.298438 0.555469 0.3 0.555469 0.300781 0.554688 0.301563 0.554688 0.302344 0.553906 0.303906 0.553906 0.304688 0.553125 0.30625 0.553125 0.307031 0.552344 0.309375 0.552344 0.310156 0.551563 0.310937 0.551563 0.311719 0.550781 0.314844 0.550781 0.315625 0.55 0.323438 0.55 0.324219 0.550781 0.322656 0.552344 0.322656 0.553125 0.320312 0.555469 0.31875 0.555469 0.317969 0.55625 0.317188 0.55625 0.316406 0.557031 0.313281 0.557031 0.329688 0.557031 0.330469 0.55625 0.332031 0.55625 0.332813 0.555469 0.3375 0.555469 0.338281 0.554688 0.342969 0.554688 0.34375 0.553906 0.344531 0.553906 0.345313 0.553125 0.346094 0.553125 0.346875 0.552344 0.348438 0.552344 0.349219 0.551563 0.351562 0.551563 0.352344 0.550781 0.353906 0.550781 0.355469 0.549219 0.357031 0.549219 0.357813 0.548438 0.360156 0.548438 0.360938 0.547656 0.361719 0.547656 0.361719 0.546875 0.363281 0.545313 0.364063 0.545313 0.364844 0.544531 0.366406 0.544531 0.366406 0.54375 0.367969 0.542188 0.370313 0.542188 0.372656 0.539844 0.373438 0.539844 0.375 0.538281 0.375781 0.538281 0.378125 0.535938 0.378906 0.535938 0.379688 0.535156 0.379688 0.526563 0.378906 0.525781 0.378906 0.526563 0.374219 0.53125 0.374219 0.532031 0.372656 0.533594 0.369531 0.533594 0.36875 0.534375 0.367969 0.534375 0.367188 0.535156 0.366406 0.535156 0.365625 0.535938 0.364063 0.535938 0.363281 0.536719 0.360938 0.536719 0.360156 0.5375 0.359375 0.5375 0.358594 0.538281 0.35625 0.538281 0.355469 0.539063 0.351562 0.539063 0.350781 0.538281 0.342969 0.538281 0.342188 0.5375 0.332031 0.5375 0.33125 0.538281 0.326563 0.538281 0.325781 0.539063 0.322656 0.539063 0.321875 0.539844 0.31875 0.539844 0.317969 0.540625 0.3125 0.540625 0.311719 0.541406 0.298438 0.541406 0.297656 0.542188 0.25 0.542188 0.250781 0.542188 0.251563 0.542969 0.251563 0.544531 0.250781 0.545313 0.245313 0.545313 0.239844 0.532813 0.238281 0.532813 0.899493
0 0.178906 0.475781 0.178906 0.492188 0.179688 0.492188 0.180469 0.492969 0.18125 0.492969 0.182031 0.49375 0.182813 0.49375 0.183594 0.494531 0.185156 0.494531 0.185938 0.495313 0.186719 0.495313 0.188281 0.496875 0.189844 0.496875 0.190625 0.497656 0.192969 0.497656 0.19375 0.498438 0.195312 0.498438 0.196094 0.499219 0.196875 0.499219 0.197656 0.5 0.199219 0.5 0.2 0.500781 0.204688 0.500781 0.205469 0.501563 0.210156 0.501563 0.210938 0.502344 0.214844 0.502344 0.215625 0.503125 0.220313 0.503125 0.221094 0.503906 0.232031 0.503906 0.232813 0.504688 0.240625 0.504688 0.241406 0.505469 0.251563 0.505469 0.252344 0.50625 0.275781 0.50625 0.276563 0.505469 0.290625 0.505469 0.291406 0.504688 0.300781 0.504688 0.301563 0.503906 0.308594 0.503906 0.309375 0.503125 0.313281 0.503125 0.314063 0.502344 0.316406 0.502344 0.317188 0.501563 0.321094 0.501563 0.321875 0.500781 0.325781 0.500781 0.326563 0.5 0.329688 0.5 0.330469 0.499219 0.333594 0.499219 0.334375 0.498438 0.339844 0.498438 0.340625 0.497656 0.344531 0.497656 0.345313 0.496875 0.353125 0.496875 0.354688 0.498438 0.357813 0.498438 0.358594 0.499219 0.360156 0.499219 0.360938 0.498438 0.364063 0.498438 0.364844 0.497656 0.365625 0.497656 0.365625 0.496875 0.364844 0.496094 0.359375 0.496094 0.358594 0.496875 0.357031 0.496875 0.355469 0.495313 0.35625 0.494531 0.357031 0.494531 0.357813 0.49375 0.3625 0.49375 0.363281 0.492969 0.364063 0.492969 0.366406 0.495313 0.369531 0.495313 0.370313 0.494531 0.371094 0.494531 0.371875 0.49375 0.372656 0.49375 0.374219 0.492188 0.374219 0.475781 0.371094 0.475781 0.370313 0.476562 0.369531 0.476562 0.36875 0.477344 0.367188 0.477344 0.366406 0.478125 0.365625 0.478125 0.364844 0.478906 0.363281 0.478906 0.3625 0.479688 0.360938 0.479688 0.360156 0.480469 0.359375 0.480469 0.358594 0.48125 0.357031 0.48125 0.35625 0.482031 0.354688 0.482031 0.353906 0.482813 0.349219 0.482813 0.348438 0.483594 0.346875 0.483594 0.346094 0.484375 0.344531 0.484375 0.34375 0.485156 0.341406 0.485156 0.340625 0.485938 0.335156 0.485938 0.334375 0.486719 0.332031 0.486719 0.33125 0.4875 0.328906 0.4875 0.328125 0.488281 0.324219 0.488281 0.323438 0.489063 0.31875 0.489063 0.317969 0.489844 0.314844 0.489844 0.314063 0.490625 0.310937 0.490625 0.310156 0.491406 0.300781 0.491406 0.3 0.492188 0.292188 0.492188 0.291406 0.492969 0.283594 0.492969 0.282813 0.49375 0.271094 0.49375 0.270313 0.494531 0.239844 0.494531 0.239063 0.49375 0.230469 0.49375 0.229688 0.492969 0.225781 0.492969 0.225 0.492188 0.220313 0.492188 0.219531 0.491406 0.215625 0.491406 0.214844 0.490625 0.213281 0.490625 0.2125 0.489844 0.210938 0.489844 0.210156 0.489063 0.207813 0.489063 0.207031 0.488281 0.204688 0.488281 0.203906 0.4875 0.203125 0.4875 0.202344 0.486719 0.201563 0.486719 0.200781 0.485938 0.2 0.485938 0.199219 0.485156 0.198438 0.485156 0.195312 0.482031 0.195312 0.479688 0.19375 0.479688 0.192969 0.478906 0.1875 0.478906 0.186719 0.478125 0.185156 0.478125 0.184375 0.477344 0.182813 0.477344 0.182031 0.476562 0.180469 0.476562 0.179688 0.475781 0.892684
0 0.422656 0.564063 0.422656 0.575781 0.426563 0.579688 0.427344 0.579688 0.428125 0.580469 0.428906 0.580469 0.429688 0.58125 0.430469 0.58125 0.43125 0.582031 0.432031 0.582031 0.432813 0.582813 0.433594 0.582813 0.434375 0.583594 0.435156 0.583594 0.435938 0.584375 0.436719 0.584375 0.4375 0.585156 0.441406 0.585156 0.442188 0.585938 0.442969 0.585938 0.44375 0.586719 0.445312 0.586719 0.446094 0.5875 0.448438 0.5875 0.449219 0.588281 0.450781 0.588281 0.451563 0.589063 0.452344 0.589063 0.453125 0.589844 0.454688 0.589844 0.455469 0.590625 0.458594 0.590625 0.459375 0.591406 0.4625 0.591406 0.463281 0.592188 0.465625 0.592188 0.466406 0.592969 0.46875 0.592969 0.469531 0.59375 0.473438 0.59375 0.474219 0.594531 0.478906 0.594531 0.479688 0.595313 0.482813 0.595313 0.483594 0.596094 0.486719 0.596094 0.4875 0.596875 0.492969 0.596875 0.49375 0.597656 0.496875 0.597656 0.497656 0.598437 0.500781 0.598437 0.501563 0.599219 0.510938 0.599219 0.511719 0.6 0.514063 0.6 0.514844 0.599219 0.525781 0.599219 0.526563 0.598437 0.534375 0.598437 0.535156 0.597656 0.546875 0.597656 0.547656 0.596875 0.553125 0.596875 0.553906 0.596094 0.557031 0.596094 0.557813 0.595313 0.560938 0.595313 0.561719 0.594531 0.566406 0.594531 0.567188 0.59375 0.569531 0.59375 0.570313 0.592969 0.571875 0.592969 0.572656 0.592188 0.574219 0.592188 0.575 0.591406 0.577344 0.591406 0.578125 0.590625 0.579688 0.590625 0.580469 0.589844 0.582031 0.589844 0.582813 0.589063 0.583594 0.589063 0.584375 0.588281 0.585938 0.588281 0.586719 0.5875 0.5875 0.5875 0.588281 0.586719 0.589063 0.586719 0.589844 0.585938 0.590625 0.585938 0.591406 0.585156 0.592188 0.585156 0.592969 0.584375 0.59375 0.584375 0.595313 0.582813 0.596094 0.582813 0.596875 0.582031 0.597656 0.582031 0.598437 0.58125 0.599219 0.58125 0.600781 0.579688 0.601562 0.579688 0.603906 0.577344 0.604688 0.577344 0.60625 0.575781 0.60625 0.575 0.607813 0.573438 0.608594 0.573438 0.608594 0.567969 0.607813 0.567188 0.607031 0.567188 0.60625 0.567969 0.605469 0.567969 0.604688 0.56875 0.603906 0.56875 0.602344 0.570313 0.601562 0.570313 0.6 0.571875 0.599219 0.571875 0.598437 0.572656 0.597656 0.572656 0.596875 0.573438 0.596094 0.573438 0.595313 0.574219 0.594531 0.574219 0.59375 0.575 0.592969 0.575 0.592188 0.575781 0.591406 0.575781 0.590625 0.576563 0.589063 0.576563 0.588281 0.577344 0.586719 0.577344 0.585938 0.578125 0.585156 0.578125 0.584375 0.578906 0.583594 0.578906 0.582813 0.579688 0.579688 0.579688 0.578906 0.580469 0.577344 0.580469 0.576563 0.58125 0.575 0.58125 0.574219 0.582031 0.572656 0.582031 0.571875 0.582813 0.567969 0.582813 0.567188 0.583594 0.563281 0.583594 0.5625 0.584375 0.560156 0.584375 0.559375 0.585156 0.55625 0.585156 0.555469 0.585938 0.55 0.585938 0.549219 0.586719 0.542188 0.586719 0.541406 0.5875 0.535938 0.5875 0.535156 0.588281 0.528125 0.588281 0.527344 0.589063 0.516406 0.589063 0.515625 0.588281 0.499219 0.588281 0.498438 0.5875 0.492188 0.5875 0.491406 0.586719 0.482031 0.586719 0.48125 0.585938 0.478125 0.585938 0.477344 0.585156 0.475781 0.585156 0.475 0.584375 0.472656 0.584375 0.471875 0.583594 0.469531 0.583594 0.46875 0.582813 0.466406 0.582813 0.464844 0.58125 0.464063 0.58125 0.461719 0.578906 0.461719 0.578125 0.460938 0.577344 0.460156 0.577344 0.458594 0.575781 0.457813 0.575781 0.457031 0.575 0.455469 0.575 0.454688 0.574219 0.453906 0.574219 0.453125 0.573438 0.450781 0.573438 0.45 0.572656 0.448438 0.572656 0.447656 0.571875 0.446094 0.571875 0.445312 0.571094 0.444531 0.571094 0.44375 0.570313 0.440625 0.570313 0.439844 0.569531 0.4375 0.569531 0.436719 0.56875 0.435156 0.56875 0.434375 0.567969 0.433594 0.567969 0.432813 0.567188 0.43125 0.567188 0.430469 0.566406 0.429688 0.566406 0.428906 0.565625 0.427344 0.565625 0.425781 0.564063 0.885218
0 0.673438 0.575781 0.673438 0.582813 0.674219 0.583594 0.674219 0.584375 0.676563 0.586719 0.676563 0.5875 0.682031 0.592969 0.682813 0.592969 0.6875 0.597656 0.688281 0.597656 0.689844 0.599219 0.690625 0.599219 0.692188 0.600781 0.692969 0.600781 0.69375 0.601562 0.694531 0.601562 0.695312 0.602344 0.696094 0.602344 0.696875 0.603125 0.697656 0.603125 0.698438 0.603906 0.699219 0.603906 0.7 0.604688 0.700781 0.604688 0.701563 0.605469 0.703125 0.605469 0.703906 0.60625 0.704688 0.60625 0.705469 0.607031 0.707031 0.607031 0.707813 0.607813 0.708594 0.607813 0.709375 0.608594 0.710156 0.608594 0.710938 0.609375 0.7125 0.609375 0.713281 0.610156 0.714063 0.610156 0.714844 0.610938 0.716406 0.610938 0.717188 0.611719 0.71875 0.611719 0.719531 0.6125 0.721875 0.6125 0.722656 0.613281 0.725781 0.613281 0.726562 0.614062 0.728906 0.614062 0.729688 0.614844 0.732031 0.614844 0.732813 0.615625 0.735156 0.615625 0.735938 0.616406 0.739063 0.616406 0.739844 0.617188 0.742969 0.617188 0.74375 0.617969 0.746094 0.617969 0.746875 0.61875 0.752344 0.61875 0.753125 0.619531 0.766406 0.619531 0.767188 0.620313 0.776563 0.620313 0.777344 0.621094 0.782031 0.621094 0.782813 0.621875 0.805469 0.621875 0.80625 0.621094 0.8125 0.621094 0.813281 0.620313 0.821094 0.620313 0.821875 0.619531 0.826563 0.619531 0.827344 0.61875 0.830469 0.61875 0.83125 0.617969 0.833594 0.617969 0.834375 0.617188 0.836719 0.617188 0.8375 0.616406 0.840625 0.616406 0.841406 0.615625 0.84375 0.615625 0.844531 0.614844 0.846875 0.614844 0.847656 0.614062 0.849219 0.614062 0.85 0.613281 0.851562 0.613281 0.852344 0.6125 0.853906 0.6125 0.854688 0.611719 0.855469 0.611719 0.85625 0.610938 0.857813 0.610938 0.858594 0.610156 0.859375 0.610156 0.860156 0.609375 0.861719 0.609375 0.8625 0.608594 0.863281 0.608594 0.864844 0.607031 0.865625 0.607031 0.86875 0.603906 0.86875 0.603125 0.869531 0.602344 0.869531 0.600781 0.870313 0.6 0.870313 0.596875 0.871094 0.596094 0.871094 0.589063 0.870313 0.588281 0.870313 0.585938 0.869531 0.585938 0.867969 0.5875 0.867188 0.5875 0.866406 0.588281 0.865625 0.588281 0.864844 0.589063 0.864063 0.589063 0.863281 0.589844 0.861719 0.589844 0.860938 0.590625 0.859375 0.590625 0.858594 0.591406 0.857031 0.591406 0.85625 0.592188 0.853906 0.592188 0.853125 0.592969 0.851562 0.592969 0.850781 0.59375 0.85 0.59375 0.849219 0.594531 0.847656 0.594531 0.846875 0.595313 0.846094 0.595313 0.844531 0.596875 0.84375 0.596875 0.841406 0.599219 0.840625 0.599219 0.839063 0.600781 0.836719 0.600781 0.835938 0.601562 0.835156 0.601562 0.832031 0.604688 0.83125 0.604688 0.830469 0.605469 0.828906 0.605469 0.828125 0.60625 0.825 0.60625 0.824219 0.607031 0.820312 0.607031 0.819531 0.607813 0.815625 0.607813 0.814844 0.608594 0.778125 0.608594 0.777344 0.607813 0.760938 0.607813 0.760156 0.607031 0.753125 0.607031 0.752344 0.60625 0.746875 0.60625 0.746094 0.605469 0.742188 0.605469 0.741406 0.604688 0.738281 0.604688 0.7375 0.603906 0.735156 0.603906 0.734375 0.603125 0.732031 0.603125 0.73125 0.602344 0.728125 0.602344 0.727344 0.601562 0.724219 0.601562 0.723438 0.600781 0.721094 0.600781 0.720313 0.6 0.717969 0.6 0.717188 0.599219 0.715625 0.599219 0.714844 0.598437 0.713281 0.598437 0.7125 0.597656 0.710156 0.597656 0.709375 0.596875 0.708594 0.596875 0.707813 0.596094 0.70625 0.596094 0.705469 0.595313 0.703906 0.595313 0.703125 0.594531 0.702344 0.594531 0.701563 0.59375 0.7 0.59375 0.699219 0.592969 0.698438 0.592969 0.697656 0.592188 0.696875 0.592188 0.696094 0.591406 0.695312 0.591406 0.694531 0.590625 0.69375 0.590625 0.692969 0.589844 0.692188 0.589844 0.691406 0.589063 0.690625 0.589063 0.689844 0.588281 0.689063 0.588281 0.688281 0.5875 0.6875 0.5875 0.685938 0.585938 0.685156 0.585938 0.684375 0.585156 0.683594 0.585156 0.675 0.576563 0.674219 0.576563 0.875169
0 0.685938 0.479688 0.685938 0.491406 0.686719 0.491406 0.6875 0.492188 0.688281 0.492188 0.689063 0.492969 0.689844 0.492969 0.690625 0.49375 0.691406 0.49375 0.692188 0.494531 0.692969 0.494531 0.69375 0.495313 0.694531 0.495313 0.695312 0.496094 0.696094 0.496094 0.696875 0.496875 0.697656 0.496875 0.698438 0.497656 0.700781 0.497656 0.701563 0.498438 0.702344 0.498438 0.703125 0.499219 0.703906 0.499219 0.704688 0.5 0.70625 0.5 0.707031 0.500781 0.708594 0.500781 0.709375 0.501563 0.710938 0.501563 0.711719 0.502344 0.7125 0.502344 0.713281 0.503125 0.714844 0.503125 0.715625 0.503906 0.717969 0.503906 0.71875 0.504688 0.720313 0.504688 0.721094 0.505469 0.723438 0.505469 0.724219 0.50625 0.726562 0.50625 0.727344 0.507031 0.732031 0.507031 0.732813 0.507812 0.735938 0.507812 0.736719 0.508594 0.738281 0.508594 0.739063 0.509375 0.742969 0.509375 0.74375 0.510156 0.749219 0.510156 0.75 0.510938 0.754688 0.510938 0.755469 0.511719 0.759375 0.511719 0.760156 0.5125 0.771094 0.5125 0.771875 0.513281 0.786719 0.513281 0.7875 0.514063 0.797656 0.514063 0.798438 0.514844 0.815625 0.514844 0.816406 0.514063 0.836719 0.514063 0.8375 0.513281 0.846094 0.513281 0.846875 0.5125 0.853125 0.5125 0.853906 0.511719 0.858594 0.511719 0.859375 0.510938 0.863281 0.510938 0.864063 0.510156 0.866406 0.510156 0.867188 0.509375 0.86875 0.509375 0.869531 0.508594 0.871094 0.508594 0.871875 0.507812 0.874219 0.507812 0.875 0.507031 0.877344 0.507031 0.878125 0.50625 0.879688 0.50625 0.880469 0.505469 0.88125 0.505469 0.882031 0.504688 0.883594 0.504688 0.884375 0.503906 0.885938 0.503906 0.886719 0.503125 0.8875 0.503125 0.889063 0.501563 0.889063 0.500781 0.890625 0.499219 0.890625 0.489844 0.889844 0.489063 0.888281 0.489063 0.886719 0.490625 0.885938 0.490625 0.885156 0.491406 0.884375 0.491406 0.883594 0.492188 0.882812 0.492188 0.88125 0.49375 0.880469 0.49375 0.879688 0.494531 0.877344 0.494531 0.876563 0.495313 0.875 0.495313 0.874219 0.496094 0.872656 0.496094 0.871875 0.496875 0.870313 0.496875 0.869531 0.497656 0.867188 0.497656 0.866406 0.498438 0.861719 0.498438 0.860938 0.499219 0.857813 0.499219 0.857031 0.5 0.853906 0.5 0.853125 0.500781 0.846094 0.500781 0.845313 0.501563 0.833594 0.501563 0.832813 0.502344 0.824219 0.502344 0.823438 0.503125 0.790625 0.503125 0.789844 0.502344 0.782031 0.502344 0.78125 0.501563 0.766406 0.501563 0.765625 0.500781 0.758594 0.500781 0.757812 0.5 0.754688 0.5 0.753906 0.499219 0.750781 0.499219 0.75 0.498438 0.744531 0.498438 0.74375 0.497656 0.740625 0.497656 0.739844 0.496875 0.7375 0.496875 0.736719 0.496094 0.734375 0.496094 0.733594 0.495313 0.728125 0.495313 0.727344 0.494531 0.724219 0.494531 0.723438 0.49375 0.721875 0.49375 0.721094 0.492969 0.719531 0.492969 0.71875 0.492188 0.714844 0.492188 0.714063 0.491406 0.711719 0.491406 0.710938 0.490625 0.709375 0.490625 0.708594 0.489844 0.707813 0.489844 0.707031 0.489063 0.704688 0.489063 0.703906 0.488281 0.702344 0.488281 0.701563 0.4875 0.7 0.4875 0.699219 0.486719 0.698438 0.486719 0.697656 0.485938 0.696094 0.485938 0.695312 0.485156 0.69375 0.485156 0.691406 0.482813 0.690625 0.482813 0.689844 0.482031 0.688281 0.482031 0.874989
0 0.684375 0.442969 0.684375 0.45625 0.685156 0.45625 0.685938 0.457031 0.686719 0.457031 0.6875 0.457813 0.688281 0.457813 0.689844 0.459375 0.690625 0.459375 0.692188 0.460938 0.69375 0.460938 0.694531 0.461719 0.695312 0.461719 0.696094 0.4625 0.697656 0.4625 0.698438 0.463281 0.699219 0.463281 0.7 0.464063 0.701563 0.464063 0.702344 0.464844 0.703906 0.464844 0.704688 0.465625 0.70625 0.465625 0.707031 0.466406 0.708594 0.466406 0.709375 0.467188 0.7125 0.467188 0.713281 0.467969 0.717188 0.467969 0.717969 0.46875 0.721875 0.46875 0.722656 0.469531 0.728906 0.469531 0.729688 0.470313 0.734375 0.470313 0.735156 0.471094 0.738281 0.471094 0.739063 0.471875 0.742188 0.471875 0.742969 0.472656 0.75 0.472656 0.750781 0.473438 0.755469 0.473438 0.75625 0.474219 0.759375 0.474219 0.760156 0.475 0.767969 0.475 0.76875 0.475781 0.795313 0.475781 0.796094 0.476562 0.817188 0.476562 0.817969 0.477344 0.823438 0.477344 0.824219 0.476562 0.835156 0.476562 0.835938 0.475781 0.84375 0.475781 0.844531 0.475 0.848438 0.475 0.849219 0.474219 0.854688 0.474219 0.855469 0.473438 0.867188 0.473438 0.867969 0.472656 0.870313 0.472656 0.871094 0.471875 0.873438 0.471875 0.874219 0.471094 0.876563 0.471094 0.877344 0.470313 0.879688 0.470313 0.880469 0.469531 0.88125 0.469531 0.882031 0.46875 0.883594 0.46875 0.884375 0.467969 0.885938 0.467969 0.886719 0.467188 0.8875 0.467188 0.888281 0.466406 0.889063 0.466406 0.891406 0.464063 0.891406 0.463281 0.892188 0.4625 0.892188 0.450781 0.891406 0.45 0.890625 0.450781 0.889063 0.450781 0.8875 0.452344 0.886719 0.452344 0.885156 0.453906 0.884375 0.453906 0.883594 0.454688 0.882031 0.454688 0.88125 0.455469 0.879688 0.455469 0.878906 0.45625 0.878125 0.45625 0.877344 0.457031 0.875 0.457031 0.874219 0.457813 0.871875 0.457813 0.871094 0.458594 0.86875 0.458594 0.867969 0.459375 0.865625 0.459375 0.864844 0.460156 0.858594 0.460156 0.857813 0.460938 0.847656 0.460938 0.846875 0.461719 0.8375 0.461719 0.836719 0.4625 0.832031 0.4625 0.83125 0.463281 0.819531 0.463281 0.81875 0.464063 0.785938 0.464063 0.785156 0.463281 0.777344 0.463281 0.776563 0.4625 0.769531 0.4625 0.76875 0.461719 0.760156 0.461719 0.759375 0.460938 0.750781 0.460938 0.75 0.460156 0.74375 0.460156 0.742969 0.459375 0.739844 0.459375 0.739063 0.458594 0.735938 0.458594 0.735156 0.457813 0.732031 0.457813 0.73125 0.457031 0.728125 0.457031 0.727344 0.45625 0.723438 0.45625 0.722656 0.455469 0.717188 0.455469 0.716406 0.454688 0.7125 0.454688 0.711719 0.453906 0.708594 0.453906 0.707813 0.453125 0.705469 0.453125 0.704688 0.452344 0.703125 0.452344 0.702344 0.451563 0.700781 0.451563 0.7 0.450781 0.698438 0.450781 0.697656 0.45 0.696875 0.45 0.696094 0.449219 0.695312 0.449219 0.694531 0.448438 0.692969 0.448438 0.691406 0.446875 0.690625 0.446875 0.689844 0.446094 0.689063 0.446094 0.688281 0.445312 0.6875 0.445312 0.685938 0.44375 0.685156 0.44375 0.777959
0 0.386719 0.572656 0.383594 0.575781 0.382812 0.575781 0.380469 0.578125 0.379688 0.578125 0.378125 0.579688 0.377344 0.579688 0.375 0.582031 0.374219 0.582031 0.372656 0.583594 0.371875 0.583594 0.370313 0.585156 0.369531 0.585156 0.36875 0.585938 0.367188 0.585938 0.365625 0.5875 0.364844 0.5875 0.364063 0.588281 0.363281 0.588281 0.3625 0.589063 0.360938 0.589063 0.360156 0.589844 0.359375 0.589844 0.358594 0.590625 0.357031 0.590625 0.35625 0.591406 0.354688 0.591406 0.353906 0.592188 0.351562 0.592188 0.350781 0.592969 0.35 0.592969 0.349219 0.59375 0.347656 0.59375 0.346875 0.594531 0.344531 0.594531 0.34375 0.595313 0.341406 0.595313 0.340625 0.596094 0.338281 0.596094 0.3375 0.596875 0.335156 0.596875 0.334375 0.597656 0.33125 0.597656 0.330469 0.598437 0.325781 0.598437 0.325 0.599219 0.321875 0.599219 0.321094 0.6 0.317969 0.6 0.317188 0.600781 0.3125 0.600781 0.311719 0.601562 0.305469 0.601562 0.304688 0.602344 0.299219 0.602344 0.298438 0.603125 0.29375 0.603125 0.292969 0.603906 0.2625 0.603906 0.261719 0.603125 0.253125 0.603125 0.252344 0.602344 0.242188 0.602344 0.241406 0.601562 0.234375 0.601562 0.233594 0.600781 0.229688 0.600781 0.228906 0.6 0.225 0.6 0.224219 0.599219 0.221875 0.599219 0.221094 0.598437 0.219531 0.598437 0.21875 0.597656 0.216406 0.597656 0.215625 0.596875 0.214063 0.596875 0.213281 0.596094 0.210938 0.596094 0.210156 0.595313 0.208594 0.595313 0.207813 0.594531 0.20625 0.594531 0.205469 0.59375 0.204688 0.59375 0.203906 0.592969 0.202344 0.592969 0.201563 0.592188 0.200781 0.592188 0.2 0.591406 0.198438 0.591406 0.197656 0.590625 0.195312 0.590625 0.195312 0.594531 0.196094 0.595313 0.196094 0.596094 0.197656 0.597656 0.197656 0.598437 0.198438 0.598437 0.201563 0.601562 0.202344 0.601562 0.203906 0.603125 0.204688 0.603125 0.20625 0.604688 0.207031 0.604688 0.207813 0.605469 0.208594 0.605469 0.209375 0.60625 0.210938 0.60625 0.211719 0.607031 0.213281 0.607031 0.214063 0.607813 0.215625 0.607813 0.216406 0.608594 0.217188 0.608594 0.217969 0.609375 0.220313 0.609375 0.221094 0.610156 0.222656 0.610156 0.223438 0.610938 0.226562 0.610938 0.227344 0.611719 0.230469 0.611719 0.23125 0.6125 0.234375 0.6125 0.235156 0.613281 0.240625 0.613281 0.241406 0.614062 0.247656 0.614062 0.248438 0.614844 0.305469 0.614844 0.30625 0.614062 0.311719 0.614062 0.3125 0.613281 0.31875 0.613281 0.319531 0.6125 0.323438 0.6125 0.324219 0.611719 0.327344 0.611719 0.328125 0.610938 0.332031 0.610938 0.332813 0.610156 0.336719 0.610156 0.3375 0.609375 0.340625 0.609375 0.341406 0.608594 0.34375 0.608594 0.344531 0.607813 0.346094 0.607813 0.346875 0.607031 0.349219 0.607031 0.35 0.60625 0.351562 0.60625 0.352344 0.605469 0.353906 0.605469 0.354688 0.604688 0.35625 0.604688 0.357031 0.603906 0.358594 0.603906 0.359375 0.603125 0.360938 0.603125 0.361719 0.602344 0.363281 0.602344 0.364063 0.601562 0.364844 0.601562 0.365625 0.600781 0.367188 0.600781 0.367969 0.6 0.36875 0.6 0.369531 0.599219 0.370313 0.599219 0.371094 0.598437 0.371875 0.598437 0.372656 0.597656 0.373438 0.597656 0.374219 0.596875 0.375 0.596875 0.376563 0.595313 0.377344 0.595313 0.378906 0.59375 0.379688 0.59375 0.382031 0.591406 0.382812 0.591406 0.385938 0.588281 0.385938 0.5875 0.386719 0.586719 0.696429
0 0.386719 0.572656 0.385938 0.573438 0.385156 0.573438 0.385156 0.574219 0.383594 0.575781 0.382812 0.575781 0.380469 0.578125 0.379688 0.578125 0.378125 0.579688 0.377344 0.579688 0.375 0.582031 0.374219 0.582031 0.372656 0.583594 0.371875 0.583594 0.370313 0.585156 0.369531 0.585156 0.36875 0.585938 0.367188 0.585938 0.365625 0.5875 0.364844 0.5875 0.364063 0.588281 0.363281 0.588281 0.3625 0.589063 0.360938 0.589063 0.360156 0.589844 0.359375 0.589844 0.358594 0.590625 0.357813 0.590625 0.357031 0.591406 0.355469 0.591406 0.354688 0.592188 0.351562 0.592188 0.350781 0.592969 0.35 0.592969 0.349219 0.59375 0.347656 0.59375 0.346875 0.594531 0.345313 0.594531 0.344531 0.595313 0.341406 0.595313 0.340625 0.596094 0.338281 0.596094 0.3375 0.596875 0.335156 0.596875 0.334375 0.597656 0.332031 0.597656 0.33125 0.598437 0.325781 0.598437 0.325 0.599219 0.321875 0.599219 0.321094 0.6 0.31875 0.6 0.317969 0.600781 0.3125 0.600781 0.311719 0.601562 0.304688 0.601562 0.303906 0.602344 0.299219 0.602344 0.298438 0.603125 0.294531 0.603125 0.29375 0.603906 0.277344 0.603906 0.276563 0.604688 0.275781 0.603906 0.261719 0.603906 0.260938 0.603125 0.252344 0.603125 0.251563 0.602344 0.242969 0.602344 0.242188 0.601562 0.235156 0.601562 0.234375 0.600781 0.229688 0.600781 0.228906 0.6 0.225 0.6 0.224219 0.599219 0.221875 0.599219 0.221094 0.598437 0.219531 0.598437 0.21875 0.597656 0.216406 0.597656 0.215625 0.596875 0.214063 0.596875 0.213281 0.596094 0.211719 0.596094 0.210938 0.595313 0.208594 0.595313 0.207813 0.594531 0.20625 0.594531 0.205469 0.59375 0.204688 0.59375 0.203906 0.592969 0.202344 0.592969 0.201563 0.592188 0.2 0.592188 0.199219 0.591406 0.197656 0.591406 0.197656 0.597656 0.200781 0.600781 0.201563 0.600781 0.203125 0.602344 0.203906 0.602344 0.205469 0.603906 0.20625 0.603906 0.207031 0.604688 0.207813 0.604688 0.208594 0.605469 0.209375 0.605469 0.210156 0.60625 0.210938 0.60625 0.211719 0.607031 0.213281 0.607031 0.214063 0.607813 0.215625 0.607813 0.216406 0.608594 0.217969 0.608594 0.21875 0.609375 0.220313 0.609375 0.221094 0.610156 0.223438 0.610156 0.224219 0.610938 0.227344 0.610938 0.228125 0.611719 0.23125 0.611719 0.232031 0.6125 0.235156 0.6125 0.235938 0.613281 0.241406 0.613281 0.242188 0.614062 0.249219 0.614062 0.25 0.614844 0.303906 0.614844 0.304688 0.614062 0.310937 0.614062 0.311719 0.613281 0.317969 0.613281 0.31875 0.6125 0.322656 0.6125 0.323438 0.611719 0.327344 0.611719 0.328125 0.610938 0.33125 0.610938 0.332031 0.610156 0.335938 0.610156 0.336719 0.609375 0.339844 0.609375 0.340625 0.608594 0.342969 0.608594 0.34375 0.607813 0.346094 0.607813 0.346875 0.607031 0.349219 0.607031 0.35 0.60625 0.351562 0.60625 0.352344 0.605469 0.353125 0.605469 0.353906 0.604688 0.35625 0.604688 0.357031 0.603906 0.358594 0.603906 0.359375 0.603125 0.360938 0.603125 0.361719 0.602344 0.363281 0.602344 0.364063 0.601562 0.364844 0.601562 0.365625 0.600781 0.367188 0.600781 0.367969 0.6 0.36875 0.6 0.369531 0.599219 0.370313 0.599219 0.371094 0.598437 0.371875 0.598437 0.372656 0.597656 0.373438 0.597656 0.375 0.596094 0.375781 0.596094 0.376563 0.595313 0.377344 0.595313 0.378906 0.59375 0.379688 0.59375 0.382812 0.590625 0.383594 0.590625 0.385156 0.589063 0.385156 0.588281 0.3875 0.585938 0.3875 0.572656 0.588064
0 0.366406 0.454688 0.364844 0.45625 0.364063 0.45625 0.359375 0.460938 0.358594 0.460938 0.357813 0.461719 0.357031 0.461719 0.355469 0.463281 0.354688 0.463281 0.353906 0.464063 0.353125 0.464063 0.352344 0.464844 0.351562 0.464844 0.350781 0.465625 0.35 0.465625 0.349219 0.466406 0.348438 0.466406 0.347656 0.467188 0.345313 0.467188 0.344531 0.467969 0.34375 0.467969 0.342969 0.46875 0.341406 0.46875 0.340625 0.469531 0.339063 0.469531 0.338281 0.470313 0.335938 0.470313 0.335156 0.471094 0.332813 0.471094 0.332031 0.471875 0.330469 0.471875 0.329688 0.472656 0.326563 0.472656 0.325781 0.473438 0.322656 0.473438 0.321875 0.474219 0.319531 0.474219 0.31875 0.475 0.316406 0.475 0.315625 0.475781 0.309375 0.475781 0.308594 0.476562 0.3 0.476562 0.299219 0.477344 0.291406 0.477344 0.290625 0.478125 0.282813 0.478125 0.282031 0.478906 0.26875 0.478906 0.267969 0.479688 0.224219 0.479688 0.223438 0.478906 0.216406 0.478906 0.215625 0.478125 0.210938 0.478125 0.210156 0.477344 0.203125 0.477344 0.202344 0.476562 0.192188 0.476562 0.191406 0.475781 0.188281 0.475781 0.188281 0.480469 0.189063 0.480469 0.190625 0.482031 0.191406 0.482031 0.192188 0.482813 0.192969 0.482813 0.19375 0.483594 0.194531 0.483594 0.195312 0.484375 0.196094 0.484375 0.196875 0.485156 0.198438 0.485156 0.199219 0.485938 0.200781 0.485938 0.201563 0.486719 0.203125 0.486719 0.203906 0.4875 0.20625 0.4875 0.207031 0.488281 0.209375 0.488281 0.210156 0.489063 0.211719 0.489063 0.2125 0.489844 0.214063 0.489844 0.214844 0.490625 0.217969 0.490625 0.21875 0.491406 0.223438 0.491406 0.224219 0.492188 0.228906 0.492188 0.229688 0.492969 0.239063 0.492969 0.239844 0.49375 0.269531 0.49375 0.270313 0.492969 0.285938 0.492969 0.286719 0.492188 0.295313 0.492188 0.296094 0.491406 0.303125 0.491406 0.303906 0.490625 0.311719 0.490625 0.3125 0.489844 0.316406 0.489844 0.317188 0.489063 0.321094 0.489063 0.321875 0.488281 0.326563 0.488281 0.327344 0.4875 0.33125 0.4875 0.332031 0.486719 0.335156 0.486719 0.335938 0.485938 0.339844 0.485938 0.340625 0.485156 0.34375 0.485156 0.344531 0.484375 0.346094 0.484375 0.346875 0.483594 0.348438 0.483594 0.349219 0.482813 0.352344 0.482813 0.353125 0.482031 0.35625 0.482031 0.357031 0.48125 0.358594 0.48125 0.359375 0.480469 0.360938 0.480469 0.361719 0.479688 0.364063 0.479688 0.364844 0.478906 0.366406 0.478906 0.367188 0.478125 0.367969 0.478125 0.36875 0.477344 0.369531 0.477344 0.370313 0.476562 0.371094 0.476562 0.372656 0.475 0.373438 0.475 0.374219 0.474219 0.375 0.474219 0.376563 0.472656 0.376563 0.45625 0.375 0.454688 0.337842
