0 0.588281 0.417969 0.586719 0.419531 0.585938 0.419531 0.585156 0.420313 0.584375 0.420313 0.582031 0.422656 0.58125 0.422656 0.580469 0.423438 0.579688 0.423438 0.578906 0.424219 0.578125 0.424219 0.577344 0.425 0.576563 0.425 0.575781 0.425781 0.575 0.425781 0.574219 0.426563 0.573438 0.426563 0.572656 0.427344 0.570313 0.427344 0.569531 0.428125 0.56875 0.428125 0.567969 0.428906 0.566406 0.428906 0.565625 0.429688 0.563281 0.429688 0.5625 0.430469 0.561719 0.430469 0.560938 0.43125 0.559375 0.43125 0.558594 0.432031 0.557031 0.432031 0.55625 0.432813 0.554688 0.432813 0.553906 0.433594 0.552344 0.433594 0.551563 0.434375 0.55 0.434375 0.549219 0.435156 0.547656 0.435156 0.546875 0.435938 0.54375 0.435938 0.542969 0.436719 0.539063 0.436719 0.538281 0.4375 0.534375 0.4375 0.533594 0.438281 0.529688 0.438281 0.528906 0.439063 0.524219 0.439063 0.523438 0.439844 0.517188 0.439844 0.516406 0.440625 0.510938 0.440625 0.510156 0.441406 0.492969 0.441406 0.492188 0.442188 0.475781 0.442188 0.475 0.442969 0.448438 0.442969 0.447656 0.442188 0.432031 0.442188 0.43125 0.441406 0.423438 0.441406 0.422656 0.440625 0.417969 0.440625 0.417188 0.439844 0.4125 0.439844 0.411719 0.439063 0.407813 0.439063 0.407031 0.438281 0.403125 0.438281 0.402344 0.4375 0.4 0.4375 0.399219 0.436719 0.396875 0.436719 0.396094 0.435938 0.392969 0.435938 0.392188 0.435156 0.389063 0.435156 0.388281 0.434375 0.3875 0.434375 0.386719 0.433594 0.385156 0.433594 0.384375 0.432813 0.382812 0.432813 0.382031 0.432031 0.380469 0.432031 0.379688 0.43125 0.378125 0.43125 0.377344 0.430469 0.375781 0.430469 0.375 0.429688 0.372656 0.429688 0.371875 0.428906 0.370313 0.428906 0.369531 0.428125 0.367969 0.428125 0.367188 0.427344 0.366406 0.427344 0.365625 0.426563 0.364844 0.426563 0.364063 0.425781 0.361719 0.425781 0.361719 0.432813 0.3625 0.433594 0.3625 0.435156 0.364844 0.4375 0.365625 0.4375 0.366406 0.438281 0.367188 0.438281 0.36875 0.439844 0.369531 0.439844 0.371094 0.441406 0.372656 0.441406 0.373438 0.442188 0.374219 0.442188 0.375781 0.44375 0.377344 0.44375 0.378125 0.444531 0.380469 0.444531 0.38125 0.445312 0.382812 0.445312 0.383594 0.446094 0.385156 0.446094 0.385938 0.446875 0.3875 0.446875 0.388281 0.447656 0.391406 0.447656 0.392188 0.448438 0.394531 0.448438 0.395313 0.449219 0.396875 0.449219 0.397656 0.45 0.4 0.45 0.400781 0.450781 0.405469 0.450781 0.40625 0.451563 0.409375 0.451563 0.410156 0.452344 0.413281 0.452344 0.414062 0.453125 0.417969 0.453125 0.41875 0.453906 0.424219 0.453906 0.425 0.454688 0.435938 0.454688 0.436719 0.455469 0.451563 0.455469 0.452344 0.45625 0.460156 0.45625 0.460938 0.457031 0.48125 0.457031 0.482031 0.45625 0.491406 0.45625 0.492188 0.455469 0.498438 0.455469 0.499219 0.454688 0.507812 0.454688 0.508594 0.453906 0.517969 0.453906 0.51875 0.453125 0.524219 0.453125 0.525 0.452344 0.529688 0.452344 0.530469 0.451563 0.534375 0.451563 0.535156 0.450781 0.539844 0.450781 0.540625 0.45 0.544531 0.45 0.545313 0.449219 0.548438 0.449219 0.549219 0.448438 0.552344 0.448438 0.553125 0.447656 0.555469 0.447656 0.55625 0.446875 0.559375 0.446875 0.560156 0.446094 0.561719 0.446094 0.5625 0.445312 0.564844 0.445312 0.565625 0.444531 0.567969 0.444531 0.56875 0.44375 0.571094 0.44375 0.571875 0.442969 0.572656 0.442969 0.573438 0.442188 0.574219 0.442188 0.575 0.441406 0.575781 0.441406 0.576563 0.440625 0.577344 0.440625 0.579688 0.438281 0.580469 0.438281 0.582813 0.435938 0.583594 0.435938 0.589063 0.430469 0.589063 0.429688 0.589844 0.428906 0.589844 0.428125 0.590625 0.427344 0.590625 0.426563 0.591406 0.425781 0.591406 0.417969 0.956797
0 0.585938 0.485156 0.585156 0.485938 0.585156 0.486719 0.583594 0.488281 0.582813 0.488281 0.578125 0.492969 0.577344 0.492969 0.576563 0.49375 0.575781 0.49375 0.574219 0.495313 0.573438 0.495313 0.572656 0.496094 0.571094 0.496094 0.570313 0.496875 0.569531 0.496875 0.56875 0.497656 0.567188 0.497656 0.566406 0.498438 0.565625 0.498438 0.564844 0.499219 0.564063 0.499219 0.563281 0.5 0.5625 0.5 0.561719 0.500781 0.560938 0.500781 0.560156 0.501563 0.557031 0.501563 0.55625 0.502344 0.555469 0.502344 0.554688 0.503125 0.553125 0.503125 0.552344 0.503906 0.549219 0.503906 0.548438 0.504688 0.546875 0.504688 0.546094 0.505469 0.544531 0.505469 0.54375 0.50625 0.542188 0.50625 0.541406 0.507031 0.536719 0.507031 0.535938 0.507812 0.532031 0.507812 0.53125 0.508594 0.528125 0.508594 0.527344 0.509375 0.524219 0.509375 0.523438 0.510156 0.517188 0.510156 0.516406 0.510938 0.511719 0.510938 0.510938 0.511719 0.507812 0.511719 0.507031 0.5125 0.503125 0.5125 0.502344 0.513281 0.490625 0.513281 0.489844 0.514063 0.45 0.514063 0.449219 0.513281 0.435938 0.513281 0.435156 0.5125 0.428906 0.5125 0.428125 0.511719 0.424219 0.511719 0.423438 0.510938 0.41875 0.510938 0.417969 0.510156 0.4125 0.510156 0.411719 0.509375 0.409375 0.509375 0.408594 0.508594 0.40625 0.508594 0.405469 0.507812 0.403125 0.507812 0.402344 0.507031 0.400781 0.507031 0.4 0.50625 0.398438 0.50625 0.397656 0.505469 0.396875 0.505469 0.396094 0.504688 0.394531 0.504688 0.39375 0.503906 0.392969 0.503906 0.392188 0.503125 0.391406 0.503125 0.390625 0.502344 0.389844 0.502344 0.388281 0.500781 0.385938 0.500781 0.385156 0.5 0.384375 0.5 0.383594 0.499219 0.382812 0.499219 0.382031 0.498438 0.38125 0.498438 0.379688 0.496875 0.378906 0.496875 0.377344 0.495313 0.377344 0.494531 0.376563 0.49375 0.376563 0.492188 0.375781 0.491406 0.375 0.491406 0.374219 0.490625 0.372656 0.490625 0.371875 0.489844 0.370313 0.489844 0.366406 0.485938 0.366406 0.499219 0.367969 0.500781 0.367969 0.501563 0.370313 0.503906 0.370313 0.504688 0.375 0.509375 0.375781 0.509375 0.376563 0.510156 0.377344 0.510156 0.378906 0.511719 0.379688 0.511719 0.380469 0.5125 0.382031 0.5125 0.382812 0.513281 0.383594 0.513281 0.385938 0.515625 0.386719 0.515625 0.3875 0.516406 0.389063 0.516406 0.389844 0.517188 0.390625 0.517188 0.391406 0.517969 0.392188 0.517969 0.392969 0.51875 0.394531 0.51875 0.395313 0.519531 0.396875 0.519531 0.397656 0.520313 0.399219 0.520313 0.4 0.521094 0.402344 0.521094 0.403125 0.521875 0.404688 0.521875 0.405469 0.522656 0.410156 0.522656 0.410938 0.523438 0.415625 0.523438 0.416406 0.524219 0.419531 0.524219 0.420313 0.525 0.425781 0.525 0.426563 0.525781 0.433594 0.525781 0.434375 0.526563 0.442969 0.526563 0.44375 0.527344 0.454688 0.527344 0.455469 0.528125 0.474219 0.528125 0.475 0.528906 0.476562 0.528906 0.477344 0.528125 0.501563 0.528125 0.502344 0.527344 0.510156 0.527344 0.510938 0.526563 0.516406 0.526563 0.517188 0.525781 0.521875 0.525781 0.522656 0.525 0.526563 0.525 0.527344 0.524219 0.530469 0.524219 0.53125 0.523438 0.5375 0.523438 0.538281 0.522656 0.544531 0.522656 0.546094 0.521094 0.546875 0.521094 0.548438 0.519531 0.55 0.519531 0.550781 0.51875 0.552344 0.51875 0.553125 0.517969 0.553906 0.517969 0.554688 0.517188 0.55625 0.517188 0.557031 0.516406 0.558594 0.516406 0.559375 0.515625 0.560938 0.515625 0.561719 0.514844 0.563281 0.514844 0.564063 0.514063 0.564844 0.514063 0.565625 0.513281 0.566406 0.513281 0.567188 0.5125 0.567969 0.5125 0.56875 0.511719 0.569531 0.511719 0.570313 0.510938 0.571094 0.510938 0.572656 0.509375 0.573438 0.509375 0.575 0.507812 0.575781 0.507812 0.577344 0.50625 0.578125 0.50625 0.579688 0.504688 0.580469 0.504688 0.584375 0.500781 0.584375 0.5 0.585938 0.498438 0.585938 0.497656 0.586719 0.496875 0.586719 0.495313 0.5875 0.494531 0.5875 0.4875 0.586719 0.486719 0.586719 0.485938 0.956626
0 0.357813 0.389844 0.357813 0.407813 0.359375 0.409375 0.360938 0.409375 0.363281 0.411719 0.364063 0.411719 0.364844 0.4125 0.365625 0.4125 0.366406 0.413281 0.367188 0.413281 0.367969 0.414062 0.36875 0.414062 0.369531 0.414844 0.371094 0.414844 0.371875 0.415625 0.373438 0.415625 0.374219 0.416406 0.377344 0.416406 0.378125 0.417188 0.379688 0.417188 0.380469 0.417969 0.382031 0.417969 0.382812 0.41875 0.385156 0.41875 0.385938 0.419531 0.388281 0.419531 0.389063 0.420313 0.390625 0.420313 0.391406 0.421094 0.392969 0.421094 0.39375 0.421875 0.396094 0.421875 0.396875 0.422656 0.4 0.422656 0.400781 0.423438 0.405469 0.423438 0.40625 0.424219 0.4125 0.424219 0.413281 0.425 0.419531 0.425 0.420313 0.425781 0.428125 0.425781 0.428906 0.426563 0.488281 0.426563 0.489063 0.425781 0.507812 0.425781 0.508594 0.425 0.514844 0.425 0.515625 0.424219 0.521094 0.424219 0.521875 0.423438 0.528125 0.423438 0.528906 0.422656 0.538281 0.422656 0.539063 0.421875 0.54375 0.421875 0.544531 0.421094 0.547656 0.421094 0.548438 0.420313 0.550781 0.420313 0.551563 0.419531 0.554688 0.419531 0.555469 0.41875 0.557031 0.41875 0.557813 0.417969 0.559375 0.417969 0.560156 0.417188 0.561719 0.417188 0.5625 0.416406 0.564063 0.416406 0.564844 0.415625 0.566406 0.415625 0.567188 0.414844 0.56875 0.414844 0.569531 0.414062 0.570313 0.414062 0.571094 0.413281 0.571875 0.413281 0.572656 0.4125 0.573438 0.4125 0.574219 0.411719 0.575 0.411719 0.575781 0.410938 0.576563 0.410938 0.578125 0.409375 0.578906 0.409375 0.579688 0.408594 0.580469 0.408594 0.582031 0.407031 0.582813 0.407031 0.584375 0.405469 0.585156 0.405469 0.5875 0.403125 0.5875 0.402344 0.588281 0.401563 0.588281 0.400781 0.589063 0.4 0.589063 0.399219 0.589844 0.398438 0.589844 0.392188 0.589063 0.391406 0.588281 0.392188 0.5875 0.392188 0.586719 0.392969 0.585938 0.392969 0.584375 0.394531 0.583594 0.394531 0.582813 0.395313 0.582031 0.395313 0.58125 0.396094 0.580469 0.396094 0.579688 0.396875 0.578906 0.396875 0.578125 0.397656 0.577344 0.397656 0.576563 0.398438 0.575781 0.398438 0.575 0.399219 0.574219 0.399219 0.573438 0.4 0.571875 0.4 0.571094 0.400781 0.569531 0.400781 0.56875 0.401563 0.567188 0.401563 0.566406 0.402344 0.564063 0.402344 0.563281 0.403125 0.560938 0.403125 0.560156 0.403906 0.557031 0.403906 0.55625 0.404688 0.552344 0.404688 0.551563 0.405469 0.549219 0.405469 0.548438 0.40625 0.546094 0.40625 0.545313 0.407031 0.542188 0.407031 0.541406 0.407813 0.5375 0.407813 0.536719 0.408594 0.529688 0.408594 0.528906 0.409375 0.523438 0.409375 0.522656 0.410156 0.515625 0.410156 0.514844 0.410938 0.507812 0.410938 0.507031 0.411719 0.498438 0.411719 0.497656 0.4125 0.446094 0.4125 0.445312 0.411719 0.433594 0.411719 0.432813 0.410938 0.423438 0.410938 0.422656 0.410156 0.417969 0.410156 0.417188 0.409375 0.4125 0.409375 0.411719 0.408594 0.40625 0.408594 0.405469 0.407813 0.399219 0.407813 0.398438 0.407031 0.396094 0.407031 0.395313 0.40625 0.392188 0.40625 0.391406 0.405469 0.388281 0.405469 0.3875 0.404688 0.384375 0.404688 0.383594 0.403906 0.382031 0.403906 0.38125 0.403125 0.379688 0.403125 0.378906 0.402344 0.376563 0.402344 0.375781 0.401563 0.374219 0.401563 0.373438 0.400781 0.371875 0.400781 0.371094 0.4 0.370313 0.4 0.369531 0.399219 0.36875 0.399219 0.367969 0.398438 0.367188 0.398438 0.366406 0.397656 0.365625 0.397656 0.364844 0.396875 0.364063 0.396875 0.3625 0.395313 0.361719 0.395313 0.357813 0.391406 0.92805
0 0.358594 0.375781 0.358594 0.390625 0.359375 0.391406 0.360156 0.391406 0.360938 0.392188 0.361719 0.392188 0.364063 0.394531 0.365625 0.394531 0.366406 0.395313 0.367188 0.395313 0.36875 0.396875 0.369531 0.396875 0.370313 0.397656 0.371875 0.397656 0.372656 0.398438 0.374219 0.398438 0.375 0.399219 0.376563 0.399219 0.377344 0.4 0.379688 0.4 0.380469 0.400781 0.383594 0.400781 0.384375 0.401563 0.3875 0.401563 0.388281 0.402344 0.390625 0.402344 0.391406 0.403125 0.392188 0.403125 0.392969 0.403906 0.395313 0.403906 0.396094 0.404688 0.399219 0.404688 0.4 0.405469 0.401563 0.405469 0.402344 0.40625 0.40625 0.40625 0.407031 0.407031 0.414062 0.407031 0.414844 0.407813 0.419531 0.407813 0.420313 0.408594 0.423438 0.408594 0.424219 0.409375 0.429688 0.409375 0.430469 0.410156 0.440625 0.410156 0.441406 0.410938 0.455469 0.410938 0.45625 0.411719 0.491406 0.411719 0.492188 0.410938 0.502344 0.410938 0.503125 0.410156 0.511719 0.410156 0.5125 0.409375 0.521094 0.409375 0.521875 0.408594 0.527344 0.408594 0.528125 0.407813 0.533594 0.407813 0.534375 0.407031 0.539063 0.407031 0.539844 0.40625 0.542969 0.40625 0.54375 0.405469 0.546094 0.405469 0.546875 0.404688 0.549219 0.404688 0.55 0.403906 0.553906 0.403906 0.554688 0.403125 0.557031 0.403125 0.557813 0.402344 0.560156 0.402344 0.560938 0.401563 0.564063 0.401563 0.564844 0.400781 0.567188 0.400781 0.567969 0.4 0.569531 0.4 0.570313 0.399219 0.571875 0.399219 0.572656 0.398438 0.573438 0.398438 0.574219 0.397656 0.575 0.397656 0.575781 0.396875 0.576563 0.396875 0.577344 0.396094 0.578125 0.396094 0.578906 0.395313 0.579688 0.395313 0.580469 0.394531 0.58125 0.394531 0.582813 0.392969 0.583594 0.392969 0.584375 0.392188 0.585156 0.392188 0.588281 0.389063 0.589063 0.389063 0.592969 0.385156 0.592969 0.382812 0.59375 0.382031 0.59375 0.380469 0.594531 0.379688 0.594531 0.377344 0.595313 0.376563 0.594531 0.376563 0.592969 0.378125 0.591406 0.378125 0.590625 0.378906 0.589844 0.378906 0.589063 0.379688 0.5875 0.379688 0.585938 0.38125 0.585156 0.38125 0.584375 0.382031 0.582031 0.382031 0.58125 0.382812 0.579688 0.382812 0.578906 0.383594 0.578125 0.383594 0.577344 0.384375 0.575 0.384375 0.574219 0.385156 0.571094 0.385156 0.570313 0.385938 0.564063 0.385938 0.563281 0.386719 0.557031 0.386719 0.55625 0.3875 0.553125 0.3875 0.552344 0.388281 0.55 0.388281 0.549219 0.389063 0.546875 0.389063 0.546094 0.389844 0.54375 0.389844 0.542969 0.390625 0.539844 0.390625 0.539063 0.391406 0.535938 0.391406 0.535156 0.392188 0.530469 0.392188 0.529688 0.392969 0.526563 0.392969 0.525781 0.39375 0.522656 0.39375 0.521875 0.394531 0.516406 0.394531 0.515625 0.395313 0.503125 0.395313 0.502344 0.396094 0.442969 0.396094 0.442188 0.395313 0.428906 0.395313 0.428125 0.394531 0.421875 0.394531 0.421094 0.39375 0.417969 0.39375 0.417188 0.392969 0.413281 0.392969 0.4125 0.392188 0.407031 0.392188 0.40625 0.391406 0.403125 0.391406 0.402344 0.390625 0.4 0.390625 0.399219 0.389844 0.398438 0.389844 0.397656 0.389063 0.394531 0.389063 0.39375 0.388281 0.392969 0.388281 0.392188 0.3875 0.389844 0.3875 0.389063 0.388281 0.388281 0.388281 0.3875 0.3875 0.380469 0.3875 0.379688 0.386719 0.377344 0.386719 0.376563 0.385938 0.375 0.385938 0.374219 0.385156 0.372656 0.385156 0.371875 0.384375 0.371094 0.384375 0.370313 0.383594 0.369531 0.383594 0.36875 0.382812 0.367969 0.382812 0.367188 0.382031 0.366406 0.382031 0.364063 0.379688 0.363281 0.379688 0.3625 0.378906 0.361719 0.378906 0.926145
0 0.588281 0.4 0.58125 0.407031 0.580469 0.407031 0.578125 0.409375 0.577344 0.409375 0.575781 0.410938 0.575 0.410938 0.574219 0.411719 0.573438 0.411719 0.572656 0.4125 0.571094 0.4125 0.570313 0.413281 0.569531 0.413281 0.56875 0.414062 0.567188 0.414062 0.566406 0.414844 0.565625 0.414844 0.564844 0.415625 0.564063 0.415625 0.563281 0.416406 0.561719 0.416406 0.560938 0.417188 0.558594 0.417188 0.557813 0.417969 0.557031 0.417969 0.55625 0.41875 0.554688 0.41875 0.553906 0.419531 0.550781 0.419531 0.55 0.420313 0.546875 0.420313 0.546094 0.421094 0.54375 0.421094 0.542969 0.421875 0.539844 0.421875 0.539063 0.422656 0.535938 0.422656 0.535156 0.423438 0.526563 0.423438 0.525781 0.424219 0.519531 0.424219 0.51875 0.425 0.513281 0.425 0.5125 0.425781 0.501563 0.425781 0.500781 0.426563 0.43125 0.426563 0.430469 0.425781 0.422656 0.425781 0.421875 0.425 0.416406 0.425 0.415625 0.424219 0.411719 0.424219 0.410938 0.423438 0.405469 0.423438 0.404688 0.422656 0.400781 0.422656 0.4 0.421875 0.397656 0.421875 0.396875 0.421094 0.39375 0.421094 0.392969 0.420313 0.388281 0.420313 0.3875 0.419531 0.384375 0.419531 0.383594 0.41875 0.382031 0.41875 0.38125 0.417969 0.378906 0.417969 0.378125 0.417188 0.375 0.417188 0.374219 0.416406 0.371875 0.416406 0.371094 0.415625 0.369531 0.415625 0.36875 0.414844 0.367969 0.414844 0.367188 0.414062 0.366406 0.414062 0.365625 0.413281 0.364844 0.413281 0.364063 0.4125 0.363281 0.4125 0.3625 0.411719 0.361719 0.411719 0.360156 0.410156 0.359375 0.410156 0.359375 0.423438 0.360156 0.423438 0.360938 0.424219 0.361719 0.424219 0.3625 0.425 0.363281 0.425 0.364063 0.425781 0.365625 0.425781 0.366406 0.426563 0.367188 0.426563 0.367969 0.427344 0.369531 0.427344 0.370313 0.428125 0.371875 0.428125 0.372656 0.428906 0.374219 0.428906 0.375 0.429688 0.376563 0.429688 0.377344 0.430469 0.378906 0.430469 0.379688 0.43125 0.380469 0.43125 0.38125 0.432031 0.383594 0.432031 0.384375 0.432813 0.385938 0.432813 0.386719 0.433594 0.3875 0.433594 0.388281 0.434375 0.389844 0.434375 0.390625 0.435156 0.39375 0.435156 0.394531 0.435938 0.398438 0.435938 0.399219 0.436719 0.401563 0.436719 0.402344 0.4375 0.405469 0.4375 0.40625 0.438281 0.410156 0.438281 0.410938 0.439063 0.417188 0.439063 0.417969 0.439844 0.424219 0.439844 0.425 0.440625 0.432031 0.440625 0.432813 0.441406 0.451563 0.441406 0.452344 0.442188 0.474219 0.442188 0.475 0.441406 0.492969 0.441406 0.49375 0.440625 0.507812 0.440625 0.508594 0.439844 0.514844 0.439844 0.515625 0.439063 0.523438 0.439063 0.524219 0.438281 0.529688 0.438281 0.530469 0.4375 0.533594 0.4375 0.534375 0.436719 0.5375 0.436719 0.538281 0.435938 0.542188 0.435938 0.542969 0.435156 0.546875 0.435156 0.547656 0.434375 0.549219 0.434375 0.55 0.433594 0.551563 0.433594 0.552344 0.432813 0.553906 0.432813 0.554688 0.432031 0.557031 0.432031 0.557813 0.43125 0.558594 0.43125 0.559375 0.430469 0.560938 0.430469 0.561719 0.429688 0.563281 0.429688 0.564063 0.428906 0.566406 0.428906 0.567188 0.428125 0.567969 0.428125 0.56875 0.427344 0.570313 0.427344 0.571094 0.426563 0.572656 0.426563 0.573438 0.425781 0.575781 0.425781 0.576563 0.425 0.577344 0.425 0.578125 0.424219 0.578906 0.424219 0.579688 0.423438 0.580469 0.423438 0.58125 0.422656 0.582031 0.422656 0.584375 0.420313 0.585156 0.420313 0.586719 0.41875 0.5875 0.41875 0.589844 0.416406 0.589844 0.415625 0.590625 0.414844 0.590625 0.4125 0.591406 0.411719 0.591406 0.410156 0.590625 0.409375 0.590625 0.405469 0.591406 0.404688 0.591406 0.403906 0.590625 0.403125 0.590625 0.400781 0.589844 0.4 0.924455
0 0.596875 0.328125 0.596094 0.328906 0.594531 0.328906 0.59375 0.329688 0.592969 0.329688 0.592188 0.330469 0.591406 0.330469 0.590625 0.33125 0.589844 0.33125 0.589063 0.332031 0.588281 0.332031 0.5875 0.332813 0.585156 0.332813 0.584375 0.333594 0.583594 0.333594 0.582813 0.334375 0.582031 0.334375 0.58125 0.335156 0.578906 0.335156 0.578125 0.335938 0.575781 0.335938 0.575 0.336719 0.573438 0.336719 0.572656 0.3375 0.571094 0.3375 0.570313 0.338281 0.567188 0.338281 0.566406 0.339063 0.561719 0.339063 0.560938 0.339844 0.557813 0.339844 0.557031 0.340625 0.553906 0.340625 0.553125 0.341406 0.547656 0.341406 0.546875 0.342188 0.538281 0.342188 0.5375 0.342969 0.532813 0.342969 0.532031 0.34375 0.528125 0.34375 0.527344 0.344531 0.520313 0.344531 0.519531 0.345313 0.49375 0.345313 0.492969 0.346094 0.450781 0.346094 0.45 0.345313 0.429688 0.345313 0.428906 0.344531 0.422656 0.344531 0.421875 0.34375 0.405469 0.34375 0.404688 0.342969 0.399219 0.342969 0.398438 0.342188 0.390625 0.342188 0.389844 0.341406 0.385156 0.341406 0.384375 0.340625 0.38125 0.340625 0.380469 0.339844 0.377344 0.339844 0.376563 0.339063 0.373438 0.339063 0.372656 0.338281 0.371094 0.338281 0.370313 0.3375 0.36875 0.3375 0.367969 0.336719 0.366406 0.336719 0.365625 0.335938 0.363281 0.335938 0.3625 0.335156 0.361719 0.335156 0.360938 0.334375 0.360156 0.334375 0.357031 0.33125 0.35625 0.33125 0.353906 0.328906 0.353125 0.328906 0.353125 0.347656 0.353906 0.348438 0.354688 0.348438 0.355469 0.349219 0.357031 0.349219 0.357813 0.35 0.358594 0.35 0.359375 0.350781 0.360938 0.350781 0.361719 0.351562 0.3625 0.351562 0.363281 0.352344 0.364844 0.352344 0.365625 0.353125 0.367188 0.353125 0.367969 0.353906 0.371094 0.353906 0.371875 0.354688 0.374219 0.354688 0.375 0.355469 0.377344 0.355469 0.378125 0.35625 0.382031 0.35625 0.382812 0.357031 0.389063 0.357031 0.389844 0.357813 0.394531 0.357813 0.395313 0.358594 0.399219 0.358594 0.4 0.359375 0.405469 0.359375 0.40625 0.360156 0.413281 0.360156 0.414062 0.360938 0.420313 0.360938 0.421094 0.361719 0.441406 0.361719 0.442188 0.3625 0.442969 0.361719 0.507031 0.361719 0.507812 0.360938 0.520313 0.360938 0.521094 0.360156 0.527344 0.360156 0.528125 0.359375 0.534375 0.359375 0.535156 0.358594 0.539844 0.358594 0.540625 0.357813 0.546094 0.357813 0.546875 0.357031 0.553125 0.357031 0.553906 0.35625 0.557031 0.35625 0.557813 0.355469 0.560156 0.355469 0.560938 0.354688 0.563281 0.354688 0.564063 0.353906 0.567188 0.353906 0.567969 0.353125 0.570313 0.353125 0.571094 0.352344 0.572656 0.352344 0.573438 0.351562 0.575 0.351562 0.575781 0.350781 0.577344 0.350781 0.578125 0.35 0.579688 0.35 0.580469 0.349219 0.582031 0.349219 0.582813 0.348438 0.583594 0.348438 0.584375 0.347656 0.585156 0.347656 0.585938 0.346875 0.586719 0.346875 0.5875 0.346094 0.588281 0.346094 0.589844 0.344531 0.590625 0.344531 0.591406 0.34375 0.592188 0.34375 0.597656 0.338281 0.597656 0.3375 0.598437 0.336719 0.598437 0.329688 0.597656 0.328906 0.597656 0.328125 0.922068
0 0.366406 0.496094 0.366406 0.501563 0.367188 0.502344 0.367188 0.503906 0.367969 0.504688 0.367969 0.50625 0.36875 0.507031 0.36875 0.509375 0.369531 0.510156 0.369531 0.510938 0.371094 0.5125 0.371094 0.513281 0.374219 0.516406 0.375 0.516406 0.375781 0.517188 0.376563 0.517188 0.378125 0.51875 0.378125 0.520313 0.378906 0.521094 0.378906 0.522656 0.379688 0.523438 0.380469 0.523438 0.38125 0.524219 0.382031 0.524219 0.383594 0.525781 0.384375 0.525781 0.385156 0.526563 0.385938 0.526563 0.386719 0.527344 0.3875 0.527344 0.389063 0.528906 0.389844 0.528906 0.390625 0.529688 0.392188 0.529688 0.392969 0.530469 0.394531 0.530469 0.395313 0.53125 0.397656 0.53125 0.398438 0.532031 0.4 0.532031 0.400781 0.532813 0.401563 0.532813 0.402344 0.533594 0.403906 0.533594 0.404688 0.534375 0.40625 0.534375 0.407031 0.535156 0.408594 0.535156 0.409375 0.535938 0.411719 0.535938 0.4125 0.536719 0.414844 0.536719 0.415625 0.5375 0.417969 0.5375 0.41875 0.538281 0.421875 0.538281 0.422656 0.539063 0.425781 0.539063 0.426563 0.539844 0.432031 0.539844 0.432813 0.540625 0.442969 0.540625 0.44375 0.541406 0.460938 0.541406 0.461719 0.542188 0.489063 0.542188 0.489844 0.541406 0.504688 0.541406 0.505469 0.540625 0.510156 0.540625 0.510938 0.539844 0.514844 0.539844 0.515625 0.539063 0.520313 0.539063 0.521094 0.538281 0.526563 0.538281 0.527344 0.5375 0.529688 0.5375 0.530469 0.536719 0.532813 0.536719 0.533594 0.535938 0.535938 0.535938 0.536719 0.535156 0.539844 0.535156 0.540625 0.534375 0.542969 0.534375 0.54375 0.533594 0.545313 0.533594 0.546094 0.532813 0.547656 0.532813 0.548438 0.532031 0.550781 0.532031 0.551563 0.53125 0.553125 0.53125 0.553906 0.530469 0.555469 0.530469 0.55625 0.529688 0.557031 0.529688 0.557813 0.528906 0.559375 0.528906 0.560156 0.528125 0.560938 0.528125 0.561719 0.527344 0.5625 0.527344 0.563281 0.526563 0.564844 0.526563 0.565625 0.525781 0.566406 0.525781 0.567188 0.525 0.567969 0.525 0.56875 0.524219 0.569531 0.524219 0.570313 0.523438 0.571094 0.523438 0.571875 0.522656 0.572656 0.522656 0.574219 0.521094 0.575 0.521094 0.576563 0.519531 0.577344 0.519531 0.578125 0.51875 0.578906 0.51875 0.580469 0.517188 0.58125 0.517188 0.584375 0.514063 0.584375 0.513281 0.585156 0.5125 0.585156 0.510938 0.585938 0.510156 0.585938 0.507031 0.585156 0.50625 0.585156 0.504688 0.582031 0.504688 0.578906 0.507812 0.578125 0.507812 0.577344 0.508594 0.576563 0.508594 0.575781 0.509375 0.575 0.509375 0.574219 0.510156 0.573438 0.510156 0.571875 0.511719 0.571094 0.511719 0.569531 0.513281 0.56875 0.513281 0.567969 0.514063 0.566406 0.514063 0.565625 0.514844 0.564844 0.514844 0.563281 0.516406 0.561719 0.516406 0.560938 0.517188 0.558594 0.517188 0.557813 0.517969 0.555469 0.517969 0.554688 0.51875 0.553125 0.51875 0.552344 0.519531 0.550781 0.519531 0.55 0.520313 0.547656 0.520313 0.546875 0.521094 0.544531 0.521094 0.54375 0.521875 0.541406 0.521875 0.540625 0.522656 0.539063 0.522656 0.538281 0.523438 0.533594 0.523438 0.532813 0.524219 0.528906 0.524219 0.528125 0.525 0.525781 0.525 0.525 0.525781 0.520313 0.525781 0.519531 0.526563 0.513281 0.526563 0.5125 0.527344 0.50625 0.527344 0.505469 0.528125 0.497656 0.528125 0.496875 0.528906 0.46875 0.528906 0.467969 0.528125 0.451563 0.528125 0.450781 0.527344 0.440625 0.527344 0.439844 0.526563 0.428906 0.526563 0.428125 0.525781 0.421875 0.525781 0.421094 0.525 0.417969 0.525 0.417188 0.524219 0.414062 0.524219 0.413281 0.523438 0.410156 0.523438 0.409375 0.522656 0.407031 0.522656 0.40625 0.521875 0.404688 0.521875 0.403906 0.521094 0.402344 0.521094 0.401563 0.520313 0.4 0.520313 0.399219 0.519531 0.398438 0.519531 0.397656 0.51875 0.396875 0.51875 0.396094 0.517969 0.395313 0.517969 0.394531 0.517188 0.394531 0.513281 0.39375 0.513281 0.392969 0.5125 0.392188 0.5125 0.391406 0.511719 0.389844 0.511719 0.389063 0.510938 0.388281 0.510938 0.386719 0.509375 0.385938 0.509375 0.384375 0.507812 0.383594 0.507812 0.382031 0.50625 0.380469 0.50625 0.379688 0.505469 0.378906 0.505469 0.378125 0.504688 0.377344 0.504688 0.374219 0.501563 0.373438 0.501563 0.371875 0.5 0.371094 0.5 0.369531 0.498438 0.36875 0.498438 0.367188 0.496875 0.367188 0.496094 0.911171
0 0.364844 0.457813 0.364844 0.479688 0.365625 0.479688 0.367188 0.48125 0.367969 0.48125 0.369531 0.482813 0.370313 0.482813 0.371875 0.484375 0.372656 0.484375 0.373438 0.485156 0.375 0.485156 0.375781 0.485938 0.377344 0.485938 0.378125 0.486719 0.378906 0.486719 0.379688 0.4875 0.38125 0.4875 0.382031 0.488281 0.383594 0.488281 0.384375 0.489063 0.386719 0.489063 0.3875 0.489844 0.389063 0.489844 0.389844 0.490625 0.391406 0.490625 0.392188 0.491406 0.395313 0.491406 0.396094 0.492188 0.398438 0.492188 0.399219 0.492969 0.401563 0.492969 0.402344 0.49375 0.404688 0.49375 0.405469 0.494531 0.410156 0.494531 0.410938 0.495313 0.415625 0.495313 0.416406 0.496094 0.420313 0.496094 0.421094 0.496875 0.425 0.496875 0.425781 0.497656 0.434375 0.497656 0.435156 0.498438 0.446094 0.498438 0.446875 0.499219 0.460156 0.499219 0.460938 0.5 0.492969 0.5 0.49375 0.499219 0.501563 0.499219 0.502344 0.498438 0.507812 0.498438 0.508594 0.497656 0.514063 0.497656 0.514844 0.496875 0.517969 0.496875 0.51875 0.496094 0.521094 0.496094 0.521875 0.495313 0.525781 0.495313 0.526563 0.494531 0.53125 0.494531 0.532031 0.49375 0.535156 0.49375 0.535938 0.492969 0.5375 0.492969 0.538281 0.492188 0.541406 0.492188 0.542188 0.491406 0.545313 0.491406 0.546094 0.490625 0.547656 0.490625 0.548438 0.489844 0.549219 0.489844 0.55 0.489063 0.551563 0.489063 0.552344 0.488281 0.553125 0.488281 0.553906 0.4875 0.555469 0.4875 0.55625 0.486719 0.557813 0.486719 0.558594 0.485938 0.560938 0.485938 0.561719 0.485156 0.564063 0.485156 0.564844 0.484375 0.567188 0.484375 0.567969 0.483594 0.56875 0.483594 0.569531 0.482813 0.571094 0.482813 0.572656 0.484375 0.572656 0.485156 0.575 0.485156 0.575781 0.484375 0.576563 0.485156 0.577344 0.485156 0.578125 0.485938 0.579688 0.485938 0.580469 0.485156 0.58125 0.485156 0.580469 0.484375 0.580469 0.483594 0.579688 0.482813 0.580469 0.482031 0.580469 0.48125 0.58125 0.480469 0.582031 0.480469 0.583594 0.478906 0.583594 0.478125 0.584375 0.477344 0.584375 0.476562 0.585156 0.475781 0.585156 0.474219 0.585938 0.473438 0.585938 0.463281 0.585156 0.463281 0.584375 0.464063 0.583594 0.464063 0.582031 0.465625 0.58125 0.465625 0.580469 0.466406 0.579688 0.466406 0.577344 0.46875 0.576563 0.46875 0.575781 0.469531 0.574219 0.469531 0.573438 0.470313 0.572656 0.470313 0.571094 0.471875 0.570313 0.471875 0.569531 0.472656 0.567188 0.472656 0.566406 0.473438 0.564063 0.473438 0.563281 0.474219 0.561719 0.474219 0.560938 0.475 0.558594 0.475 0.557813 0.475781 0.555469 0.475781 0.554688 0.476562 0.553125 0.476562 0.552344 0.477344 0.550781 0.477344 0.55 0.478125 0.547656 0.478125 0.546875 0.478906 0.54375 0.478906 0.542969 0.479688 0.5375 0.479688 0.536719 0.480469 0.532813 0.480469 0.532031 0.48125 0.528906 0.48125 0.528125 0.482031 0.523438 0.482031 0.522656 0.482813 0.517188 0.482813 0.516406 0.483594 0.5125 0.483594 0.511719 0.484375 0.508594 0.484375 0.507812 0.485156 0.503125 0.485156 0.502344 0.485938 0.453125 0.485938 0.452344 0.485156 0.444531 0.485156 0.44375 0.484375 0.4375 0.484375 0.436719 0.483594 0.430469 0.483594 0.429688 0.482813 0.422656 0.482813 0.421875 0.482031 0.416406 0.482031 0.415625 0.48125 0.4125 0.48125 0.411719 0.480469 0.409375 0.480469 0.408594 0.479688 0.40625 0.479688 0.405469 0.478906 0.403125 0.478906 0.402344 0.478125 0.4 0.478125 0.399219 0.477344 0.397656 0.477344 0.396875 0.476562 0.394531 0.476562 0.39375 0.475781 0.392188 0.475781 0.391406 0.475 0.389844 0.475 0.389063 0.474219 0.388281 0.474219 0.3875 0.473438 0.385938 0.473438 0.385156 0.472656 0.383594 0.472656 0.382812 0.471875 0.382031 0.471875 0.38125 0.471094 0.380469 0.471094 0.379688 0.470313 0.378906 0.470313 0.378125 0.469531 0.377344 0.469531 0.376563 0.46875 0.375781 0.46875 0.375 0.467969 0.374219 0.467969 0.371875 0.465625 0.371094 0.465625 0.369531 0.464063 0.369531 0.463281 0.367188 0.460938 0.367188 0.460156 0.909427
0 0.348438 0.276563 0.348438 0.285156 0.349219 0.285156 0.350781 0.286719 0.351562 0.286719 0.352344 0.2875 0.353125 0.2875 0.354688 0.289063 0.354688 0.291406 0.352344 0.29375 0.351562 0.29375 0.350781 0.294531 0.350781 0.296875 0.35 0.297656 0.350781 0.298438 0.351562 0.298438 0.353125 0.3 0.353906 0.3 0.354688 0.300781 0.355469 0.300781 0.35625 0.301563 0.357031 0.301563 0.357813 0.302344 0.359375 0.302344 0.360156 0.303125 0.364063 0.303125 0.364844 0.303906 0.367188 0.303906 0.367969 0.304688 0.370313 0.304688 0.371094 0.305469 0.372656 0.305469 0.373438 0.30625 0.378125 0.30625 0.378906 0.307031 0.384375 0.307031 0.385156 0.307813 0.389844 0.307813 0.390625 0.308594 0.396094 0.308594 0.396875 0.309375 0.407031 0.309375 0.407813 0.310156 0.420313 0.310156 0.421094 0.310937 0.499219 0.310937 0.5 0.310156 0.514844 0.310156 0.515625 0.309375 0.524219 0.309375 0.525 0.308594 0.533594 0.308594 0.534375 0.307813 0.541406 0.307813 0.542188 0.307031 0.548438 0.307031 0.549219 0.30625 0.553906 0.30625 0.554688 0.305469 0.558594 0.305469 0.559375 0.304688 0.5625 0.304688 0.563281 0.303906 0.567188 0.303906 0.567969 0.303125 0.572656 0.303125 0.573438 0.302344 0.576563 0.302344 0.577344 0.301563 0.579688 0.301563 0.580469 0.300781 0.583594 0.300781 0.584375 0.3 0.586719 0.3 0.5875 0.299219 0.588281 0.299219 0.589063 0.298438 0.589844 0.298438 0.590625 0.297656 0.591406 0.297656 0.59375 0.295313 0.59375 0.294531 0.594531 0.29375 0.594531 0.285156 0.59375 0.284375 0.59375 0.282031 0.592969 0.28125 0.592969 0.280469 0.592188 0.279688 0.592188 0.278906 0.591406 0.279688 0.590625 0.279688 0.589844 0.280469 0.589063 0.280469 0.588281 0.28125 0.5875 0.28125 0.586719 0.282031 0.585938 0.282031 0.585156 0.282813 0.583594 0.282813 0.582813 0.283594 0.582031 0.283594 0.58125 0.284375 0.579688 0.284375 0.578906 0.285156 0.576563 0.285156 0.575781 0.285938 0.570313 0.285938 0.569531 0.286719 0.566406 0.286719 0.565625 0.2875 0.5625 0.2875 0.561719 0.288281 0.557031 0.288281 0.55625 0.289063 0.549219 0.289063 0.548438 0.289844 0.544531 0.289844 0.54375 0.290625 0.539063 0.290625 0.538281 0.291406 0.527344 0.291406 0.526563 0.292188 0.515625 0.292188 0.514844 0.292969 0.508594 0.292969 0.507812 0.29375 0.497656 0.29375 0.496875 0.294531 0.478125 0.294531 0.477344 0.295313 0.473438 0.295313 0.472656 0.294531 0.414844 0.294531 0.414062 0.29375 0.40625 0.29375 0.405469 0.292969 0.400781 0.292969 0.4 0.292188 0.392188 0.292188 0.391406 0.291406 0.382812 0.291406 0.382031 0.290625 0.378125 0.290625 0.377344 0.289844 0.375 0.289844 0.373438 0.288281 0.371875 0.288281 0.371094 0.2875 0.369531 0.2875 0.36875 0.286719 0.367969 0.286719 0.367188 0.285938 0.365625 0.285938 0.364844 0.285156 0.364063 0.285156 0.3625 0.283594 0.361719 0.283594 0.360938 0.282813 0.360156 0.282813 0.359375 0.282031 0.358594 0.282031 0.35625 0.279688 0.354688 0.279688 0.353906 0.278906 0.353125 0.278906 0.352344 0.278125 0.351562 0.278125 0.350781 0.277344 0.35 0.277344 0.349219 0.276563 0.903429
0 0.589063 0.424219 0.588281 0.425 0.588281 0.425781 0.5875 0.426563 0.5875 0.428906 0.586719 0.429688 0.586719 0.430469 0.585156 0.432031 0.585156 0.432813 0.584375 0.433594 0.584375 0.434375 0.580469 0.438281 0.579688 0.438281 0.576563 0.441406 0.575781 0.441406 0.575 0.442188 0.574219 0.442188 0.573438 0.442969 0.572656 0.442969 0.571875 0.44375 0.571094 0.44375 0.570313 0.444531 0.567188 0.444531 0.566406 0.445312 0.564063 0.445312 0.563281 0.446094 0.561719 0.446094 0.560938 0.446875 0.559375 0.446875 0.558594 0.447656 0.555469 0.447656 0.554688 0.448438 0.551563 0.448438 0.550781 0.449219 0.549219 0.449219 0.548438 0.45 0.546094 0.45 0.545313 0.450781 0.541406 0.450781 0.540625 0.451563 0.534375 0.451563 0.533594 0.452344 0.529688 0.452344 0.528906 0.453125 0.525 0.453125 0.524219 0.453906 0.51875 0.453906 0.517969 0.454688 0.507812 0.454688 0.507031 0.455469 0.498438 0.455469 0.497656 0.45625 0.492188 0.45625 0.491406 0.457031 0.480469 0.457031 0.479688 0.457813 0.4625 0.457813 0.461719 0.457031 0.453125 0.457031 0.452344 0.45625 0.435938 0.45625 0.435156 0.455469 0.426563 0.455469 0.425781 0.454688 0.419531 0.454688 0.41875 0.453906 0.414844 0.453906 0.414062 0.453125 0.411719 0.453125 0.410938 0.452344 0.407031 0.452344 0.40625 0.451563 0.401563 0.451563 0.400781 0.450781 0.398438 0.450781 0.397656 0.45 0.395313 0.45 0.394531 0.449219 0.392188 0.449219 0.391406 0.448438 0.389063 0.448438 0.388281 0.447656 0.386719 0.447656 0.385938 0.446875 0.384375 0.446875 0.383594 0.446094 0.382812 0.446094 0.382031 0.445312 0.380469 0.445312 0.379688 0.444531 0.378125 0.444531 0.377344 0.44375 0.376563 0.44375 0.375781 0.442969 0.375 0.442969 0.374219 0.442188 0.372656 0.442188 0.371875 0.441406 0.371094 0.441406 0.36875 0.439063 0.367969 0.439063 0.364063 0.435156 0.364063 0.434375 0.363281 0.433594 0.361719 0.433594 0.360938 0.432813 0.360156 0.432813 0.360156 0.435938 0.360938 0.436719 0.360938 0.439063 0.361719 0.439844 0.361719 0.442188 0.3625 0.442969 0.3625 0.444531 0.363281 0.445312 0.363281 0.446094 0.364844 0.447656 0.364844 0.448438 0.369531 0.453125 0.370313 0.453125 0.371875 0.454688 0.372656 0.454688 0.373438 0.455469 0.374219 0.455469 0.375 0.45625 0.375781 0.45625 0.376563 0.457031 0.377344 0.457031 0.378125 0.457813 0.379688 0.457813 0.380469 0.458594 0.38125 0.458594 0.382031 0.459375 0.383594 0.459375 0.384375 0.460156 0.385938 0.460156 0.386719 0.460938 0.388281 0.460938 0.389063 0.461719 0.389844 0.461719 0.390625 0.4625 0.392188 0.4625 0.392969 0.463281 0.396094 0.463281 0.396875 0.464063 0.399219 0.464063 0.4 0.464844 0.401563 0.464844 0.402344 0.465625 0.403906 0.465625 0.404688 0.466406 0.408594 0.466406 0.409375 0.467188 0.4125 0.467188 0.413281 0.467969 0.417969 0.467969 0.41875 0.46875 0.430469 0.46875 0.43125 0.469531 0.45 0.469531 0.450781 0.470313 0.490625 0.470313 0.491406 0.469531 0.509375 0.469531 0.510156 0.46875 0.519531 0.46875 0.520313 0.467969 0.524219 0.467969 0.525 0.467188 0.529688 0.467188 0.530469 0.466406 0.535938 0.466406 0.536719 0.465625 0.539844 0.465625 0.540625 0.464844 0.542969 0.464844 0.54375 0.464063 0.546875 0.464063 0.547656 0.463281 0.551563 0.463281 0.552344 0.4625 0.554688 0.4625 0.555469 0.461719 0.557031 0.461719 0.557813 0.460938 0.559375 0.460938 0.560156 0.460156 0.5625 0.460156 0.563281 0.459375 0.564844 0.459375 0.565625 0.458594 0.567188 0.458594 0.567969 0.457813 0.569531 0.457813 0.570313 0.457031 0.571094 0.457031 0.571875 0.45625 0.573438 0.45625 0.575 0.454688 0.575781 0.454688 0.576563 0.453906 0.577344 0.453906 0.578906 0.452344 0.579688 0.452344 0.58125 0.450781 0.582031 0.450781 0.584375 0.448438 0.585156 0.448438 0.585938 0.447656 0.585938 0.446875 0.589844 0.442969 0.589844 0.442188 0.590625 0.441406 0.590625 0.424219 0.898337
0 0.596875 0.358594 0.596094 0.359375 0.595313 0.359375 0.594531 0.360156 0.59375 0.360156 0.592969 0.360938 0.592188 0.360938 0.590625 0.3625 0.589844 0.3625 0.589063 0.363281 0.588281 0.363281 0.5875 0.364063 0.586719 0.364063 0.585938 0.364844 0.585156 0.364844 0.584375 0.365625 0.583594 0.365625 0.582813 0.366406 0.58125 0.366406 0.580469 0.367188 0.578906 0.367188 0.578125 0.367969 0.576563 0.367969 0.575781 0.36875 0.574219 0.36875 0.573438 0.369531 0.571094 0.369531 0.570313 0.370313 0.567969 0.370313 0.567188 0.371094 0.564844 0.371094 0.564063 0.371875 0.561719 0.371875 0.560938 0.372656 0.557813 0.372656 0.557031 0.373438 0.552344 0.373438 0.551563 0.374219 0.549219 0.374219 0.548438 0.375 0.544531 0.375 0.54375 0.375781 0.534375 0.375781 0.533594 0.376563 0.525 0.376563 0.524219 0.377344 0.517188 0.377344 0.516406 0.378125 0.508594 0.378125 0.507812 0.378906 0.489063 0.378906 0.488281 0.379688 0.450781 0.379688 0.45 0.378906 0.432031 0.378906 0.43125 0.378125 0.424219 0.378125 0.423438 0.377344 0.415625 0.377344 0.414844 0.376563 0.403906 0.376563 0.403125 0.375781 0.396875 0.375781 0.396094 0.375 0.392188 0.375 0.391406 0.374219 0.385938 0.374219 0.385156 0.373438 0.38125 0.373438 0.380469 0.372656 0.377344 0.372656 0.376563 0.371875 0.374219 0.371875 0.373438 0.371094 0.371875 0.371094 0.371094 0.370313 0.369531 0.370313 0.36875 0.369531 0.367969 0.369531 0.367188 0.36875 0.366406 0.36875 0.365625 0.367969 0.364844 0.367969 0.359375 0.3625 0.358594 0.3625 0.357813 0.361719 0.357031 0.361719 0.35625 0.360938 0.354688 0.360938 0.354688 0.3625 0.353906 0.363281 0.353906 0.382031 0.357813 0.378125 0.360156 0.378125 0.360938 0.378906 0.361719 0.378906 0.3625 0.379688 0.363281 0.379688 0.364063 0.380469 0.364844 0.380469 0.365625 0.38125 0.366406 0.38125 0.367188 0.382031 0.367969 0.382031 0.36875 0.382812 0.369531 0.382812 0.370313 0.383594 0.371094 0.383594 0.371875 0.384375 0.372656 0.384375 0.373438 0.385156 0.375 0.385156 0.375781 0.385938 0.377344 0.385938 0.378125 0.386719 0.379688 0.386719 0.380469 0.3875 0.382031 0.3875 0.382812 0.388281 0.386719 0.388281 0.3875 0.389063 0.390625 0.389063 0.391406 0.389844 0.394531 0.389844 0.395313 0.390625 0.4 0.390625 0.400781 0.391406 0.40625 0.391406 0.407031 0.392188 0.410156 0.392188 0.410938 0.392969 0.414844 0.392969 0.415625 0.39375 0.421875 0.39375 0.422656 0.394531 0.436719 0.394531 0.4375 0.395313 0.50625 0.395313 0.507031 0.394531 0.519531 0.394531 0.520313 0.39375 0.524219 0.39375 0.525 0.392969 0.528125 0.392969 0.528906 0.392188 0.532031 0.392188 0.532813 0.391406 0.5375 0.391406 0.538281 0.390625 0.541406 0.390625 0.542188 0.389844 0.545313 0.389844 0.546094 0.389063 0.550781 0.389063 0.551563 0.388281 0.557813 0.388281 0.558594 0.3875 0.5625 0.3875 0.563281 0.386719 0.566406 0.386719 0.567188 0.385938 0.570313 0.385938 0.571094 0.385156 0.573438 0.385156 0.574219 0.384375 0.575781 0.384375 0.576563 0.383594 0.577344 0.383594 0.578125 0.382812 0.579688 0.382812 0.580469 0.382031 0.582031 0.382031 0.582813 0.38125 0.584375 0.38125 0.585156 0.380469 0.585938 0.380469 0.586719 0.379688 0.5875 0.379688 0.588281 0.378906 0.589063 0.378906 0.589844 0.378125 0.590625 0.378125 0.591406 0.377344 0.592188 0.377344 0.594531 0.375 0.595313 0.375 0.596875 0.373438 0.597656 0.373438 0.597656 0.372656 0.598437 0.371875 0.598437 0.358594 0.897661
0 0.363281 0.44375 0.363281 0.45 0.364844 0.451563 0.364844 0.454688 0.365625 0.455469 0.365625 0.45625 0.366406 0.457031 0.366406 0.457813 0.367969 0.459375 0.367969 0.460156 0.36875 0.460938 0.36875 0.461719 0.374219 0.467188 0.375 0.467188 0.376563 0.46875 0.377344 0.46875 0.378125 0.469531 0.378906 0.469531 0.379688 0.470313 0.380469 0.470313 0.382031 0.471875 0.383594 0.471875 0.384375 0.472656 0.385156 0.472656 0.385938 0.473438 0.3875 0.473438 0.388281 0.474219 0.389844 0.474219 0.390625 0.475 0.392188 0.475 0.392969 0.475781 0.395313 0.475781 0.396094 0.476562 0.398438 0.476562 0.399219 0.477344 0.400781 0.477344 0.401563 0.478125 0.403906 0.478125 0.404688 0.478906 0.40625 0.478906 0.407031 0.479688 0.409375 0.479688 0.410156 0.480469 0.413281 0.480469 0.414062 0.48125 0.419531 0.48125 0.420313 0.482031 0.427344 0.482031 0.428125 0.482813 0.433594 0.482813 0.434375 0.483594 0.442188 0.483594 0.442969 0.484375 0.449219 0.484375 0.45 0.485156 0.45625 0.485156 0.457031 0.485938 0.473438 0.485938 0.474219 0.485156 0.504688 0.485156 0.505469 0.484375 0.509375 0.484375 0.510156 0.483594 0.513281 0.483594 0.514063 0.482813 0.517969 0.482813 0.51875 0.482031 0.524219 0.482031 0.525 0.48125 0.530469 0.48125 0.53125 0.480469 0.535938 0.480469 0.536719 0.479688 0.540625 0.479688 0.541406 0.478906 0.546094 0.478906 0.546875 0.478125 0.55 0.478125 0.550781 0.477344 0.553125 0.477344 0.553906 0.476562 0.555469 0.476562 0.55625 0.475781 0.559375 0.475781 0.560156 0.475 0.5625 0.475 0.563281 0.474219 0.564844 0.474219 0.565625 0.473438 0.567188 0.473438 0.567969 0.472656 0.569531 0.472656 0.570313 0.471875 0.571094 0.471875 0.571875 0.471094 0.572656 0.471094 0.574219 0.469531 0.575 0.469531 0.575781 0.46875 0.576563 0.46875 0.579688 0.465625 0.580469 0.465625 0.582813 0.463281 0.583594 0.463281 0.589063 0.457813 0.589063 0.457031 0.590625 0.455469 0.590625 0.44375 0.589844 0.44375 0.589063 0.444531 0.588281 0.444531 0.588281 0.445312 0.582031 0.451563 0.58125 0.451563 0.579688 0.453125 0.578906 0.453125 0.577344 0.454688 0.576563 0.454688 0.575781 0.455469 0.575 0.455469 0.574219 0.45625 0.573438 0.45625 0.572656 0.457031 0.571875 0.457031 0.571094 0.457813 0.569531 0.457813 0.56875 0.458594 0.567188 0.458594 0.566406 0.459375 0.565625 0.459375 0.564844 0.460156 0.563281 0.460156 0.5625 0.460938 0.560156 0.460938 0.559375 0.461719 0.557813 0.461719 0.557031 0.4625 0.555469 0.4625 0.554688 0.463281 0.552344 0.463281 0.551563 0.464063 0.546875 0.464063 0.546094 0.464844 0.54375 0.464844 0.542969 0.465625 0.539844 0.465625 0.539063 0.466406 0.535156 0.466406 0.534375 0.467188 0.528906 0.467188 0.528125 0.467969 0.524219 0.467969 0.523438 0.46875 0.519531 0.46875 0.51875 0.469531 0.511719 0.469531 0.510938 0.470313 0.489844 0.470313 0.489063 0.471094 0.455469 0.471094 0.454688 0.470313 0.432031 0.470313 0.43125 0.469531 0.421875 0.469531 0.421094 0.46875 0.417188 0.46875 0.416406 0.467969 0.413281 0.467969 0.4125 0.467188 0.407813 0.467188 0.407031 0.466406 0.404688 0.466406 0.403906 0.465625 0.401563 0.465625 0.400781 0.464844 0.399219 0.464844 0.398438 0.464063 0.394531 0.464063 0.39375 0.463281 0.391406 0.463281 0.390625 0.4625 0.389844 0.4625 0.389063 0.461719 0.3875 0.461719 0.386719 0.460938 0.384375 0.460938 0.383594 0.460156 0.382812 0.460156 0.382031 0.459375 0.38125 0.459375 0.380469 0.458594 0.379688 0.458594 0.378906 0.457813 0.377344 0.457813 0.376563 0.457031 0.375781 0.457031 0.375 0.45625 0.374219 0.45625 0.372656 0.454688 0.371875 0.454688 0.370313 0.453125 0.369531 0.453125 0.367188 0.450781 0.367188 0.45 0.365625 0.45 0.364844 0.449219 0.364844 0.448438 0.364063 0.447656 0.364063 0.445312 0.363281 0.444531 0.885032
0 0.582031 0.467969 0.58125 0.46875 0.580469 0.46875 0.579688 0.469531 0.578906 0.469531 0.576563 0.471875 0.575781 0.471875 0.573438 0.474219 0.572656 0.474219 0.571094 0.475781 0.570313 0.475781 0.565625 0.480469 0.564844 0.480469 0.564063 0.48125 0.563281 0.48125 0.561719 0.482813 0.560938 0.482813 0.558594 0.485156 0.557813 0.485156 0.557031 0.485938 0.555469 0.485938 0.554688 0.486719 0.553906 0.486719 0.553125 0.4875 0.552344 0.4875 0.551563 0.488281 0.55 0.488281 0.549219 0.489063 0.547656 0.489063 0.546875 0.489844 0.546094 0.489844 0.545313 0.490625 0.54375 0.490625 0.542969 0.491406 0.541406 0.491406 0.540625 0.492188 0.5375 0.492188 0.536719 0.492969 0.534375 0.492969 0.533594 0.49375 0.532031 0.49375 0.53125 0.494531 0.528906 0.494531 0.528125 0.495313 0.521875 0.495313 0.521094 0.496094 0.517188 0.496094 0.516406 0.496875 0.514063 0.496875 0.513281 0.497656 0.509375 0.497656 0.508594 0.498438 0.502344 0.498438 0.501563 0.499219 0.488281 0.499219 0.4875 0.5 0.457031 0.5 0.45625 0.499219 0.442188 0.499219 0.441406 0.498438 0.432813 0.498438 0.432031 0.497656 0.425781 0.497656 0.425 0.496875 0.420313 0.496875 0.419531 0.496094 0.415625 0.496094 0.414844 0.495313 0.409375 0.495313 0.408594 0.494531 0.405469 0.494531 0.404688 0.49375 0.402344 0.49375 0.401563 0.492969 0.399219 0.492969 0.398438 0.492188 0.395313 0.492188 0.394531 0.491406 0.392188 0.491406 0.391406 0.490625 0.389844 0.490625 0.389063 0.489844 0.3875 0.489844 0.386719 0.489063 0.383594 0.489063 0.382812 0.488281 0.38125 0.488281 0.380469 0.4875 0.378906 0.4875 0.378125 0.486719 0.377344 0.486719 0.376563 0.485938 0.375 0.485938 0.374219 0.485156 0.372656 0.485156 0.371875 0.484375 0.371094 0.484375 0.369531 0.482813 0.36875 0.482813 0.367969 0.482031 0.367188 0.482031 0.366406 0.48125 0.365625 0.48125 0.364844 0.480469 0.364844 0.486719 0.365625 0.4875 0.365625 0.488281 0.367969 0.490625 0.36875 0.490625 0.370313 0.492188 0.371094 0.492188 0.372656 0.49375 0.372656 0.494531 0.373438 0.495313 0.374219 0.495313 0.375781 0.496875 0.376563 0.496875 0.377344 0.497656 0.378906 0.497656 0.379688 0.498438 0.380469 0.498438 0.38125 0.499219 0.382031 0.499219 0.382812 0.5 0.384375 0.5 0.385156 0.500781 0.385938 0.500781 0.386719 0.501563 0.3875 0.501563 0.388281 0.502344 0.389063 0.502344 0.389844 0.503125 0.391406 0.503125 0.392188 0.503906 0.394531 0.503906 0.395313 0.504688 0.396875 0.504688 0.397656 0.505469 0.398438 0.505469 0.399219 0.50625 0.400781 0.50625 0.401563 0.507031 0.404688 0.507031 0.405469 0.507812 0.407813 0.507812 0.408594 0.508594 0.410938 0.508594 0.411719 0.509375 0.414062 0.509375 0.414844 0.510156 0.420313 0.510156 0.421094 0.510938 0.426563 0.510938 0.427344 0.511719 0.43125 0.511719 0.432031 0.5125 0.439063 0.5125 0.439844 0.513281 0.490625 0.513281 0.491406 0.5125 0.501563 0.5125 0.502344 0.511719 0.507031 0.511719 0.507812 0.510938 0.510938 0.510938 0.511719 0.510156 0.51875 0.510156 0.519531 0.509375 0.524219 0.509375 0.525 0.508594 0.527344 0.508594 0.528125 0.507812 0.532031 0.507812 0.532813 0.507031 0.538281 0.507031 0.539063 0.50625 0.541406 0.50625 0.542188 0.505469 0.544531 0.505469 0.545313 0.504688 0.546875 0.504688 0.547656 0.503906 0.550781 0.503906 0.551563 0.503125 0.553125 0.503125 0.553906 0.502344 0.554688 0.502344 0.555469 0.501563 0.557031 0.501563 0.557813 0.500781 0.560156 0.500781 0.560938 0.5 0.561719 0.5 0.5625 0.499219 0.564063 0.499219 0.564844 0.498438 0.565625 0.498438 0.566406 0.497656 0.567969 0.497656 0.56875 0.496875 0.570313 0.496875 0.571094 0.496094 0.571875 0.496094 0.573438 0.494531 0.574219 0.494531 0.575 0.49375 0.575781 0.49375 0.576563 0.492969 0.577344 0.492969 0.578906 0.491406 0.579688 0.491406 0.585156 0.485938 0.585156 0.485156 0.585938 0.484375 0.585938 0.483594 0.586719 0.482813 0.586719 0.475 0.585938 0.474219 0.585938 0.471094 0.585156 0.470313 0.585156 0.469531 0.583594 0.467969 0.845527
0 0.59375 0.261719 0.592969 0.2625 0.591406 0.2625 0.590625 0.263281 0.588281 0.263281 0.5875 0.264063 0.585156 0.264063 0.584375 0.264844 0.582813 0.264844 0.582031 0.265625 0.580469 0.265625 0.579688 0.266406 0.575781 0.266406 0.575 0.267188 0.571875 0.267188 0.571094 0.267969 0.569531 0.267969 0.56875 0.26875 0.567188 0.26875 0.566406 0.269531 0.5625 0.269531 0.561719 0.270313 0.557031 0.270313 0.55625 0.271094 0.552344 0.271094 0.551563 0.271875 0.548438 0.271875 0.547656 0.272656 0.538281 0.272656 0.5375 0.273438 0.522656 0.273438 0.521875 0.274219 0.514844 0.274219 0.514063 0.275 0.507031 0.275 0.50625 0.275781 0.496094 0.275781 0.495313 0.276563 0.4 0.276563 0.399219 0.275781 0.389063 0.275781 0.388281 0.275 0.382031 0.275 0.38125 0.274219 0.374219 0.274219 0.373438 0.273438 0.364063 0.273438 0.363281 0.272656 0.357813 0.272656 0.357031 0.271875 0.346875 0.271875 0.346094 0.271094 0.344531 0.271094 0.34375 0.270313 0.34375 0.267188 0.342188 0.265625 0.341406 0.265625 0.339063 0.263281 0.339063 0.271875 0.339844 0.271875 0.340625 0.271094 0.341406 0.271094 0.342188 0.270313 0.34375 0.270313 0.344531 0.271094 0.344531 0.274219 0.345313 0.275 0.345313 0.275781 0.346094 0.276563 0.346094 0.277344 0.348438 0.279688 0.349219 0.279688 0.351562 0.282031 0.351562 0.282813 0.352344 0.283594 0.352344 0.284375 0.353906 0.285938 0.354688 0.285938 0.355469 0.286719 0.357031 0.286719 0.357813 0.2875 0.360156 0.2875 0.360938 0.288281 0.364063 0.288281 0.364844 0.289063 0.367188 0.289063 0.367969 0.289844 0.371094 0.289844 0.371875 0.290625 0.377344 0.290625 0.378125 0.291406 0.389063 0.291406 0.389844 0.292188 0.396875 0.292188 0.397656 0.292969 0.404688 0.292969 0.405469 0.29375 0.420313 0.29375 0.421094 0.294531 0.485938 0.294531 0.486719 0.29375 0.498438 0.29375 0.499219 0.292969 0.507031 0.292969 0.507812 0.292188 0.515625 0.292188 0.516406 0.291406 0.526563 0.291406 0.527344 0.290625 0.532813 0.290625 0.533594 0.289844 0.538281 0.289844 0.539063 0.289063 0.544531 0.289063 0.545313 0.288281 0.553906 0.288281 0.554688 0.2875 0.559375 0.2875 0.560156 0.286719 0.563281 0.286719 0.564063 0.285938 0.569531 0.285938 0.570313 0.285156 0.575781 0.285156 0.576563 0.284375 0.578125 0.284375 0.578906 0.283594 0.579688 0.283594 0.580469 0.282813 0.582031 0.282813 0.582813 0.282031 0.584375 0.282031 0.585156 0.28125 0.586719 0.28125 0.588281 0.279688 0.589063 0.279688 0.589844 0.278906 0.590625 0.278906 0.592969 0.276563 0.592969 0.275781 0.594531 0.274219 0.594531 0.273438 0.595313 0.272656 0.595313 0.271875 0.596094 0.271094 0.596094 0.270313 0.596875 0.269531 0.596875 0.266406 0.597656 0.265625 0.597656 0.264844 0.598437 0.264063 0.599219 0.264063 0.599219 0.263281 0.598437 0.263281 0.597656 0.2625 0.596875 0.2625 0.596094 0.261719 0.764218
0 0.602344 0.236719 0.601562 0.2375 0.600781 0.2375 0.6 0.238281 0.599219 0.238281 0.598437 0.239063 0.597656 0.239063 0.596875 0.239844 0.596094 0.239844 0.595313 0.240625 0.594531 0.240625 0.59375 0.241406 0.592969 0.241406 0.592188 0.242188 0.591406 0.242188 0.590625 0.242969 0.589844 0.242969 0.589063 0.24375 0.5875 0.24375 0.586719 0.244531 0.585938 0.244531 0.585156 0.245313 0.583594 0.245313 0.582813 0.246094 0.582031 0.246094 0.58125 0.246875 0.579688 0.246875 0.578906 0.247656 0.576563 0.247656 0.575781 0.248438 0.571875 0.248438 0.571094 0.249219 0.567969 0.249219 0.567188 0.25 0.564063 0.25 0.563281 0.250781 0.559375 0.250781 0.558594 0.251563 0.553906 0.251563 0.553125 0.252344 0.549219 0.252344 0.548438 0.253125 0.542969 0.253125 0.542188 0.253906 0.534375 0.253906 0.533594 0.254688 0.521875 0.254688 0.521094 0.255469 0.513281 0.255469 0.5125 0.25625 0.503125 0.25625 0.502344 0.257031 0.491406 0.257031 0.490625 0.257812 0.460156 0.257812 0.459375 0.258594 0.455469 0.258594 0.454688 0.257812 0.453125 0.257812 0.452344 0.258594 0.421875 0.258594 0.421094 0.257812 0.38125 0.257812 0.380469 0.257031 0.366406 0.257031 0.365625 0.25625 0.357031 0.25625 0.35625 0.255469 0.339063 0.255469 0.338281 0.25625 0.333594 0.25625 0.333594 0.272656 0.335938 0.272656 0.336719 0.271875 0.342188 0.271875 0.342969 0.271094 0.346875 0.271094 0.347656 0.270313 0.350781 0.270313 0.351562 0.271094 0.354688 0.271094 0.355469 0.271875 0.360938 0.271875 0.361719 0.272656 0.372656 0.272656 0.373438 0.273438 0.378906 0.273438 0.379688 0.274219 0.386719 0.274219 0.3875 0.275 0.395313 0.275 0.396094 0.275781 0.415625 0.275781 0.416406 0.276563 0.417969 0.276563 0.41875 0.275781 0.421094 0.275781 0.421875 0.276563 0.479688 0.276563 0.480469 0.275781 0.499219 0.275781 0.5 0.275 0.507031 0.275 0.507812 0.274219 0.513281 0.274219 0.514063 0.273438 0.521094 0.273438 0.521875 0.272656 0.533594 0.272656 0.534375 0.271875 0.544531 0.271875 0.545313 0.271094 0.549219 0.271094 0.55 0.270313 0.555469 0.270313 0.55625 0.269531 0.561719 0.269531 0.5625 0.26875 0.565625 0.26875 0.566406 0.267969 0.567969 0.267969 0.56875 0.267188 0.571875 0.267188 0.572656 0.266406 0.575781 0.266406 0.576563 0.265625 0.579688 0.265625 0.580469 0.264844 0.582031 0.264844 0.582813 0.264063 0.584375 0.264063 0.585156 0.263281 0.5875 0.263281 0.588281 0.2625 0.589844 0.2625 0.590625 0.261719 0.592969 0.261719 0.59375 0.260938 0.596875 0.260938 0.597656 0.260156 0.600781 0.260156 0.602344 0.258594 0.602344 0.257812 0.603125 0.257031 0.603125 0.236719 0.699278
0 0.3625 0.310156 0.3625 0.334375 0.363281 0.335156 0.365625 0.335156 0.366406 0.335938 0.367188 0.335938 0.367969 0.336719 0.369531 0.336719 0.370313 0.3375 0.372656 0.3375 0.373438 0.338281 0.375781 0.338281 0.376563 0.339063 0.379688 0.339063 0.380469 0.339844 0.383594 0.339844 0.384375 0.340625 0.3875 0.340625 0.388281 0.341406 0.39375 0.341406 0.394531 0.342188 0.4 0.342188 0.400781 0.342969 0.405469 0.342969 0.40625 0.34375 0.417969 0.34375 0.41875 0.344531 0.432813 0.344531 0.433594 0.345313 0.510156 0.345313 0.510938 0.344531 0.521094 0.344531 0.521875 0.34375 0.528125 0.34375 0.528906 0.342969 0.533594 0.342969 0.534375 0.342188 0.539063 0.342188 0.539844 0.341406 0.547656 0.341406 0.548438 0.340625 0.553125 0.340625 0.553906 0.339844 0.557813 0.339844 0.558594 0.339063 0.5625 0.339063 0.563281 0.338281 0.567188 0.338281 0.567969 0.3375 0.570313 0.3375 0.571094 0.336719 0.572656 0.336719 0.573438 0.335938 0.575 0.335938 0.575781 0.335156 0.578906 0.335156 0.579688 0.334375 0.58125 0.334375 0.582031 0.333594 0.582813 0.333594 0.583594 0.332813 0.585156 0.332813 0.585938 0.332031 0.5875 0.332031 0.588281 0.33125 0.589063 0.33125 0.589844 0.330469 0.590625 0.330469 0.591406 0.329688 0.592188 0.329688 0.592969 0.328906 0.59375 0.328906 0.595313 0.327344 0.596094 0.327344 0.598437 0.325 0.598437 0.310156 0.596875 0.311719 0.596094 0.311719 0.595313 0.3125 0.594531 0.3125 0.59375 0.313281 0.592969 0.313281 0.592188 0.314063 0.591406 0.314063 0.590625 0.314844 0.589844 0.314844 0.589063 0.315625 0.588281 0.315625 0.5875 0.316406 0.585938 0.316406 0.585156 0.317188 0.582813 0.317188 0.582031 0.317969 0.58125 0.317969 0.580469 0.31875 0.578125 0.31875 0.577344 0.319531 0.575 0.319531 0.574219 0.320312 0.570313 0.320312 0.569531 0.321094 0.567188 0.321094 0.566406 0.321875 0.564063 0.321875 0.563281 0.322656 0.559375 0.322656 0.558594 0.323438 0.550781 0.323438 0.55 0.324219 0.545313 0.324219 0.544531 0.325 0.539063 0.325 0.538281 0.325781 0.529688 0.325781 0.528906 0.326563 0.514063 0.326563 0.513281 0.327344 0.503906 0.327344 0.503125 0.328125 0.49375 0.328125 0.492969 0.328906 0.458594 0.328906 0.457813 0.328125 0.427344 0.328125 0.426563 0.327344 0.421875 0.327344 0.421094 0.326563 0.415625 0.326563 0.414844 0.325781 0.407813 0.325781 0.407031 0.325 0.403125 0.325 0.402344 0.324219 0.398438 0.324219 0.397656 0.323438 0.396875 0.323438 0.396094 0.322656 0.398438 0.320312 0.395313 0.320312 0.394531 0.321094 0.391406 0.321094 0.390625 0.320312 0.3875 0.320312 0.385156 0.317969 0.384375 0.317969 0.382812 0.316406 0.382812 0.315625 0.382031 0.314844 0.382031 0.314063 0.38125 0.314844 0.374219 0.314844 0.373438 0.314063 0.369531 0.314063 0.36875 0.313281 0.367969 0.313281 0.366406 0.311719 0.365625 0.311719 0.364844 0.310937 0.363281 0.310937 0.594209
0 0.367969 0.509375 0.367969 0.517188 0.36875 0.517969 0.36875 0.519531 0.369531 0.520313 0.369531 0.521875 0.370313 0.522656 0.370313 0.524219 0.371094 0.525 0.371094 0.525781 0.371875 0.526563 0.371875 0.527344 0.372656 0.528125 0.372656 0.528906 0.374219 0.530469 0.375 0.530469 0.375781 0.53125 0.375781 0.532031 0.378906 0.535156 0.379688 0.535156 0.38125 0.536719 0.382031 0.536719 0.383594 0.538281 0.384375 0.538281 0.385156 0.539063 0.385938 0.539063 0.3875 0.540625 0.388281 0.540625 0.389063 0.541406 0.390625 0.541406 0.391406 0.542188 0.392969 0.542188 0.39375 0.542969 0.394531 0.542969 0.395313 0.54375 0.396875 0.54375 0.397656 0.544531 0.399219 0.544531 0.4 0.545313 0.401563 0.545313 0.402344 0.546094 0.403125 0.546094 0.403906 0.546875 0.404688 0.546875 0.405469 0.547656 0.407031 0.547656 0.407813 0.548438 0.410156 0.548438 0.410938 0.549219 0.411719 0.549219 0.4125 0.55 0.414844 0.55 0.415625 0.550781 0.417969 0.550781 0.41875 0.551563 0.420313 0.551563 0.421094 0.552344 0.422656 0.552344 0.423438 0.553125 0.425 0.553125 0.425781 0.553906 0.428906 0.553906 0.429688 0.554688 0.432031 0.554688 0.432813 0.555469 0.436719 0.555469 0.4375 0.55625 0.444531 0.55625 0.445312 0.557031 0.458594 0.557031 0.459375 0.557813 0.461719 0.557813 0.4625 0.557031 0.498438 0.557031 0.499219 0.55625 0.50625 0.55625 0.507031 0.555469 0.510938 0.555469 0.511719 0.554688 0.516406 0.554688 0.517188 0.553906 0.523438 0.553906 0.524219 0.553125 0.527344 0.553125 0.528125 0.552344 0.53125 0.552344 0.532031 0.551563 0.534375 0.551563 0.535156 0.550781 0.538281 0.550781 0.539063 0.55 0.541406 0.55 0.542188 0.549219 0.54375 0.549219 0.544531 0.548438 0.546094 0.548438 0.546875 0.547656 0.548438 0.547656 0.549219 0.546875 0.550781 0.546875 0.551563 0.546094 0.552344 0.546094 0.553125 0.545313 0.554688 0.545313 0.555469 0.544531 0.55625 0.544531 0.557031 0.54375 0.558594 0.54375 0.559375 0.542969 0.560156 0.542969 0.560938 0.542188 0.5625 0.542188 0.563281 0.541406 0.564063 0.541406 0.564844 0.540625 0.565625 0.540625 0.566406 0.539844 0.567188 0.539844 0.567969 0.539063 0.56875 0.539063 0.569531 0.538281 0.570313 0.538281 0.571094 0.5375 0.571875 0.5375 0.572656 0.536719 0.573438 0.536719 0.574219 0.535938 0.575 0.535938 0.575781 0.535156 0.576563 0.535156 0.582813 0.528906 0.582813 0.528125 0.583594 0.527344 0.583594 0.526563 0.584375 0.525781 0.584375 0.520313 0.582813 0.51875 0.582031 0.51875 0.580469 0.520313 0.579688 0.520313 0.578906 0.521094 0.578125 0.521094 0.575781 0.523438 0.574219 0.523438 0.572656 0.525 0.571875 0.525 0.570313 0.526563 0.56875 0.526563 0.567969 0.527344 0.566406 0.527344 0.565625 0.528125 0.564844 0.528125 0.563281 0.529688 0.560156 0.529688 0.559375 0.530469 0.558594 0.530469 0.557813 0.53125 0.557031 0.53125 0.55625 0.532031 0.555469 0.532031 0.554688 0.532813 0.550781 0.532813 0.55 0.533594 0.547656 0.533594 0.546875 0.534375 0.545313 0.534375 0.544531 0.535156 0.542188 0.535156 0.541406 0.535938 0.535938 0.535938 0.535156 0.536719 0.533594 0.536719 0.532813 0.5375 0.53125 0.5375 0.530469 0.538281 0.528125 0.538281 0.527344 0.539063 0.521094 0.539063 0.520313 0.539844 0.515625 0.539844 0.514844 0.540625 0.511719 0.540625 0.510938 0.541406 0.50625 0.541406 0.505469 0.542188 0.492969 0.542188 0.492188 0.542969 0.453125 0.542969 0.452344 0.542188 0.44375 0.542188 0.442969 0.541406 0.43125 0.541406 0.430469 0.540625 0.425 0.540625 0.424219 0.539844 0.421875 0.539844 0.421094 0.539063 0.417188 0.539063 0.416406 0.538281 0.413281 0.538281 0.4125 0.5375 0.409375 0.5375 0.408594 0.536719 0.407813 0.536719 0.407031 0.535938 0.403906 0.535938 0.403125 0.535156 0.402344 0.535156 0.401563 0.534375 0.4 0.534375 0.399219 0.533594 0.398438 0.533594 0.397656 0.532813 0.396094 0.532813 0.395313 0.532031 0.39375 0.532031 0.392969 0.53125 0.390625 0.53125 0.389844 0.530469 0.388281 0.530469 0.3875 0.529688 0.385938 0.529688 0.382812 0.526563 0.382031 0.526563 0.38125 0.525781 0.380469 0.525781 0.377344 0.522656 0.377344 0.517188 0.376563 0.517188 0.375781 0.516406 0.375781 0.514844 0.372656 0.511719 0.372656 0.510938 0.371875 0.510938 0.370313 0.509375 0.548043
