0 0.490625 0.18125 0.489583 0.182031 0.4875 0.182031 0.486458 0.182812 0.483333 0.182812 0.482292 0.183594 0.479167 0.183594 0.478125 0.184375 0.476042 0.184375 0.475 0.185156 0.472917 0.185156 0.471875 0.185937 0.470833 0.185937 0.469792 0.186719 0.466667 0.186719 0.465625 0.1875 0.464583 0.1875 0.463542 0.188281 0.461458 0.188281 0.460417 0.189062 0.459375 0.189062 0.458333 0.189844 0.45625 0.189844 0.455208 0.190625 0.454167 0.190625 0.453125 0.191406 0.452083 0.191406 0.451042 0.192187 0.45 0.192187 0.447917 0.19375 0.446875 0.19375 0.44375 0.196094 0.442708 0.196094 0.439583 0.198437 0.438542 0.198437 0.432292 0.203125 0.432292 0.203906 0.429167 0.20625 0.429167 0.207031 0.427083 0.208594 0.427083 0.209375 0.426042 0.210156 0.426042 0.210938 0.425 0.211719 0.425 0.2125 0.423958 0.213281 0.423958 0.214062 0.421875 0.215625 0.421875 0.23125 0.422917 0.232031 0.422917 0.233594 0.423958 0.234375 0.423958 0.236719 0.425 0.2375 0.425 0.239062 0.426042 0.239844 0.426042 0.240625 0.427083 0.241406 0.427083 0.242969 0.428125 0.24375 0.428125 0.244531 0.429167 0.245312 0.429167 0.246094 0.43125 0.247656 0.43125 0.248437 0.435417 0.251563 0.435417 0.252344 0.446875 0.260937 0.447917 0.260937 0.451042 0.263281 0.452083 0.263281 0.455208 0.265625 0.45625 0.265625 0.457292 0.266406 0.458333 0.266406 0.459375 0.267187 0.460417 0.267187 0.461458 0.267969 0.4625 0.267969 0.463542 0.26875 0.464583 0.26875 0.465625 0.269531 0.467708 0.269531 0.46875 0.270312 0.469792 0.270312 0.470833 0.271094 0.472917 0.271094 0.473958 0.271875 0.476042 0.271875 0.477083 0.272656 0.479167 0.272656 0.480208 0.273438 0.482292 0.273438 0.483333 0.274219 0.486458 0.274219 0.4875 0.275 0.490625 0.275 0.491667 0.275781 0.494792 0.275781 0.495833 0.276562 0.501042 0.276562 0.502083 0.277344 0.510417 0.277344 0.511458 0.278125 0.545833 0.278125 0.546875 0.277344 0.552083 0.277344 0.553125 0.276562 0.55625 0.276562 0.557292 0.275781 0.560417 0.275781 0.561458 0.275 0.564583 0.275 0.565625 0.274219 0.56875 0.274219 0.569792 0.273438 0.571875 0.273438 0.572917 0.272656 0.573958 0.272656 0.575 0.271875 0.577083 0.271875 0.578125 0.271094 0.580208 0.271094 0.58125 0.270312 0.582292 0.270312 0.583333 0.269531 0.584375 0.269531 0.585417 0.26875 0.586458 0.26875 0.5875 0.267969 0.588542 0.267969 0.589583 0.267187 0.590625 0.267187 0.591667 0.266406 0.592708 0.266406 0.59375 0.265625 0.594792 0.265625 0.597917 0.263281 0.598958 0.263281 0.602083 0.260937 0.603125 0.260937 0.608333 0.257031 0.608333 0.25625 0.610417 0.254688 0.611458 0.254688 0.611458 0.253906 0.616667 0.25 0.616667 0.249219 0.617708 0.248437 0.617708 0.247656 0.61875 0.246875 0.61875 0.244531 0.619792 0.24375 0.619792 0.242187 0.620833 0.241406 0.620833 0.239062 0.621875 0.238281 0.621875 0.223437 0.620833 0.222656 0.620833 0.220312 0.619792 0.219531 0.619792 0.21875 0.61875 0.217969 0.61875 0.217187 0.617708 0.216406 0.617708 0.215625 0.615625 0.214062 0.615625 0.213281 0.613542 0.211719 0.613542 0.210938 0.6125 0.210156 0.6125 0.209375 0.6 0.2 0.598958 0.2 0.595833 0.197656 0.594792 0.197656 0.592708 0.196094 0.591667 0.196094 0.589583 0.194531 0.588542 0.194531 0.586458 0.192969 0.585417 0.192969 0.583333 0.191406 0.582292 0.191406 0.58125 0.190625 0.580208 0.190625 0.579167 0.189844 0.578125 0.189844 0.577083 0.189062 0.576042 0.189062 0.575 0.188281 0.572917 0.188281 0.571875 0.1875 0.570833 0.1875 0.569792 0.186719 0.567708 0.186719 0.566667 0.185937 0.564583 0.185937 0.563542 0.185156 0.5625 0.185156 0.561458 0.184375 0.559375 0.184375 0.558333 0.183594 0.555208 0.183594 0.554167 0.182812 0.551042 0.182812 0.55 0.182031 0.547917 0.182031 0.546875 0.18125 0.988752
0 0.417708 0.275781 0.416667 0.276562 0.415625 0.276562 0.414583 0.277344 0.413542 0.277344 0.413542 0.278125 0.4125 0.278906 0.4125 0.279687 0.411458 0.280469 0.411458 0.28125 0.410417 0.282031 0.410417 0.282812 0.409375 0.283594 0.409375 0.284375 0.408333 0.285156 0.408333 0.305469 0.409375 0.30625 0.409375 0.307031 0.410417 0.307812 0.410417 0.309375 0.411458 0.310156 0.411458 0.311719 0.4125 0.3125 0.4125 0.314062 0.413542 0.314844 0.413542 0.315625 0.414583 0.316406 0.414583 0.317187 0.416667 0.31875 0.416667 0.319531 0.417708 0.320312 0.417708 0.321094 0.41875 0.321875 0.41875 0.322656 0.421875 0.325 0.421875 0.325781 0.43125 0.332812 0.432292 0.332812 0.436458 0.335938 0.4375 0.335938 0.439583 0.3375 0.440625 0.3375 0.442708 0.339062 0.44375 0.339062 0.444792 0.339844 0.445833 0.339844 0.447917 0.341406 0.448958 0.341406 0.45 0.342187 0.452083 0.342187 0.453125 0.342969 0.454167 0.342969 0.455208 0.34375 0.45625 0.34375 0.457292 0.344531 0.459375 0.344531 0.460417 0.345312 0.4625 0.345312 0.463542 0.346094 0.465625 0.346094 0.466667 0.346875 0.467708 0.346875 0.46875 0.347656 0.471875 0.347656 0.472917 0.348437 0.475 0.348437 0.476042 0.349219 0.479167 0.349219 0.480208 0.35 0.484375 0.35 0.485417 0.350781 0.492708 0.350781 0.49375 0.351562 0.522917 0.351562 0.523958 0.350781 0.532292 0.350781 0.533333 0.35 0.5375 0.35 0.538542 0.349219 0.541667 0.349219 0.542708 0.348437 0.545833 0.348437 0.546875 0.347656 0.548958 0.347656 0.55 0.346875 0.552083 0.346875 0.553125 0.346094 0.554167 0.346094 0.555208 0.345312 0.557292 0.345312 0.558333 0.344531 0.559375 0.344531 0.560417 0.34375 0.561458 0.34375 0.5625 0.342969 0.564583 0.342969 0.565625 0.342187 0.566667 0.342187 0.56875 0.340625 0.569792 0.340625 0.570833 0.339844 0.571875 0.339844 0.572917 0.339062 0.573958 0.339062 0.576042 0.3375 0.577083 0.3375 0.583333 0.332812 0.584375 0.332812 0.585417 0.332031 0.585417 0.33125 0.5875 0.329687 0.588542 0.329687 0.590625 0.328125 0.590625 0.327344 0.596875 0.322656 0.596875 0.321875 0.598958 0.320312 0.598958 0.319531 0.6 0.31875 0.6 0.317969 0.601042 0.317187 0.601042 0.316406 0.602083 0.315625 0.602083 0.313281 0.603125 0.3125 0.603125 0.310156 0.604167 0.309375 0.604167 0.305469 0.603125 0.304688 0.603125 0.301562 0.602083 0.300781 0.601042 0.301562 0.601042 0.304688 0.6 0.305469 0.6 0.307031 0.598958 0.307812 0.598958 0.308594 0.597917 0.309375 0.597917 0.310156 0.596875 0.310937 0.596875 0.311719 0.594792 0.313281 0.594792 0.314062 0.58125 0.324219 0.580208 0.324219 0.577083 0.326562 0.576042 0.326562 0.573958 0.328125 0.572917 0.328125 0.571875 0.328906 0.570833 0.328906 0.569792 0.329687 0.56875 0.329687 0.567708 0.330469 0.566667 0.330469 0.565625 0.33125 0.564583 0.33125 0.563542 0.332031 0.561458 0.332031 0.560417 0.332812 0.559375 0.332812 0.558333 0.333594 0.55625 0.333594 0.555208 0.334375 0.553125 0.334375 0.552083 0.335156 0.548958 0.335156 0.547917 0.335938 0.544792 0.335938 0.54375 0.336719 0.539583 0.336719 0.538542 0.3375 0.535417 0.3375 0.534375 0.338281 0.526042 0.338281 0.525 0.339062 0.505208 0.339062 0.504167 0.338281 0.496875 0.338281 0.495833 0.3375 0.490625 0.3375 0.489583 0.336719 0.485417 0.336719 0.484375 0.335938 0.480208 0.335938 0.479167 0.335156 0.476042 0.335156 0.475 0.334375 0.472917 0.334375 0.471875 0.333594 0.469792 0.333594 0.46875 0.332812 0.467708 0.332812 0.466667 0.332031 0.464583 0.332031 0.463542 0.33125 0.4625 0.33125 0.461458 0.330469 0.460417 0.330469 0.459375 0.329687 0.458333 0.329687 0.457292 0.328906 0.45625 0.328906 0.455208 0.328125 0.454167 0.328125 0.452083 0.326562 0.451042 0.326562 0.448958 0.325 0.447917 0.325 0.446875 0.324219 0.445833 0.324219 0.442708 0.321875 0.441667 0.321875 0.429167 0.3125 0.429167 0.311719 0.426042 0.309375 0.426042 0.308594 0.425 0.307812 0.425 0.307031 0.422917 0.305469 0.422917 0.303906 0.421875 0.303125 0.421875 0.301562 0.420833 0.300781 0.420833 0.298437 0.419792 0.297656 0.419792 0.291406 0.41875 0.290625 0.41875 0.286719 0.417708 0.285937 0.982038
0 0.419792 0.273438 0.419792 0.2875 0.420833 0.288281 0.420833 0.289844 0.421875 0.290625 0.421875 0.291406 0.423958 0.292969 0.423958 0.29375 0.425 0.294531 0.425 0.295312 0.426042 0.296094 0.426042 0.296875 0.429167 0.299219 0.429167 0.3 0.433333 0.303125 0.433333 0.303906 0.442708 0.310937 0.44375 0.310937 0.446875 0.313281 0.447917 0.313281 0.451042 0.315625 0.452083 0.315625 0.453125 0.316406 0.454167 0.316406 0.455208 0.317187 0.45625 0.317187 0.457292 0.317969 0.458333 0.317969 0.459375 0.31875 0.460417 0.31875 0.461458 0.319531 0.4625 0.319531 0.463542 0.320312 0.464583 0.320312 0.465625 0.321094 0.466667 0.321094 0.467708 0.321875 0.470833 0.321875 0.471875 0.322656 0.473958 0.322656 0.475 0.323437 0.477083 0.323437 0.478125 0.324219 0.480208 0.324219 0.48125 0.325 0.485417 0.325 0.486458 0.325781 0.491667 0.325781 0.492708 0.326562 0.498958 0.326562 0.5 0.327344 0.511458 0.327344 0.5125 0.328125 0.51875 0.328125 0.519792 0.327344 0.532292 0.327344 0.533333 0.326562 0.539583 0.326562 0.540625 0.325781 0.546875 0.325781 0.547917 0.325 0.552083 0.325 0.553125 0.324219 0.555208 0.324219 0.55625 0.323437 0.558333 0.323437 0.559375 0.322656 0.560417 0.322656 0.561458 0.321875 0.563542 0.321875 0.564583 0.321094 0.565625 0.321094 0.566667 0.320312 0.567708 0.320312 0.56875 0.319531 0.570833 0.319531 0.571875 0.31875 0.572917 0.31875 0.576042 0.316406 0.577083 0.316406 0.579167 0.314844 0.580208 0.314844 0.58125 0.314062 0.582292 0.314062 0.595833 0.303906 0.595833 0.303125 0.597917 0.301562 0.597917 0.300781 0.598958 0.3 0.598958 0.299219 0.601042 0.297656 0.601042 0.296875 0.602083 0.296094 0.602083 0.294531 0.601042 0.294531 0.601042 0.296094 0.598958 0.297656 0.597917 0.297656 0.596875 0.298437 0.596875 0.299219 0.594792 0.300781 0.592708 0.300781 0.592708 0.301562 0.591667 0.302344 0.590625 0.302344 0.589583 0.303125 0.588542 0.303125 0.585417 0.305469 0.584375 0.305469 0.582292 0.307031 0.58125 0.307031 0.579167 0.308594 0.578125 0.308594 0.577083 0.309375 0.576042 0.309375 0.575 0.310156 0.573958 0.310156 0.572917 0.310937 0.571875 0.310937 0.570833 0.311719 0.569792 0.311719 0.56875 0.3125 0.567708 0.3125 0.566667 0.313281 0.564583 0.313281 0.563542 0.314062 0.560417 0.314062 0.559375 0.314844 0.558333 0.314844 0.557292 0.315625 0.555208 0.315625 0.554167 0.316406 0.551042 0.316406 0.55 0.317187 0.542708 0.317187 0.541667 0.317969 0.535417 0.317969 0.534375 0.31875 0.507292 0.31875 0.50625 0.317969 0.5 0.317969 0.498958 0.317187 0.492708 0.317187 0.491667 0.316406 0.4875 0.316406 0.486458 0.315625 0.483333 0.315625 0.482292 0.314844 0.480208 0.314844 0.479167 0.314062 0.476042 0.314062 0.475 0.313281 0.472917 0.313281 0.471875 0.3125 0.469792 0.3125 0.46875 0.311719 0.467708 0.311719 0.466667 0.310937 0.464583 0.310937 0.463542 0.310156 0.4625 0.310156 0.461458 0.309375 0.460417 0.309375 0.459375 0.308594 0.458333 0.308594 0.457292 0.307812 0.45625 0.307812 0.455208 0.307031 0.454167 0.307031 0.452083 0.305469 0.451042 0.305469 0.448958 0.303906 0.447917 0.303906 0.446875 0.303125 0.445833 0.303125 0.439583 0.298437 0.438542 0.298437 0.43125 0.292969 0.43125 0.292187 0.429167 0.290625 0.429167 0.289844 0.427083 0.288281 0.427083 0.2875 0.425 0.285937 0.425 0.285156 0.423958 0.284375 0.423958 0.282812 0.422917 0.282031 0.422917 0.279687 0.421875 0.278906 0.421875 0.275 0.420833 0.274219 0.420833 0.273438 0.965748
0 0.421875 0.248437 0.421875 0.259375 0.422917 0.260156 0.422917 0.260937 0.423958 0.261719 0.423958 0.2625 0.425 0.263281 0.425 0.264062 0.426042 0.264844 0.426042 0.265625 0.430208 0.26875 0.430208 0.269531 0.434375 0.272656 0.434375 0.273438 0.435417 0.273438 0.4375 0.275 0.4375 0.275781 0.439583 0.277344 0.440625 0.277344 0.444792 0.280469 0.445833 0.280469 0.448958 0.282812 0.45 0.282812 0.452083 0.284375 0.453125 0.284375 0.454167 0.285156 0.455208 0.285156 0.45625 0.285937 0.457292 0.285937 0.459375 0.2875 0.461458 0.2875 0.4625 0.288281 0.463542 0.288281 0.464583 0.289062 0.466667 0.289062 0.467708 0.289844 0.46875 0.289844 0.469792 0.290625 0.471875 0.290625 0.472917 0.291406 0.475 0.291406 0.476042 0.292187 0.479167 0.292187 0.480208 0.292969 0.482292 0.292969 0.483333 0.29375 0.485417 0.29375 0.486458 0.294531 0.490625 0.294531 0.491667 0.295312 0.496875 0.295312 0.497917 0.296094 0.501042 0.296094 0.502083 0.296875 0.508333 0.296875 0.509375 0.297656 0.536458 0.297656 0.5375 0.296875 0.54375 0.296875 0.544792 0.296094 0.546875 0.296094 0.547917 0.295312 0.553125 0.295312 0.554167 0.294531 0.558333 0.294531 0.559375 0.29375 0.561458 0.29375 0.5625 0.292969 0.563542 0.292969 0.564583 0.292187 0.567708 0.292187 0.56875 0.291406 0.570833 0.291406 0.571875 0.290625 0.572917 0.290625 0.575 0.289062 0.577083 0.289062 0.578125 0.288281 0.579167 0.288281 0.580208 0.2875 0.58125 0.2875 0.583333 0.285937 0.584375 0.285937 0.586458 0.284375 0.5875 0.284375 0.589583 0.282812 0.590625 0.282812 0.594792 0.279687 0.595833 0.279687 0.597917 0.278125 0.597917 0.277344 0.598958 0.276562 0.6 0.276562 0.601042 0.275781 0.601042 0.275 0.604167 0.272656 0.604167 0.271875 0.607292 0.269531 0.607292 0.26875 0.609375 0.267187 0.609375 0.266406 0.610417 0.265625 0.610417 0.263281 0.609375 0.264062 0.609375 0.264844 0.607292 0.266406 0.60625 0.266406 0.602083 0.269531 0.601042 0.269531 0.596875 0.272656 0.595833 0.272656 0.591667 0.275781 0.590625 0.275781 0.589583 0.276562 0.588542 0.276562 0.586458 0.278125 0.584375 0.278125 0.583333 0.278906 0.582292 0.278906 0.58125 0.279687 0.580208 0.279687 0.579167 0.280469 0.578125 0.280469 0.577083 0.28125 0.576042 0.28125 0.575 0.282031 0.573958 0.282031 0.572917 0.282812 0.569792 0.282812 0.56875 0.283594 0.566667 0.283594 0.565625 0.284375 0.563542 0.284375 0.5625 0.285156 0.560417 0.285156 0.559375 0.285937 0.55625 0.285937 0.555208 0.286719 0.551042 0.286719 0.55 0.2875 0.54375 0.2875 0.542708 0.288281 0.535417 0.288281 0.534375 0.289062 0.515625 0.289062 0.514583 0.288281 0.505208 0.288281 0.504167 0.2875 0.498958 0.2875 0.497917 0.286719 0.492708 0.286719 0.491667 0.285937 0.4875 0.285937 0.486458 0.285156 0.483333 0.285156 0.482292 0.284375 0.48125 0.284375 0.480208 0.283594 0.478125 0.283594 0.477083 0.282812 0.473958 0.282812 0.472917 0.282031 0.470833 0.282031 0.469792 0.28125 0.46875 0.28125 0.467708 0.280469 0.466667 0.280469 0.465625 0.279687 0.463542 0.279687 0.4625 0.278906 0.461458 0.278906 0.460417 0.278125 0.459375 0.278125 0.458333 0.277344 0.457292 0.277344 0.45625 0.276562 0.455208 0.276562 0.453125 0.275 0.452083 0.275 0.45 0.273438 0.448958 0.273438 0.447917 0.272656 0.446875 0.272656 0.445833 0.271875 0.444792 0.271875 0.44375 0.271094 0.44375 0.270312 0.442708 0.270312 0.430208 0.260937 0.430208 0.260156 0.427083 0.257812 0.427083 0.257031 0.426042 0.25625 0.426042 0.255469 0.423958 0.253906 0.423958 0.253125 0.422917 0.252344 0.422917 0.250781 0.421875 0.25 0.961944
0 0.609375 0.276562 0.609375 0.275 0.609375 0.276562 0.60625 0.280469 0.605208 0.280469 0.605208 0.28125 0.604167 0.282031 0.604167 0.282812 0.601042 0.285156 0.601042 0.285937 0.59375 0.291406 0.592708 0.291406 0.589583 0.29375 0.588542 0.29375 0.586458 0.295312 0.585417 0.295312 0.582292 0.297656 0.58125 0.297656 0.580208 0.298437 0.579167 0.298437 0.578125 0.299219 0.577083 0.299219 0.576042 0.3 0.575 0.3 0.573958 0.300781 0.572917 0.300781 0.571875 0.301562 0.569792 0.301562 0.56875 0.302344 0.567708 0.302344 0.566667 0.303125 0.564583 0.303125 0.563542 0.303906 0.561458 0.303906 0.560417 0.304688 0.55625 0.304688 0.555208 0.305469 0.553125 0.305469 0.552083 0.30625 0.55 0.30625 0.548958 0.307031 0.54375 0.307031 0.542708 0.307812 0.530208 0.307812 0.529167 0.308594 0.511458 0.308594 0.510417 0.307812 0.497917 0.307812 0.496875 0.307031 0.492708 0.307031 0.491667 0.30625 0.489583 0.30625 0.488542 0.305469 0.485417 0.305469 0.484375 0.304688 0.48125 0.304688 0.480208 0.303906 0.477083 0.303906 0.476042 0.303125 0.475 0.303125 0.473958 0.302344 0.472917 0.302344 0.471875 0.301562 0.46875 0.301562 0.467708 0.300781 0.465625 0.300781 0.464583 0.3 0.463542 0.3 0.4625 0.299219 0.461458 0.299219 0.460417 0.298437 0.459375 0.298437 0.458333 0.297656 0.457292 0.297656 0.45625 0.296875 0.455208 0.296875 0.454167 0.296094 0.453125 0.296094 0.451042 0.294531 0.45 0.294531 0.447917 0.292969 0.446875 0.292969 0.44375 0.290625 0.442708 0.290625 0.434375 0.284375 0.434375 0.283594 0.43125 0.28125 0.43125 0.280469 0.428125 0.278125 0.428125 0.277344 0.427083 0.276562 0.427083 0.275781 0.426042 0.275 0.425 0.275 0.423958 0.274219 0.423958 0.272656 0.422917 0.271875 0.422917 0.269531 0.421875 0.26875 0.421875 0.267969 0.421875 0.276562 0.422917 0.277344 0.422917 0.278906 0.423958 0.279687 0.423958 0.280469 0.425 0.28125 0.425 0.282812 0.426042 0.283594 0.426042 0.285156 0.428125 0.286719 0.428125 0.2875 0.429167 0.288281 0.429167 0.289062 0.43125 0.290625 0.43125 0.291406 0.442708 0.3 0.44375 0.3 0.446875 0.302344 0.447917 0.302344 0.448958 0.303125 0.45 0.303125 0.452083 0.304688 0.453125 0.304688 0.455208 0.30625 0.45625 0.30625 0.457292 0.307031 0.458333 0.307031 0.459375 0.307812 0.460417 0.307812 0.461458 0.308594 0.4625 0.308594 0.463542 0.309375 0.465625 0.309375 0.466667 0.310156 0.467708 0.310156 0.46875 0.310937 0.470833 0.310937 0.471875 0.311719 0.472917 0.311719 0.473958 0.3125 0.476042 0.3125 0.477083 0.313281 0.48125 0.313281 0.482292 0.314062 0.484375 0.314062 0.485417 0.314844 0.4875 0.314844 0.488542 0.315625 0.49375 0.315625 0.494792 0.316406 0.501042 0.316406 0.502083 0.317187 0.507292 0.317187 0.508333 0.317969 0.532292 0.317969 0.533333 0.317187 0.540625 0.317187 0.541667 0.316406 0.546875 0.316406 0.547917 0.315625 0.552083 0.315625 0.553125 0.314844 0.55625 0.314844 0.557292 0.314062 0.559375 0.314062 0.560417 0.313281 0.5625 0.313281 0.563542 0.3125 0.565625 0.3125 0.566667 0.311719 0.567708 0.311719 0.56875 0.310937 0.569792 0.310937 0.570833 0.310156 0.571875 0.310156 0.572917 0.309375 0.573958 0.309375 0.575 0.308594 0.576042 0.308594 0.577083 0.307812 0.578125 0.307812 0.580208 0.30625 0.58125 0.30625 0.582292 0.305469 0.583333 0.305469 0.586458 0.303125 0.5875 0.303125 0.589583 0.301562 0.590625 0.301562 0.6 0.294531 0.6 0.29375 0.604167 0.290625 0.604167 0.289844 0.605208 0.289062 0.605208 0.288281 0.60625 0.2875 0.60625 0.285937 0.607292 0.285156 0.607292 0.28125 0.60625 0.280469 0.961063
0 0.422917 0.260937 0.422917 0.26875 0.423958 0.269531 0.423958 0.270312 0.425 0.271094 0.425 0.271875 0.426042 0.272656 0.426042 0.274219 0.428125 0.275781 0.428125 0.276562 0.430208 0.278125 0.430208 0.278906 0.433333 0.28125 0.433333 0.282031 0.436458 0.284375 0.436458 0.285156 0.441667 0.289062 0.442708 0.289062 0.445833 0.291406 0.446875 0.291406 0.448958 0.292969 0.45 0.292969 0.453125 0.295312 0.454167 0.295312 0.455208 0.296094 0.45625 0.296094 0.457292 0.296875 0.458333 0.296875 0.459375 0.297656 0.460417 0.297656 0.461458 0.298437 0.4625 0.298437 0.463542 0.299219 0.464583 0.299219 0.465625 0.3 0.467708 0.3 0.46875 0.300781 0.471875 0.300781 0.472917 0.301562 0.473958 0.301562 0.475 0.302344 0.476042 0.302344 0.477083 0.303125 0.480208 0.303125 0.48125 0.303906 0.485417 0.303906 0.486458 0.304688 0.488542 0.304688 0.489583 0.305469 0.491667 0.305469 0.492708 0.30625 0.496875 0.30625 0.497917 0.307031 0.507292 0.307031 0.508333 0.307812 0.532292 0.307812 0.533333 0.307031 0.542708 0.307031 0.54375 0.30625 0.547917 0.30625 0.548958 0.305469 0.552083 0.305469 0.553125 0.304688 0.555208 0.304688 0.55625 0.303906 0.560417 0.303906 0.561458 0.303125 0.564583 0.303125 0.565625 0.302344 0.566667 0.302344 0.567708 0.301562 0.56875 0.301562 0.569792 0.300781 0.571875 0.300781 0.572917 0.3 0.573958 0.3 0.575 0.299219 0.576042 0.299219 0.577083 0.298437 0.578125 0.298437 0.579167 0.297656 0.580208 0.297656 0.58125 0.296875 0.582292 0.296875 0.585417 0.294531 0.586458 0.294531 0.588542 0.292969 0.589583 0.292969 0.592708 0.290625 0.59375 0.290625 0.601042 0.285156 0.601042 0.284375 0.603125 0.282812 0.603125 0.282031 0.604167 0.28125 0.604167 0.280469 0.605208 0.279687 0.605208 0.278906 0.607292 0.277344 0.607292 0.276562 0.608333 0.275781 0.608333 0.274219 0.609375 0.273438 0.609375 0.271094 0.610417 0.270312 0.610417 0.269531 0.609375 0.26875 0.609375 0.269531 0.604167 0.273438 0.604167 0.274219 0.59375 0.282031 0.592708 0.282031 0.589583 0.284375 0.588542 0.284375 0.5875 0.285156 0.586458 0.285156 0.583333 0.2875 0.582292 0.2875 0.58125 0.288281 0.580208 0.288281 0.579167 0.289062 0.578125 0.289062 0.577083 0.289844 0.576042 0.289844 0.575 0.290625 0.573958 0.290625 0.572917 0.291406 0.570833 0.291406 0.569792 0.292187 0.56875 0.292187 0.567708 0.292969 0.564583 0.292969 0.563542 0.29375 0.5625 0.29375 0.561458 0.294531 0.559375 0.294531 0.558333 0.295312 0.555208 0.295312 0.554167 0.296094 0.548958 0.296094 0.547917 0.296875 0.544792 0.296875 0.54375 0.297656 0.536458 0.297656 0.535417 0.298437 0.509375 0.298437 0.508333 0.297656 0.503125 0.297656 0.502083 0.296875 0.497917 0.296875 0.496875 0.296094 0.491667 0.296094 0.490625 0.295312 0.486458 0.295312 0.485417 0.294531 0.483333 0.294531 0.482292 0.29375 0.480208 0.29375 0.479167 0.292969 0.476042 0.292969 0.475 0.292187 0.472917 0.292187 0.471875 0.291406 0.469792 0.291406 0.46875 0.290625 0.467708 0.290625 0.466667 0.289844 0.464583 0.289844 0.463542 0.289062 0.4625 0.289062 0.461458 0.288281 0.460417 0.288281 0.459375 0.2875 0.458333 0.2875 0.457292 0.286719 0.45625 0.286719 0.455208 0.285937 0.454167 0.285937 0.453125 0.285156 0.452083 0.285156 0.45 0.283594 0.448958 0.283594 0.446875 0.282031 0.445833 0.282031 0.441667 0.278906 0.440625 0.278906 0.432292 0.272656 0.432292 0.271875 0.427083 0.267969 0.427083 0.267187 0.423958 0.264844 0.423958 0.264062 0.422917 0.263281 0.960872
0 0.421875 0.292187 0.421875 0.301562 0.422917 0.302344 0.422917 0.303125 0.423958 0.303906 0.423958 0.304688 0.425 0.305469 0.425 0.30625 0.426042 0.307031 0.426042 0.307812 0.428125 0.309375 0.428125 0.310156 0.43125 0.3125 0.43125 0.313281 0.441667 0.321094 0.442708 0.321094 0.445833 0.323437 0.446875 0.323437 0.447917 0.324219 0.448958 0.324219 0.451042 0.325781 0.452083 0.325781 0.454167 0.327344 0.455208 0.327344 0.45625 0.328125 0.457292 0.328125 0.458333 0.328906 0.459375 0.328906 0.460417 0.329687 0.461458 0.329687 0.4625 0.330469 0.463542 0.330469 0.464583 0.33125 0.466667 0.33125 0.467708 0.332031 0.46875 0.332031 0.469792 0.332812 0.471875 0.332812 0.472917 0.333594 0.475 0.333594 0.476042 0.334375 0.479167 0.334375 0.480208 0.335156 0.484375 0.335156 0.485417 0.335938 0.488542 0.335938 0.489583 0.336719 0.494792 0.336719 0.495833 0.3375 0.503125 0.3375 0.504167 0.338281 0.526042 0.338281 0.527083 0.3375 0.534375 0.3375 0.535417 0.336719 0.539583 0.336719 0.540625 0.335938 0.54375 0.335938 0.544792 0.335156 0.547917 0.335156 0.548958 0.334375 0.552083 0.334375 0.553125 0.333594 0.555208 0.333594 0.55625 0.332812 0.558333 0.332812 0.559375 0.332031 0.560417 0.332031 0.561458 0.33125 0.563542 0.33125 0.564583 0.330469 0.565625 0.330469 0.566667 0.329687 0.567708 0.329687 0.56875 0.328906 0.569792 0.328906 0.570833 0.328125 0.571875 0.328125 0.573958 0.326562 0.575 0.326562 0.577083 0.325 0.578125 0.325 0.580208 0.323437 0.58125 0.323437 0.590625 0.316406 0.590625 0.315625 0.59375 0.313281 0.59375 0.3125 0.596875 0.310156 0.596875 0.309375 0.597917 0.308594 0.597917 0.305469 0.598958 0.304688 0.598958 0.303906 0.597917 0.303125 0.596875 0.303906 0.596875 0.304688 0.585417 0.313281 0.584375 0.313281 0.58125 0.315625 0.580208 0.315625 0.578125 0.317187 0.577083 0.317187 0.573958 0.319531 0.572917 0.319531 0.571875 0.320312 0.569792 0.320312 0.56875 0.321094 0.567708 0.321094 0.565625 0.322656 0.563542 0.322656 0.5625 0.323437 0.559375 0.323437 0.558333 0.324219 0.557292 0.324219 0.55625 0.325 0.554167 0.325 0.553125 0.325781 0.55 0.325781 0.548958 0.326562 0.542708 0.326562 0.541667 0.327344 0.535417 0.327344 0.534375 0.328125 0.527083 0.328125 0.526042 0.328906 0.50625 0.328906 0.505208 0.328125 0.497917 0.328125 0.496875 0.327344 0.491667 0.327344 0.490625 0.326562 0.485417 0.326562 0.484375 0.325781 0.480208 0.325781 0.479167 0.325 0.477083 0.325 0.476042 0.324219 0.473958 0.324219 0.472917 0.323437 0.469792 0.323437 0.46875 0.322656 0.466667 0.322656 0.465625 0.321875 0.464583 0.321875 0.463542 0.321094 0.4625 0.321094 0.461458 0.320312 0.460417 0.320312 0.459375 0.319531 0.458333 0.319531 0.457292 0.31875 0.45625 0.31875 0.455208 0.317969 0.454167 0.317969 0.453125 0.317187 0.452083 0.317187 0.451042 0.316406 0.45 0.316406 0.445833 0.313281 0.444792 0.313281 0.440625 0.310156 0.439583 0.310156 0.433333 0.305469 0.433333 0.304688 0.430208 0.302344 0.430208 0.301562 0.427083 0.299219 0.427083 0.298437 0.422917 0.295312 0.422917 0.292969 0.946
0 0.421875 0.230469 0.421875 0.247656 0.422917 0.248437 0.422917 0.249219 0.423958 0.25 0.423958 0.250781 0.425 0.251563 0.425 0.252344 0.426042 0.253125 0.426042 0.253906 0.427083 0.254688 0.427083 0.255469 0.428125 0.25625 0.428125 0.257031 0.429167 0.257812 0.429167 0.258594 0.433333 0.261719 0.433333 0.2625 0.441667 0.26875 0.442708 0.26875 0.446875 0.271875 0.447917 0.271875 0.448958 0.272656 0.45 0.272656 0.451042 0.273438 0.452083 0.273438 0.454167 0.275 0.455208 0.275 0.45625 0.275781 0.457292 0.275781 0.458333 0.276562 0.459375 0.276562 0.460417 0.277344 0.461458 0.277344 0.4625 0.278125 0.463542 0.278125 0.464583 0.278906 0.465625 0.278906 0.466667 0.279687 0.46875 0.279687 0.469792 0.280469 0.470833 0.280469 0.471875 0.28125 0.473958 0.28125 0.475 0.282031 0.477083 0.282031 0.478125 0.282812 0.48125 0.282812 0.482292 0.283594 0.483333 0.283594 0.484375 0.284375 0.4875 0.284375 0.488542 0.285156 0.492708 0.285156 0.49375 0.285937 0.498958 0.285937 0.5 0.286719 0.505208 0.286719 0.50625 0.2875 0.515625 0.2875 0.516667 0.288281 0.533333 0.288281 0.534375 0.2875 0.541667 0.2875 0.542708 0.286719 0.548958 0.286719 0.55 0.285937 0.555208 0.285937 0.55625 0.285156 0.559375 0.285156 0.560417 0.284375 0.561458 0.284375 0.5625 0.283594 0.564583 0.283594 0.565625 0.282812 0.56875 0.282812 0.569792 0.282031 0.571875 0.282031 0.572917 0.28125 0.575 0.28125 0.576042 0.280469 0.577083 0.280469 0.578125 0.279687 0.579167 0.279687 0.580208 0.278906 0.58125 0.278906 0.582292 0.278125 0.583333 0.278125 0.584375 0.277344 0.585417 0.277344 0.586458 0.276562 0.5875 0.276562 0.588542 0.275781 0.589583 0.275781 0.592708 0.273438 0.59375 0.273438 0.596875 0.271094 0.597917 0.271094 0.602083 0.267969 0.603125 0.267969 0.604167 0.267187 0.604167 0.266406 0.610417 0.261719 0.610417 0.260937 0.611458 0.260156 0.611458 0.259375 0.613542 0.257812 0.613542 0.25625 0.614583 0.255469 0.614583 0.253125 0.613542 0.253125 0.6125 0.253906 0.6125 0.254688 0.610417 0.25625 0.609375 0.25625 0.609375 0.257031 0.608333 0.257812 0.608333 0.258594 0.607292 0.259375 0.60625 0.259375 0.602083 0.2625 0.601042 0.2625 0.598958 0.264062 0.597917 0.264062 0.594792 0.266406 0.59375 0.266406 0.592708 0.267187 0.591667 0.267187 0.590625 0.267969 0.589583 0.267969 0.588542 0.26875 0.5875 0.26875 0.586458 0.269531 0.585417 0.269531 0.584375 0.270312 0.583333 0.270312 0.582292 0.271094 0.58125 0.271094 0.580208 0.271875 0.578125 0.271875 0.577083 0.272656 0.575 0.272656 0.573958 0.273438 0.572917 0.273438 0.571875 0.274219 0.569792 0.274219 0.56875 0.275 0.565625 0.275 0.564583 0.275781 0.561458 0.275781 0.560417 0.276562 0.55625 0.276562 0.555208 0.277344 0.552083 0.277344 0.551042 0.278125 0.545833 0.278125 0.544792 0.278906 0.5125 0.278906 0.511458 0.278125 0.503125 0.278125 0.502083 0.277344 0.496875 0.277344 0.495833 0.276562 0.492708 0.276562 0.491667 0.275781 0.488542 0.275781 0.4875 0.275 0.484375 0.275 0.483333 0.274219 0.480208 0.274219 0.479167 0.273438 0.477083 0.273438 0.476042 0.272656 0.473958 0.272656 0.472917 0.271875 0.470833 0.271875 0.469792 0.271094 0.46875 0.271094 0.467708 0.270312 0.466667 0.270312 0.465625 0.269531 0.463542 0.269531 0.4625 0.26875 0.461458 0.26875 0.460417 0.267969 0.459375 0.267969 0.458333 0.267187 0.457292 0.267187 0.45625 0.266406 0.455208 0.266406 0.453125 0.264844 0.452083 0.264844 0.447917 0.261719 0.446875 0.261719 0.433333 0.251563 0.433333 0.250781 0.429167 0.247656 0.429167 0.246875 0.428125 0.246094 0.428125 0.245312 0.427083 0.244531 0.427083 0.24375 0.426042 0.242969 0.426042 0.242187 0.425 0.241406 0.425 0.239844 0.423958 0.239062 0.423958 0.236719 0.422917 0.235937 0.422917 0.232812 0.421875 0.232031 0.92621
0 0.40625 0.298437 0.40625 0.319531 0.407292 0.320312 0.407292 0.321875 0.408333 0.322656 0.408333 0.323437 0.409375 0.324219 0.409375 0.325 0.410417 0.325781 0.410417 0.326562 0.411458 0.327344 0.411458 0.328125 0.4125 0.328906 0.4125 0.329687 0.414583 0.33125 0.414583 0.332031 0.417708 0.334375 0.417708 0.335156 0.421875 0.338281 0.421875 0.339062 0.422917 0.339844 0.423958 0.339844 0.426042 0.341406 0.426042 0.342187 0.427083 0.342187 0.430208 0.344531 0.43125 0.344531 0.434375 0.346875 0.435417 0.346875 0.4375 0.348437 0.438542 0.348437 0.440625 0.35 0.441667 0.35 0.442708 0.350781 0.44375 0.350781 0.444792 0.351562 0.445833 0.351562 0.446875 0.352344 0.447917 0.352344 0.448958 0.353125 0.45 0.353125 0.451042 0.353906 0.452083 0.353906 0.453125 0.354687 0.454167 0.354687 0.455208 0.355469 0.457292 0.355469 0.458333 0.35625 0.459375 0.35625 0.460417 0.357031 0.463542 0.357031 0.464583 0.357812 0.466667 0.357812 0.467708 0.358594 0.469792 0.358594 0.470833 0.359375 0.473958 0.359375 0.475 0.360156 0.478125 0.360156 0.479167 0.360937 0.484375 0.360937 0.485417 0.361719 0.492708 0.361719 0.49375 0.3625 0.515625 0.3625 0.516667 0.361719 0.523958 0.361719 0.525 0.360937 0.53125 0.360937 0.532292 0.360156 0.536458 0.360156 0.5375 0.359375 0.539583 0.359375 0.540625 0.358594 0.54375 0.358594 0.544792 0.357812 0.547917 0.357812 0.548958 0.357031 0.551042 0.357031 0.552083 0.35625 0.553125 0.35625 0.554167 0.355469 0.55625 0.355469 0.557292 0.354687 0.558333 0.354687 0.559375 0.353906 0.560417 0.353906 0.561458 0.353125 0.5625 0.353125 0.563542 0.352344 0.564583 0.352344 0.565625 0.351562 0.566667 0.351562 0.56875 0.35 0.569792 0.35 0.571875 0.348437 0.572917 0.348437 0.575 0.346875 0.576042 0.346875 0.582292 0.342187 0.583333 0.342187 0.586458 0.339844 0.586458 0.339062 0.590625 0.335938 0.590625 0.335156 0.592708 0.333594 0.592708 0.332812 0.59375 0.332031 0.59375 0.33125 0.594792 0.330469 0.594792 0.327344 0.595833 0.326562 0.59375 0.326562 0.592708 0.327344 0.592708 0.328125 0.591667 0.328906 0.590625 0.328906 0.579167 0.3375 0.578125 0.3375 0.576042 0.339062 0.575 0.339062 0.572917 0.340625 0.571875 0.340625 0.570833 0.341406 0.569792 0.341406 0.56875 0.342187 0.567708 0.342187 0.565625 0.34375 0.564583 0.34375 0.563542 0.344531 0.561458 0.344531 0.560417 0.345312 0.559375 0.345312 0.558333 0.346094 0.557292 0.346094 0.55625 0.346875 0.554167 0.346875 0.553125 0.347656 0.55 0.347656 0.548958 0.348437 0.546875 0.348437 0.545833 0.349219 0.54375 0.349219 0.542708 0.35 0.540625 0.35 0.539583 0.350781 0.533333 0.350781 0.532292 0.351562 0.526042 0.351562 0.525 0.352344 0.515625 0.352344 0.514583 0.353125 0.502083 0.353125 0.501042 0.352344 0.492708 0.352344 0.491667 0.351562 0.485417 0.351562 0.484375 0.350781 0.479167 0.350781 0.478125 0.35 0.475 0.35 0.473958 0.349219 0.471875 0.349219 0.470833 0.348437 0.467708 0.348437 0.466667 0.347656 0.464583 0.347656 0.463542 0.346875 0.461458 0.346875 0.460417 0.346094 0.459375 0.346094 0.458333 0.345312 0.45625 0.345312 0.455208 0.344531 0.454167 0.344531 0.453125 0.34375 0.452083 0.34375 0.451042 0.342969 0.45 0.342969 0.448958 0.342187 0.447917 0.342187 0.446875 0.341406 0.445833 0.341406 0.444792 0.340625 0.44375 0.340625 0.442708 0.339844 0.441667 0.339844 0.439583 0.338281 0.438542 0.338281 0.436458 0.336719 0.435417 0.336719 0.430208 0.332812 0.429167 0.332812 0.422917 0.328125 0.422917 0.327344 0.41875 0.324219 0.41875 0.323437 0.416667 0.321875 0.416667 0.321094 0.415625 0.320312 0.415625 0.319531 0.414583 0.31875 0.414583 0.317969 0.413542 0.317187 0.413542 0.316406 0.411458 0.314844 0.411458 0.313281 0.410417 0.3125 0.410417 0.310156 0.409375 0.309375 0.409375 0.307812 0.408333 0.307031 0.408333 0.305469 0.407292 0.304688 0.407292 0.302344 0.40625 0.301562 0.876595
0 0.40625 0.299219 0.40625 0.319531 0.407292 0.320312 0.407292 0.321875 0.408333 0.322656 0.408333 0.323437 0.409375 0.324219 0.409375 0.325 0.410417 0.325781 0.410417 0.326562 0.411458 0.327344 0.411458 0.328125 0.4125 0.328906 0.4125 0.329687 0.414583 0.33125 0.414583 0.332031 0.417708 0.334375 0.417708 0.335156 0.421875 0.338281 0.421875 0.339062 0.426042 0.342187 0.427083 0.342187 0.430208 0.344531 0.43125 0.344531 0.434375 0.346875 0.435417 0.346875 0.4375 0.348437 0.438542 0.348437 0.440625 0.35 0.441667 0.35 0.442708 0.350781 0.44375 0.350781 0.444792 0.351562 0.445833 0.351562 0.446875 0.352344 0.447917 0.352344 0.448958 0.353125 0.45 0.353125 0.451042 0.353906 0.452083 0.353906 0.453125 0.354687 0.454167 0.354687 0.455208 0.355469 0.457292 0.355469 0.458333 0.35625 0.459375 0.35625 0.460417 0.357031 0.463542 0.357031 0.464583 0.357812 0.466667 0.357812 0.467708 0.358594 0.469792 0.358594 0.470833 0.359375 0.473958 0.359375 0.475 0.360156 0.478125 0.360156 0.479167 0.360937 0.484375 0.360937 0.485417 0.361719 0.491667 0.361719 0.492708 0.3625 0.516667 0.3625 0.517708 0.361719 0.525 0.361719 0.526042 0.360937 0.53125 0.360937 0.532292 0.360156 0.536458 0.360156 0.5375 0.359375 0.540625 0.359375 0.541667 0.358594 0.54375 0.358594 0.544792 0.357812 0.547917 0.357812 0.548958 0.357031 0.551042 0.357031 0.552083 0.35625 0.553125 0.35625 0.554167 0.355469 0.55625 0.355469 0.557292 0.354687 0.558333 0.354687 0.559375 0.353906 0.560417 0.353906 0.561458 0.353125 0.5625 0.353125 0.563542 0.352344 0.564583 0.352344 0.565625 0.351562 0.566667 0.351562 0.56875 0.35 0.569792 0.35 0.571875 0.348437 0.572917 0.348437 0.575 0.346875 0.576042 0.346875 0.584375 0.340625 0.585417 0.340625 0.585417 0.339844 0.590625 0.335938 0.590625 0.335156 0.591667 0.334375 0.591667 0.333594 0.59375 0.332031 0.59375 0.33125 0.594792 0.330469 0.594792 0.326562 0.59375 0.326562 0.592708 0.327344 0.592708 0.328125 0.590625 0.329687 0.589583 0.329687 0.579167 0.3375 0.578125 0.3375 0.576042 0.339062 0.575 0.339062 0.572917 0.340625 0.571875 0.340625 0.570833 0.341406 0.569792 0.341406 0.56875 0.342187 0.567708 0.342187 0.566667 0.342969 0.565625 0.342969 0.564583 0.34375 0.563542 0.34375 0.5625 0.344531 0.560417 0.344531 0.559375 0.345312 0.558333 0.345312 0.557292 0.346094 0.55625 0.346094 0.555208 0.346875 0.553125 0.346875 0.552083 0.347656 0.55 0.347656 0.548958 0.348437 0.546875 0.348437 0.545833 0.349219 0.542708 0.349219 0.541667 0.35 0.539583 0.35 0.538542 0.350781 0.532292 0.350781 0.53125 0.351562 0.525 0.351562 0.523958 0.352344 0.511458 0.352344 0.510417 0.353125 0.50625 0.353125 0.505208 0.352344 0.494792 0.352344 0.49375 0.351562 0.485417 0.351562 0.484375 0.350781 0.479167 0.350781 0.478125 0.35 0.475 0.35 0.473958 0.349219 0.471875 0.349219 0.470833 0.348437 0.46875 0.348437 0.467708 0.347656 0.464583 0.347656 0.463542 0.346875 0.461458 0.346875 0.460417 0.346094 0.459375 0.346094 0.458333 0.345312 0.45625 0.345312 0.455208 0.344531 0.454167 0.344531 0.453125 0.34375 0.452083 0.34375 0.451042 0.342969 0.45 0.342969 0.448958 0.342187 0.447917 0.342187 0.446875 0.341406 0.445833 0.341406 0.444792 0.340625 0.44375 0.340625 0.442708 0.339844 0.441667 0.339844 0.439583 0.338281 0.438542 0.338281 0.435417 0.335938 0.434375 0.335938 0.41875 0.324219 0.41875 0.323437 0.416667 0.321875 0.416667 0.321094 0.415625 0.320312 0.415625 0.319531 0.414583 0.31875 0.414583 0.317969 0.413542 0.317187 0.413542 0.316406 0.4125 0.315625 0.4125 0.314844 0.411458 0.314062 0.411458 0.3125 0.410417 0.311719 0.410417 0.310156 0.409375 0.309375 0.409375 0.307031 0.408333 0.30625 0.408333 0.303906 0.407292 0.303125 0.407292 0.300781 0.40625 0.3 0.0382293
