0 0.534375 0.43125 0.533333 0.432031 0.530208 0.432031 0.529167 0.432812 0.526042 0.432812 0.525 0.433594 0.522917 0.433594 0.521875 0.434375 0.519792 0.434375 0.51875 0.435156 0.516667 0.435156 0.515625 0.435937 0.513542 0.435937 0.5125 0.436719 0.510417 0.436719 0.509375 0.4375 0.508333 0.4375 0.507292 0.438281 0.50625 0.438281 0.504167 0.439844 0.503125 0.439844 0.502083 0.440625 0.501042 0.440625 0.5 0.441406 0.498958 0.441406 0.496875 0.442969 0.495833 0.442969 0.494792 0.44375 0.49375 0.44375 0.489583 0.446875 0.489583 0.463281 0.490625 0.464062 0.490625 0.466406 0.491667 0.467187 0.491667 0.46875 0.49375 0.470312 0.49375 0.471094 0.494792 0.471875 0.494792 0.472656 0.495833 0.473437 0.496875 0.473437 0.502083 0.477344 0.503125 0.477344 0.505208 0.478906 0.50625 0.478906 0.508333 0.480469 0.509375 0.480469 0.511458 0.482031 0.5125 0.482031 0.513542 0.482812 0.514583 0.482812 0.515625 0.483594 0.516667 0.483594 0.517708 0.484375 0.51875 0.484375 0.519792 0.485156 0.521875 0.485156 0.522917 0.485937 0.523958 0.485937 0.525 0.486719 0.526042 0.486719 0.527083 0.4875 0.528125 0.4875 0.529167 0.488281 0.53125 0.488281 0.532292 0.489062 0.534375 0.489062 0.535417 0.489844 0.536458 0.489844 0.5375 0.490625 0.539583 0.490625 0.540625 0.491406 0.54375 0.491406 0.544792 0.492187 0.546875 0.492187 0.547917 0.492969 0.55 0.492969 0.551042 0.49375 0.554167 0.49375 0.555208 0.494531 0.559375 0.494531 0.560417 0.495312 0.563542 0.495312 0.564583 0.496094 0.567708 0.496094 0.56875 0.496875 0.572917 0.496875 0.573958 0.497656 0.58125 0.497656 0.582292 0.498437 0.589583 0.498437 0.590625 0.499219 0.596875 0.499219 0.597917 0.5 0.611458 0.5 0.6125 0.500781 0.669792 0.500781 0.670833 0.5 0.68125 0.5 0.682292 0.499219 0.688542 0.499219 0.689583 0.498437 0.694792 0.498437 0.695833 0.497656 0.702083 0.497656 0.703125 0.496875 0.70625 0.496875 0.707292 0.496094 0.709375 0.496094 0.710417 0.495312 0.713542 0.495312 0.714583 0.494531 0.717708 0.494531 0.71875 0.49375 0.720833 0.49375 0.721875 0.492969 0.723958 0.492969 0.725 0.492187 0.726042 0.492187 0.727083 0.491406 0.729167 0.491406 0.730208 0.490625 0.732292 0.490625 0.734375 0.489062 0.736458 0.489062 0.7375 0.488281 0.738542 0.488281 0.740625 0.486719 0.741667 0.486719 0.744792 0.484375 0.745833 0.484375 0.752083 0.479687 0.753125 0.479687 0.754167 0.478906 0.754167 0.478125 0.755208 0.477344 0.755208 0.476562 0.75625 0.475781 0.75625 0.473437 0.757292 0.472656 0.757292 0.458594 0.75625 0.457812 0.75625 0.45625 0.755208 0.455469 0.755208 0.454687 0.754167 0.453906 0.754167 0.453125 0.751042 0.450781 0.751042 0.45 0.748958 0.448437 0.747917 0.448437 0.744792 0.446094 0.74375 0.446094 0.741667 0.444531 0.740625 0.444531 0.739583 0.44375 0.738542 0.44375 0.736458 0.442187 0.735417 0.442187 0.733333 0.440625 0.732292 0.440625 0.73125 0.439844 0.730208 0.439844 0.729167 0.439062 0.728125 0.439062 0.727083 0.438281 0.726042 0.438281 0.725 0.4375 0.723958 0.4375 0.722917 0.436719 0.720833 0.436719 0.719792 0.435937 0.717708 0.435937 0.716667 0.435156 0.714583 0.435156 0.713542 0.434375 0.711458 0.434375 0.710417 0.433594 0.707292 0.433594 0.70625 0.432812 0.704167 0.432812 0.703125 0.432031 0.701042 0.432031 0.7 0.43125 0.980916
0 0.197917 0.360156 0.196875 0.360937 0.196875 0.365625 0.195833 0.366406 0.196875 0.367188 0.196875 0.367969 0.197917 0.36875 0.197917 0.370312 0.198958 0.371094 0.198958 0.373437 0.201042 0.375 0.201042 0.375781 0.203125 0.377344 0.203125 0.378125 0.205208 0.379687 0.20625 0.379687 0.209375 0.382031 0.210417 0.382031 0.211458 0.382812 0.2125 0.382812 0.214583 0.384375 0.216667 0.384375 0.217708 0.385156 0.219792 0.385156 0.220833 0.385937 0.222917 0.385937 0.223958 0.386719 0.226042 0.386719 0.227083 0.3875 0.229167 0.3875 0.230208 0.388281 0.235417 0.388281 0.236458 0.389062 0.239583 0.389062 0.240625 0.389844 0.24375 0.389844 0.244792 0.390625 0.25 0.390625 0.251042 0.391406 0.260417 0.391406 0.261458 0.392187 0.267708 0.392187 0.26875 0.392969 0.275 0.392969 0.276042 0.39375 0.288542 0.39375 0.289583 0.394531 0.376042 0.394531 0.377083 0.39375 0.388542 0.39375 0.389583 0.392969 0.395833 0.392969 0.396875 0.392187 0.401042 0.392187 0.402083 0.391406 0.410417 0.391406 0.411458 0.390625 0.416667 0.390625 0.417708 0.389844 0.421875 0.389844 0.422917 0.389062 0.426042 0.389062 0.427083 0.388281 0.433333 0.388281 0.434375 0.3875 0.438542 0.3875 0.439583 0.386719 0.441667 0.386719 0.442708 0.385937 0.444792 0.385937 0.445833 0.385156 0.45 0.385156 0.451042 0.384375 0.453125 0.384375 0.454167 0.383594 0.45625 0.383594 0.457292 0.382812 0.458333 0.382812 0.459375 0.382031 0.4625 0.382031 0.463542 0.38125 0.464583 0.38125 0.467708 0.378906 0.46875 0.378906 0.469792 0.378125 0.470833 0.378125 0.472917 0.376562 0.473958 0.376562 0.475 0.375781 0.476042 0.375781 0.477083 0.375 0.477083 0.374219 0.478125 0.373437 0.478125 0.372656 0.479167 0.371875 0.479167 0.36875 0.480208 0.367969 0.480208 0.361719 0.479167 0.360937 0.475 0.360937 0.473958 0.361719 0.472917 0.361719 0.471875 0.3625 0.470833 0.3625 0.469792 0.363281 0.46875 0.363281 0.467708 0.364062 0.465625 0.364062 0.464583 0.364844 0.4625 0.364844 0.460417 0.366406 0.458333 0.366406 0.457292 0.367188 0.452083 0.367188 0.451042 0.367969 0.448958 0.367969 0.447917 0.36875 0.445833 0.36875 0.444792 0.369531 0.441667 0.369531 0.440625 0.370312 0.433333 0.370312 0.432292 0.371094 0.428125 0.371094 0.427083 0.371875 0.423958 0.371875 0.422917 0.372656 0.41875 0.372656 0.417708 0.373437 0.402083 0.373437 0.401042 0.374219 0.392708 0.374219 0.391667 0.375 0.384375 0.375 0.383333 0.375781 0.363542 0.375781 0.3625 0.376562 0.309375 0.376562 0.308333 0.375781 0.284375 0.375781 0.283333 0.375 0.275 0.375 0.273958 0.374219 0.267708 0.374219 0.266667 0.373437 0.252083 0.373437 0.251042 0.372656 0.244792 0.372656 0.24375 0.371875 0.240625 0.371875 0.239583 0.371094 0.235417 0.371094 0.234375 0.370312 0.229167 0.370312 0.228125 0.369531 0.225 0.369531 0.223958 0.36875 0.222917 0.36875 0.221875 0.367969 0.219792 0.367969 0.21875 0.367188 0.215625 0.367188 0.214583 0.366406 0.213542 0.366406 0.2125 0.365625 0.211458 0.365625 0.210417 0.364844 0.209375 0.364844 0.208333 0.364062 0.207292 0.364062 0.205208 0.3625 0.204167 0.3625 0.201042 0.360156 0.940605
0 0.476042 0.4125 0.472917 0.414844 0.471875 0.414844 0.46875 0.417187 0.466667 0.417187 0.465625 0.417969 0.464583 0.417969 0.463542 0.41875 0.4625 0.41875 0.461458 0.419531 0.460417 0.419531 0.459375 0.420312 0.457292 0.420312 0.45625 0.421094 0.455208 0.421094 0.454167 0.421875 0.453125 0.421875 0.452083 0.422656 0.451042 0.422656 0.45 0.423437 0.444792 0.423437 0.44375 0.424219 0.441667 0.424219 0.440625 0.425 0.439583 0.425 0.438542 0.425781 0.435417 0.425781 0.434375 0.426562 0.428125 0.426562 0.427083 0.427344 0.423958 0.427344 0.422917 0.428125 0.419792 0.428125 0.41875 0.428906 0.414583 0.428906 0.413542 0.429688 0.405208 0.429688 0.404167 0.430469 0.398958 0.430469 0.397917 0.43125 0.39375 0.43125 0.392708 0.432031 0.383333 0.432031 0.382292 0.432812 0.357292 0.432812 0.35625 0.433594 0.330208 0.433594 0.329167 0.434375 0.322917 0.434375 0.321875 0.433594 0.297917 0.433594 0.296875 0.432812 0.280208 0.432812 0.279167 0.432031 0.270833 0.432031 0.269792 0.43125 0.265625 0.43125 0.264583 0.430469 0.259375 0.430469 0.258333 0.429688 0.252083 0.429688 0.251042 0.428906 0.246875 0.428906 0.245833 0.428125 0.242708 0.428125 0.241667 0.427344 0.238542 0.427344 0.2375 0.426562 0.233333 0.426562 0.232292 0.425781 0.230208 0.425781 0.229167 0.425 0.227083 0.425 0.226042 0.424219 0.225 0.424219 0.223958 0.423437 0.221875 0.423437 0.220833 0.422656 0.21875 0.422656 0.216667 0.421094 0.215625 0.421094 0.214583 0.420312 0.213542 0.420312 0.209375 0.417187 0.209375 0.432031 0.213542 0.435156 0.214583 0.435156 0.21875 0.438281 0.220833 0.438281 0.221875 0.439062 0.222917 0.439062 0.225 0.440625 0.226042 0.440625 0.227083 0.441406 0.230208 0.441406 0.23125 0.442187 0.233333 0.442187 0.234375 0.442969 0.235417 0.442969 0.236458 0.44375 0.2375 0.44375 0.238542 0.444531 0.24375 0.444531 0.244792 0.445312 0.248958 0.445312 0.25 0.446094 0.252083 0.446094 0.253125 0.446875 0.25625 0.446875 0.257292 0.447656 0.263542 0.447656 0.264583 0.448437 0.269792 0.448437 0.270833 0.449219 0.275 0.449219 0.276042 0.45 0.283333 0.45 0.284375 0.450781 0.3 0.450781 0.301042 0.451562 0.35625 0.451562 0.357292 0.450781 0.377083 0.450781 0.378125 0.45 0.385417 0.45 0.386458 0.449219 0.390625 0.449219 0.391667 0.448437 0.397917 0.448437 0.398958 0.447656 0.410417 0.447656 0.411458 0.446875 0.414583 0.446875 0.415625 0.446094 0.41875 0.446094 0.419792 0.445312 0.422917 0.445312 0.423958 0.444531 0.43125 0.444531 0.432292 0.44375 0.434375 0.44375 0.435417 0.442969 0.436458 0.442969 0.4375 0.442187 0.440625 0.442187 0.441667 0.441406 0.444792 0.441406 0.445833 0.440625 0.447917 0.440625 0.448958 0.439844 0.45 0.439844 0.451042 0.439062 0.452083 0.439062 0.453125 0.438281 0.45625 0.438281 0.457292 0.4375 0.458333 0.4375 0.459375 0.436719 0.460417 0.436719 0.461458 0.435937 0.4625 0.435937 0.463542 0.435156 0.464583 0.435156 0.466667 0.433594 0.467708 0.433594 0.476042 0.427344 0.476042 0.426562 0.478125 0.425 0.478125 0.424219 0.479167 0.423437 0.479167 0.421875 0.480208 0.421094 0.480208 0.41875 0.479167 0.417969 0.479167 0.413281 0.478125 0.4125 0.931781
0 0.475 0.26875 0.473958 0.269531 0.471875 0.269531 0.470833 0.270312 0.46875 0.270312 0.467708 0.271094 0.466667 0.271094 0.465625 0.271875 0.461458 0.271875 0.460417 0.272656 0.454167 0.272656 0.453125 0.273438 0.447917 0.273438 0.446875 0.274219 0.441667 0.274219 0.440625 0.275 0.434375 0.275 0.433333 0.275781 0.423958 0.275781 0.422917 0.276562 0.404167 0.276562 0.403125 0.277344 0.376042 0.277344 0.375 0.278125 0.35 0.278125 0.348958 0.278906 0.330208 0.278906 0.329167 0.278125 0.270833 0.278125 0.269792 0.277344 0.234375 0.277344 0.233333 0.276562 0.210417 0.276562 0.209375 0.275781 0.203125 0.275781 0.202083 0.275 0.196875 0.275 0.195833 0.274219 0.190625 0.274219 0.189583 0.273438 0.1875 0.273438 0.186458 0.272656 0.182292 0.272656 0.182292 0.275 0.184375 0.276562 0.184375 0.277344 0.185417 0.278125 0.185417 0.282812 0.186458 0.283594 0.186458 0.284375 0.19375 0.289844 0.194792 0.289844 0.196875 0.291406 0.197917 0.291406 0.198958 0.292187 0.2 0.292187 0.201042 0.292969 0.203125 0.292969 0.204167 0.29375 0.208333 0.29375 0.209375 0.294531 0.217708 0.294531 0.21875 0.295312 0.222917 0.295312 0.223958 0.296094 0.230208 0.296094 0.23125 0.296875 0.242708 0.296875 0.24375 0.297656 0.266667 0.297656 0.267708 0.298437 0.291667 0.298437 0.292708 0.299219 0.373958 0.299219 0.375 0.298437 0.388542 0.298437 0.389583 0.297656 0.40625 0.297656 0.407292 0.296875 0.419792 0.296875 0.420833 0.296094 0.429167 0.296094 0.430208 0.295312 0.4375 0.295312 0.438542 0.294531 0.45 0.294531 0.451042 0.29375 0.45625 0.29375 0.457292 0.292969 0.459375 0.292969 0.460417 0.292187 0.4625 0.292187 0.463542 0.291406 0.46875 0.291406 0.469792 0.290625 0.471875 0.290625 0.472917 0.289844 0.473958 0.289844 0.476042 0.288281 0.478125 0.288281 0.479167 0.2875 0.480208 0.2875 0.482292 0.285937 0.482292 0.285156 0.483333 0.284375 0.483333 0.282812 0.484375 0.282031 0.484375 0.275781 0.483333 0.275 0.483333 0.272656 0.482292 0.271875 0.482292 0.270312 0.48125 0.269531 0.48125 0.26875 0.915946
0 0.480208 0.428125 0.478125 0.429688 0.477083 0.429688 0.471875 0.433594 0.470833 0.433594 0.46875 0.435156 0.467708 0.435156 0.466667 0.435937 0.465625 0.435937 0.464583 0.436719 0.463542 0.436719 0.4625 0.4375 0.460417 0.4375 0.459375 0.438281 0.458333 0.438281 0.457292 0.439062 0.455208 0.439062 0.454167 0.439844 0.452083 0.439844 0.451042 0.440625 0.45 0.440625 0.448958 0.441406 0.446875 0.441406 0.445833 0.442187 0.442708 0.442187 0.441667 0.442969 0.438542 0.442969 0.4375 0.44375 0.435417 0.44375 0.434375 0.444531 0.432292 0.444531 0.43125 0.445312 0.425 0.445312 0.423958 0.446094 0.419792 0.446094 0.41875 0.446875 0.416667 0.446875 0.415625 0.447656 0.411458 0.447656 0.410417 0.448437 0.4 0.448437 0.398958 0.449219 0.392708 0.449219 0.391667 0.45 0.386458 0.45 0.385417 0.450781 0.375 0.450781 0.373958 0.451562 0.338542 0.451562 0.3375 0.452344 0.309375 0.452344 0.308333 0.451562 0.289583 0.451562 0.288542 0.450781 0.279167 0.450781 0.278125 0.45 0.272917 0.45 0.271875 0.449219 0.266667 0.449219 0.265625 0.448437 0.259375 0.448437 0.258333 0.447656 0.254167 0.447656 0.253125 0.446875 0.25 0.446875 0.248958 0.446094 0.245833 0.446094 0.244792 0.445312 0.239583 0.445312 0.238542 0.444531 0.236458 0.444531 0.235417 0.44375 0.234375 0.44375 0.233333 0.442969 0.23125 0.442969 0.230208 0.442187 0.227083 0.442187 0.226042 0.441406 0.225 0.441406 0.223958 0.440625 0.222917 0.440625 0.220833 0.439062 0.21875 0.439062 0.214583 0.435937 0.213542 0.435937 0.2125 0.435156 0.211458 0.435156 0.210417 0.434375 0.210417 0.433594 0.209375 0.433594 0.208333 0.434375 0.208333 0.444531 0.209375 0.445312 0.209375 0.446875 0.2125 0.449219 0.213542 0.449219 0.214583 0.45 0.215625 0.45 0.220833 0.453906 0.221875 0.453906 0.223958 0.455469 0.225 0.455469 0.227083 0.457031 0.229167 0.457031 0.230208 0.457812 0.23125 0.457812 0.232292 0.458594 0.233333 0.458594 0.234375 0.459375 0.235417 0.459375 0.236458 0.460156 0.239583 0.460156 0.240625 0.460937 0.242708 0.460937 0.24375 0.461719 0.244792 0.461719 0.245833 0.4625 0.247917 0.4625 0.248958 0.463281 0.254167 0.463281 0.255208 0.464062 0.258333 0.464062 0.259375 0.464844 0.2625 0.464844 0.263542 0.465625 0.266667 0.465625 0.267708 0.466406 0.275 0.466406 0.276042 0.467187 0.28125 0.467187 0.282292 0.467969 0.2875 0.467969 0.288542 0.46875 0.377083 0.46875 0.378125 0.467969 0.383333 0.467969 0.384375 0.467187 0.390625 0.467187 0.391667 0.466406 0.401042 0.466406 0.402083 0.465625 0.407292 0.465625 0.408333 0.464844 0.411458 0.464844 0.4125 0.464062 0.416667 0.464062 0.417708 0.463281 0.425 0.463281 0.426042 0.4625 0.429167 0.4625 0.430208 0.461719 0.432292 0.461719 0.433333 0.460937 0.435417 0.460937 0.436458 0.460156 0.439583 0.460156 0.440625 0.459375 0.44375 0.459375 0.444792 0.458594 0.445833 0.458594 0.446875 0.457812 0.448958 0.457812 0.45 0.457031 0.452083 0.457031 0.453125 0.45625 0.455208 0.45625 0.45625 0.455469 0.457292 0.455469 0.459375 0.453906 0.461458 0.453906 0.4625 0.453125 0.464583 0.453125 0.466667 0.451562 0.467708 0.451562 0.46875 0.450781 0.469792 0.450781 0.473958 0.447656 0.475 0.447656 0.48125 0.442969 0.48125 0.442187 0.482292 0.441406 0.482292 0.439062 0.483333 0.438281 0.482292 0.4375 0.482292 0.432812 0.48125 0.432031 0.48125 0.428125 0.915121
0 0.19375 0.322656 0.19375 0.325 0.194792 0.325 0.195833 0.325781 0.195833 0.326562 0.194792 0.327344 0.194792 0.335938 0.195833 0.336719 0.195833 0.339062 0.196875 0.339844 0.196875 0.340625 0.201042 0.34375 0.202083 0.34375 0.204167 0.345312 0.205208 0.345312 0.207292 0.346875 0.209375 0.346875 0.210417 0.347656 0.213542 0.347656 0.214583 0.348437 0.215625 0.348437 0.216667 0.349219 0.21875 0.349219 0.219792 0.35 0.221875 0.35 0.222917 0.350781 0.229167 0.350781 0.230208 0.351562 0.233333 0.351562 0.234375 0.352344 0.2375 0.352344 0.238542 0.353125 0.242708 0.353125 0.24375 0.353906 0.254167 0.353906 0.255208 0.354687 0.2625 0.354687 0.263542 0.355469 0.269792 0.355469 0.270833 0.35625 0.385417 0.35625 0.386458 0.355469 0.392708 0.355469 0.39375 0.354687 0.403125 0.354687 0.404167 0.353906 0.416667 0.353906 0.417708 0.353125 0.421875 0.353125 0.422917 0.352344 0.427083 0.352344 0.428125 0.351562 0.432292 0.351562 0.433333 0.350781 0.441667 0.350781 0.442708 0.35 0.446875 0.35 0.447917 0.349219 0.448958 0.349219 0.45 0.348437 0.453125 0.348437 0.454167 0.347656 0.459375 0.347656 0.460417 0.346875 0.461458 0.346875 0.4625 0.346094 0.463542 0.346094 0.464583 0.345312 0.465625 0.345312 0.466667 0.344531 0.469792 0.344531 0.470833 0.34375 0.471875 0.34375 0.473958 0.342187 0.475 0.342187 0.476042 0.341406 0.477083 0.341406 0.478125 0.340625 0.479167 0.340625 0.480208 0.339844 0.480208 0.339062 0.48125 0.338281 0.48125 0.336719 0.482292 0.335938 0.482292 0.33125 0.48125 0.330469 0.48125 0.327344 0.480208 0.326562 0.480208 0.325781 0.477083 0.325781 0.476042 0.326562 0.472917 0.326562 0.470833 0.328125 0.469792 0.328125 0.46875 0.328906 0.466667 0.328906 0.465625 0.329687 0.461458 0.329687 0.460417 0.330469 0.458333 0.330469 0.457292 0.33125 0.45625 0.33125 0.455208 0.332031 0.452083 0.332031 0.451042 0.332812 0.441667 0.332812 0.440625 0.333594 0.434375 0.333594 0.433333 0.334375 0.428125 0.334375 0.427083 0.335156 0.419792 0.335156 0.41875 0.335938 0.407292 0.335938 0.40625 0.336719 0.396875 0.336719 0.395833 0.3375 0.384375 0.3375 0.383333 0.338281 0.365625 0.338281 0.364583 0.339062 0.313542 0.339062 0.3125 0.338281 0.280208 0.338281 0.279167 0.3375 0.266667 0.3375 0.265625 0.336719 0.254167 0.336719 0.253125 0.335938 0.242708 0.335938 0.241667 0.335156 0.236458 0.335156 0.235417 0.334375 0.23125 0.334375 0.230208 0.333594 0.222917 0.333594 0.221875 0.332812 0.216667 0.332812 0.215625 0.332031 0.213542 0.332031 0.2125 0.33125 0.210417 0.33125 0.209375 0.330469 0.207292 0.330469 0.20625 0.329687 0.205208 0.329687 0.203125 0.328125 0.202083 0.328125 0.201042 0.327344 0.2 0.327344 0.198958 0.326562 0.198958 0.325781 0.197917 0.325 0.197917 0.323437 0.196875 0.322656 0.909185
0 0.494792 0.478125 0.494792 0.489062 0.495833 0.489844 0.495833 0.490625 0.498958 0.492969 0.5 0.492969 0.503125 0.495312 0.504167 0.495312 0.507292 0.497656 0.508333 0.497656 0.509375 0.498437 0.510417 0.498437 0.5125 0.5 0.513542 0.5 0.514583 0.500781 0.515625 0.500781 0.516667 0.501562 0.517708 0.501562 0.51875 0.502344 0.519792 0.502344 0.521875 0.503906 0.522917 0.503906 0.523958 0.504687 0.525 0.504687 0.526042 0.505469 0.528125 0.505469 0.529167 0.50625 0.530208 0.50625 0.53125 0.507031 0.533333 0.507031 0.534375 0.507812 0.5375 0.507812 0.538542 0.508594 0.540625 0.508594 0.541667 0.509375 0.54375 0.509375 0.544792 0.510156 0.546875 0.510156 0.547917 0.510937 0.551042 0.510937 0.552083 0.511719 0.555208 0.511719 0.55625 0.5125 0.558333 0.5125 0.559375 0.513281 0.564583 0.513281 0.565625 0.514062 0.570833 0.514062 0.571875 0.514844 0.575 0.514844 0.576042 0.515625 0.580208 0.515625 0.58125 0.516406 0.586458 0.516406 0.5875 0.517188 0.598958 0.517188 0.6 0.517969 0.616667 0.517969 0.617708 0.51875 0.634375 0.51875 0.635417 0.519531 0.665625 0.519531 0.666667 0.51875 0.675 0.51875 0.676042 0.517969 0.68125 0.517969 0.682292 0.517188 0.688542 0.517188 0.689583 0.516406 0.695833 0.516406 0.696875 0.515625 0.698958 0.515625 0.7 0.514844 0.703125 0.514844 0.704167 0.514062 0.708333 0.514062 0.709375 0.513281 0.713542 0.513281 0.714583 0.5125 0.716667 0.5125 0.717708 0.511719 0.71875 0.511719 0.719792 0.510937 0.721875 0.510937 0.722917 0.510156 0.725 0.510156 0.726042 0.509375 0.727083 0.509375 0.728125 0.508594 0.729167 0.508594 0.730208 0.507812 0.73125 0.507812 0.732292 0.507031 0.733333 0.507031 0.734375 0.50625 0.735417 0.50625 0.7375 0.504687 0.738542 0.504687 0.739583 0.503906 0.740625 0.503906 0.742708 0.502344 0.74375 0.502344 0.745833 0.500781 0.746875 0.500781 0.751042 0.497656 0.751042 0.496875 0.753125 0.495312 0.753125 0.49375 0.754167 0.492969 0.754167 0.489844 0.755208 0.489062 0.755208 0.485156 0.754167 0.484375 0.754167 0.482031 0.753125 0.482031 0.752083 0.48125 0.75 0.482812 0.75 0.483594 0.747917 0.485156 0.746875 0.485156 0.744792 0.486719 0.74375 0.486719 0.741667 0.488281 0.740625 0.488281 0.739583 0.489062 0.738542 0.489062 0.736458 0.490625 0.735417 0.490625 0.734375 0.491406 0.732292 0.491406 0.73125 0.492187 0.729167 0.492187 0.728125 0.492969 0.727083 0.492969 0.726042 0.49375 0.725 0.49375 0.723958 0.494531 0.720833 0.494531 0.719792 0.495312 0.717708 0.495312 0.716667 0.496094 0.714583 0.496094 0.713542 0.496875 0.711458 0.496875 0.710417 0.497656 0.707292 0.497656 0.70625 0.498437 0.703125 0.498437 0.702083 0.499219 0.697917 0.499219 0.696875 0.5 0.690625 0.5 0.689583 0.500781 0.680208 0.500781 0.679167 0.501562 0.666667 0.501562 0.665625 0.502344 0.619792 0.502344 0.61875 0.501562 0.601042 0.501562 0.6 0.500781 0.590625 0.500781 0.589583 0.5 0.584375 0.5 0.583333 0.499219 0.577083 0.499219 0.576042 0.498437 0.570833 0.498437 0.569792 0.497656 0.564583 0.497656 0.563542 0.496875 0.561458 0.496875 0.560417 0.496094 0.557292 0.496094 0.55625 0.495312 0.552083 0.495312 0.551042 0.494531 0.548958 0.494531 0.547917 0.49375 0.545833 0.49375 0.544792 0.492969 0.542708 0.492969 0.541667 0.492187 0.539583 0.492187 0.538542 0.491406 0.536458 0.491406 0.535417 0.490625 0.533333 0.490625 0.532292 0.489844 0.53125 0.489844 0.530208 0.489062 0.528125 0.489062 0.527083 0.488281 0.526042 0.488281 0.525 0.4875 0.523958 0.4875 0.522917 0.486719 0.521875 0.486719 0.520833 0.485937 0.51875 0.485937 0.517708 0.485156 0.516667 0.485156 0.515625 0.484375 0.514583 0.484375 0.5125 0.482812 0.511458 0.482812 0.510417 0.482031 0.509375 0.482031 0.507292 0.480469 0.50625 0.480469 0.504167 0.478906 0.503125 0.478906 0.502083 0.478125 0.905812
0 0.484375 0.460156 0.483333 0.460937 0.482292 0.460937 0.475 0.466406 0.473958 0.466406 0.469792 0.469531 0.46875 0.469531 0.467708 0.470312 0.465625 0.470312 0.4625 0.472656 0.461458 0.472656 0.460417 0.473437 0.458333 0.473437 0.457292 0.474219 0.455208 0.474219 0.454167 0.475 0.453125 0.475 0.452083 0.475781 0.451042 0.475781 0.45 0.476562 0.446875 0.476562 0.445833 0.477344 0.44375 0.477344 0.442708 0.478125 0.441667 0.478125 0.440625 0.478906 0.438542 0.478906 0.4375 0.479687 0.433333 0.479687 0.432292 0.480469 0.430208 0.480469 0.429167 0.48125 0.427083 0.48125 0.426042 0.482031 0.422917 0.482031 0.421875 0.482812 0.414583 0.482812 0.413542 0.483594 0.408333 0.483594 0.407292 0.484375 0.402083 0.484375 0.401042 0.485156 0.394792 0.485156 0.39375 0.485937 0.385417 0.485937 0.384375 0.486719 0.379167 0.486719 0.378125 0.4875 0.371875 0.4875 0.370833 0.488281 0.35625 0.488281 0.355208 0.489062 0.354167 0.488281 0.35 0.488281 0.348958 0.489062 0.345833 0.489062 0.344792 0.488281 0.342708 0.488281 0.341667 0.489062 0.328125 0.489062 0.327083 0.488281 0.303125 0.488281 0.302083 0.4875 0.294792 0.4875 0.29375 0.486719 0.286458 0.486719 0.285417 0.485937 0.276042 0.485937 0.275 0.485156 0.270833 0.485156 0.269792 0.484375 0.266667 0.484375 0.265625 0.483594 0.263542 0.483594 0.2625 0.482812 0.25625 0.482812 0.255208 0.482031 0.253125 0.482031 0.252083 0.48125 0.25 0.48125 0.248958 0.480469 0.247917 0.480469 0.246875 0.479687 0.242708 0.479687 0.241667 0.478906 0.239583 0.478906 0.238542 0.478125 0.2375 0.478125 0.236458 0.477344 0.235417 0.477344 0.234375 0.476562 0.232292 0.476562 0.23125 0.475781 0.230208 0.475781 0.229167 0.475 0.228125 0.475 0.226042 0.473437 0.225 0.473437 0.220833 0.470312 0.219792 0.470312 0.217708 0.46875 0.216667 0.46875 0.213542 0.466406 0.213542 0.475 0.214583 0.475781 0.214583 0.478125 0.215625 0.478906 0.215625 0.479687 0.216667 0.480469 0.216667 0.48125 0.219792 0.483594 0.219792 0.484375 0.220833 0.485156 0.221875 0.485156 0.227083 0.489062 0.228125 0.489062 0.230208 0.490625 0.23125 0.490625 0.232292 0.491406 0.233333 0.491406 0.234375 0.492187 0.235417 0.492187 0.2375 0.49375 0.238542 0.49375 0.239583 0.494531 0.241667 0.494531 0.242708 0.495312 0.24375 0.495312 0.244792 0.496094 0.245833 0.496094 0.246875 0.496875 0.248958 0.496875 0.25 0.497656 0.253125 0.497656 0.254167 0.498437 0.25625 0.498437 0.257292 0.499219 0.259375 0.499219 0.260417 0.5 0.263542 0.5 0.264583 0.500781 0.269792 0.500781 0.270833 0.501562 0.273958 0.501562 0.275 0.502344 0.277083 0.502344 0.278125 0.503125 0.282292 0.503125 0.283333 0.503906 0.294792 0.503906 0.295833 0.504687 0.375 0.504687 0.376042 0.503906 0.386458 0.503906 0.3875 0.503125 0.39375 0.503125 0.394792 0.502344 0.397917 0.502344 0.398958 0.501562 0.403125 0.501562 0.404167 0.500781 0.411458 0.500781 0.4125 0.5 0.417708 0.5 0.41875 0.499219 0.420833 0.499219 0.421875 0.498437 0.425 0.498437 0.426042 0.497656 0.430208 0.497656 0.43125 0.496875 0.433333 0.496875 0.434375 0.496094 0.436458 0.496094 0.4375 0.495312 0.439583 0.495312 0.440625 0.494531 0.44375 0.494531 0.444792 0.49375 0.446875 0.49375 0.447917 0.492969 0.448958 0.492969 0.45 0.492187 0.451042 0.492187 0.452083 0.491406 0.454167 0.491406 0.455208 0.490625 0.457292 0.490625 0.459375 0.489062 0.460417 0.489062 0.461458 0.488281 0.463542 0.488281 0.465625 0.486719 0.466667 0.486719 0.46875 0.485156 0.469792 0.485156 0.471875 0.483594 0.472917 0.483594 0.475 0.482031 0.476042 0.482031 0.482292 0.477344 0.482292 0.476562 0.486458 0.473437 0.486458 0.4625 0.485417 0.461719 0.485417 0.460156 0.905798
0 0.48125 0.446875 0.479167 0.448437 0.478125 0.448437 0.477083 0.449219 0.476042 0.449219 0.472917 0.451562 0.471875 0.451562 0.470833 0.452344 0.469792 0.452344 0.467708 0.453906 0.466667 0.453906 0.465625 0.454687 0.464583 0.454687 0.463542 0.455469 0.461458 0.455469 0.460417 0.45625 0.459375 0.45625 0.458333 0.457031 0.457292 0.457031 0.45625 0.457812 0.454167 0.457812 0.453125 0.458594 0.451042 0.458594 0.45 0.459375 0.448958 0.459375 0.447917 0.460156 0.445833 0.460156 0.444792 0.460937 0.441667 0.460937 0.440625 0.461719 0.4375 0.461719 0.436458 0.4625 0.434375 0.4625 0.433333 0.463281 0.430208 0.463281 0.429167 0.464062 0.423958 0.464062 0.422917 0.464844 0.41875 0.464844 0.417708 0.465625 0.413542 0.465625 0.4125 0.466406 0.409375 0.466406 0.408333 0.467187 0.4 0.467187 0.398958 0.467969 0.391667 0.467969 0.390625 0.46875 0.385417 0.46875 0.384375 0.469531 0.377083 0.469531 0.376042 0.470312 0.339583 0.470312 0.338542 0.471094 0.307292 0.471094 0.30625 0.470312 0.291667 0.470312 0.290625 0.469531 0.282292 0.469531 0.28125 0.46875 0.276042 0.46875 0.275 0.467969 0.269792 0.467969 0.26875 0.467187 0.263542 0.467187 0.2625 0.466406 0.259375 0.466406 0.258333 0.465625 0.255208 0.465625 0.254167 0.464844 0.251042 0.464844 0.25 0.464062 0.245833 0.464062 0.244792 0.463281 0.242708 0.463281 0.241667 0.4625 0.240625 0.4625 0.239583 0.461719 0.2375 0.461719 0.236458 0.460937 0.233333 0.460937 0.232292 0.460156 0.23125 0.460156 0.230208 0.459375 0.229167 0.459375 0.228125 0.458594 0.227083 0.458594 0.225 0.457031 0.223958 0.457031 0.221875 0.455469 0.220833 0.455469 0.21875 0.453906 0.217708 0.453906 0.215625 0.452344 0.215625 0.466406 0.21875 0.46875 0.219792 0.46875 0.222917 0.471094 0.223958 0.471094 0.227083 0.473437 0.228125 0.473437 0.230208 0.475 0.23125 0.475 0.232292 0.475781 0.234375 0.475781 0.235417 0.476562 0.236458 0.476562 0.2375 0.477344 0.239583 0.477344 0.240625 0.478125 0.241667 0.478125 0.242708 0.478906 0.246875 0.478906 0.247917 0.479687 0.248958 0.479687 0.25 0.480469 0.252083 0.480469 0.253125 0.48125 0.25625 0.48125 0.257292 0.482031 0.2625 0.482031 0.263542 0.482812 0.266667 0.482812 0.267708 0.483594 0.269792 0.483594 0.270833 0.484375 0.275 0.484375 0.276042 0.485156 0.284375 0.485156 0.285417 0.485937 0.292708 0.485937 0.29375 0.486719 0.301042 0.486719 0.302083 0.4875 0.313542 0.4875 0.314583 0.488281 0.359375 0.488281 0.360417 0.4875 0.369792 0.4875 0.370833 0.486719 0.376042 0.486719 0.377083 0.485937 0.382292 0.485937 0.383333 0.485156 0.392708 0.485156 0.39375 0.484375 0.4 0.484375 0.401042 0.483594 0.40625 0.483594 0.407292 0.482812 0.411458 0.482812 0.4125 0.482031 0.420833 0.482031 0.421875 0.48125 0.425 0.48125 0.426042 0.480469 0.428125 0.480469 0.429167 0.479687 0.43125 0.479687 0.432292 0.478906 0.436458 0.478906 0.4375 0.478125 0.440625 0.478125 0.441667 0.477344 0.442708 0.477344 0.44375 0.476562 0.445833 0.476562 0.446875 0.475781 0.45 0.475781 0.451042 0.475 0.452083 0.475 0.453125 0.474219 0.454167 0.474219 0.455208 0.473437 0.45625 0.473437 0.457292 0.472656 0.459375 0.472656 0.460417 0.471875 0.461458 0.471875 0.463542 0.470312 0.464583 0.470312 0.465625 0.469531 0.466667 0.469531 0.467708 0.46875 0.46875 0.46875 0.472917 0.465625 0.473958 0.465625 0.477083 0.463281 0.478125 0.463281 0.479167 0.4625 0.479167 0.461719 0.485417 0.457031 0.485417 0.454687 0.486458 0.453906 0.485417 0.453125 0.485417 0.451562 0.484375 0.450781 0.484375 0.45 0.483333 0.449219 0.483333 0.448437 0.89489
0 0.477083 0.410156 0.476042 0.410937 0.476042 0.411719 0.472917 0.414062 0.471875 0.414062 0.480208 0.414062 0.480208 0.411719 0.479167 0.410937 0.478125 0.410937 0.477083 0.410156 0.465625 0.399219 0.467708 0.397656 0.46875 0.397656 0.469792 0.396875 0.470833 0.396875 0.473958 0.394531 0.475 0.394531 0.479167 0.391406 0.479167 0.379687 0.478125 0.378906 0.478125 0.378125 0.477083 0.377344 0.476042 0.377344 0.475 0.378125 0.473958 0.378125 0.472917 0.378906 0.471875 0.378906 0.469792 0.380469 0.46875 0.380469 0.466667 0.382031 0.465625 0.382031 0.464583 0.382812 0.4625 0.382812 0.461458 0.383594 0.459375 0.383594 0.457292 0.385156 0.455208 0.385156 0.454167 0.385937 0.45 0.385937 0.448958 0.386719 0.444792 0.386719 0.44375 0.3875 0.441667 0.3875 0.440625 0.388281 0.436458 0.388281 0.435417 0.389062 0.428125 0.389062 0.427083 0.389844 0.423958 0.389844 0.422917 0.390625 0.420833 0.390625 0.419792 0.391406 0.414583 0.391406 0.413542 0.392187 0.404167 0.392187 0.403125 0.392969 0.397917 0.392969 0.396875 0.39375 0.390625 0.39375 0.389583 0.394531 0.36875 0.394531 0.367708 0.395312 0.303125 0.395312 0.302083 0.394531 0.278125 0.394531 0.277083 0.39375 0.269792 0.39375 0.26875 0.392969 0.2625 0.392969 0.261458 0.392187 0.252083 0.392187 0.251042 0.391406 0.244792 0.391406 0.24375 0.390625 0.239583 0.390625 0.238542 0.389844 0.235417 0.389844 0.234375 0.389062 0.230208 0.389062 0.229167 0.388281 0.226042 0.388281 0.225 0.3875 0.222917 0.3875 0.221875 0.386719 0.220833 0.386719 0.219792 0.385937 0.216667 0.385937 0.215625 0.385156 0.214583 0.385156 0.213542 0.384375 0.2125 0.384375 0.211458 0.383594 0.210417 0.383594 0.208333 0.382031 0.207292 0.382031 0.205208 0.380469 0.205208 0.396094 0.210417 0.4 0.211458 0.4 0.2125 0.400781 0.213542 0.400781 0.215625 0.402344 0.216667 0.402344 0.21875 0.403906 0.221875 0.403906 0.222917 0.404687 0.223958 0.404687 0.225 0.405469 0.227083 0.405469 0.228125 0.40625 0.229167 0.40625 0.230208 0.407031 0.234375 0.407031 0.235417 0.407812 0.239583 0.407812 0.240625 0.408594 0.242708 0.408594 0.24375 0.409375 0.246875 0.409375 0.247917 0.410156 0.253125 0.410156 0.254167 0.410937 0.260417 0.410937 0.261458 0.411719 0.267708 0.411719 0.26875 0.4125 0.275 0.4125 0.276042 0.413281 0.289583 0.413281 0.290625 0.414062 0.36875 0.414062 0.369792 0.413281 0.385417 0.413281 0.386458 0.4125 0.39375 0.4125 0.394792 0.411719 0.4 0.411719 0.401042 0.410937 0.408333 0.410937 0.409375 0.410156 0.417708 0.410156 0.41875 0.409375 0.421875 0.409375 0.422917 0.408594 0.426042 0.408594 0.427083 0.407812 0.43125 0.407812 0.432292 0.407031 0.436458 0.407031 0.4375 0.40625 0.440625 0.40625 0.441667 0.405469 0.442708 0.405469 0.44375 0.404687 0.446875 0.404687 0.447917 0.403906 0.451042 0.403906 0.452083 0.403125 0.453125 0.403125 0.454167 0.402344 0.45625 0.402344 0.457292 0.401562 0.458333 0.401562 0.459375 0.400781 0.461458 0.400781 0.4625 0.4 0.463542 0.4 0.464583 0.399219 0.465625 0.399219 0.890924
0 0.48125 0.478906 0.476042 0.482812 0.475 0.482812 0.471875 0.485156 0.470833 0.485156 0.46875 0.486719 0.467708 0.486719 0.464583 0.489062 0.4625 0.489062 0.461458 0.489844 0.460417 0.489844 0.458333 0.491406 0.457292 0.491406 0.45625 0.492187 0.453125 0.492187 0.452083 0.492969 0.451042 0.492969 0.45 0.49375 0.448958 0.49375 0.447917 0.494531 0.446875 0.494531 0.445833 0.495312 0.442708 0.495312 0.441667 0.496094 0.439583 0.496094 0.438542 0.496875 0.436458 0.496875 0.435417 0.497656 0.433333 0.497656 0.432292 0.498437 0.428125 0.498437 0.427083 0.499219 0.423958 0.499219 0.422917 0.5 0.420833 0.5 0.419792 0.500781 0.415625 0.500781 0.414583 0.501562 0.408333 0.501562 0.407292 0.502344 0.401042 0.502344 0.4 0.503125 0.396875 0.503125 0.395833 0.503906 0.390625 0.503906 0.389583 0.504687 0.380208 0.504687 0.379167 0.505469 0.370833 0.505469 0.369792 0.50625 0.361458 0.50625 0.360417 0.507031 0.347917 0.507031 0.346875 0.507812 0.325 0.507812 0.323958 0.507031 0.307292 0.507031 0.30625 0.50625 0.296875 0.50625 0.295833 0.505469 0.285417 0.505469 0.284375 0.504687 0.278125 0.504687 0.277083 0.503906 0.272917 0.503906 0.271875 0.503125 0.26875 0.503125 0.267708 0.502344 0.263542 0.502344 0.2625 0.501562 0.259375 0.501562 0.258333 0.500781 0.25625 0.500781 0.255208 0.5 0.253125 0.5 0.252083 0.499219 0.25 0.499219 0.248958 0.498437 0.246875 0.498437 0.245833 0.497656 0.244792 0.497656 0.24375 0.496875 0.241667 0.496875 0.240625 0.496094 0.239583 0.496094 0.238542 0.495312 0.2375 0.495312 0.236458 0.494531 0.235417 0.494531 0.233333 0.492969 0.232292 0.492969 0.23125 0.492187 0.230208 0.492187 0.229167 0.491406 0.228125 0.491406 0.225 0.489062 0.223958 0.489062 0.221875 0.4875 0.220833 0.4875 0.219792 0.486719 0.219792 0.5 0.230208 0.507812 0.23125 0.507812 0.234375 0.510156 0.235417 0.510156 0.236458 0.510937 0.2375 0.510937 0.239583 0.5125 0.240625 0.5125 0.241667 0.513281 0.242708 0.513281 0.24375 0.514062 0.244792 0.514062 0.245833 0.514844 0.247917 0.514844 0.248958 0.515625 0.25 0.515625 0.251042 0.516406 0.253125 0.516406 0.254167 0.517188 0.25625 0.517188 0.257292 0.517969 0.259375 0.517969 0.260417 0.51875 0.2625 0.51875 0.263542 0.519531 0.267708 0.519531 0.26875 0.520312 0.272917 0.520312 0.273958 0.521094 0.277083 0.521094 0.278125 0.521875 0.282292 0.521875 0.283333 0.522656 0.288542 0.522656 0.289583 0.523438 0.297917 0.523438 0.298958 0.524219 0.320833 0.524219 0.321875 0.525 0.358333 0.525 0.359375 0.524219 0.369792 0.524219 0.370833 0.523438 0.38125 0.523438 0.382292 0.522656 0.390625 0.522656 0.391667 0.521875 0.396875 0.521875 0.397917 0.521094 0.401042 0.521094 0.402083 0.520312 0.407292 0.520312 0.408333 0.519531 0.413542 0.519531 0.414583 0.51875 0.417708 0.51875 0.41875 0.517969 0.420833 0.517969 0.421875 0.517188 0.425 0.517188 0.426042 0.516406 0.429167 0.516406 0.430208 0.515625 0.433333 0.515625 0.434375 0.514844 0.435417 0.514844 0.436458 0.514062 0.439583 0.514062 0.440625 0.513281 0.442708 0.513281 0.44375 0.5125 0.445833 0.5125 0.446875 0.511719 0.447917 0.511719 0.448958 0.510937 0.451042 0.510937 0.452083 0.510156 0.454167 0.510156 0.455208 0.509375 0.45625 0.509375 0.457292 0.508594 0.458333 0.508594 0.459375 0.507812 0.460417 0.507812 0.461458 0.507031 0.4625 0.507031 0.464583 0.505469 0.465625 0.505469 0.466667 0.504687 0.467708 0.504687 0.46875 0.503906 0.469792 0.503906 0.472917 0.501562 0.473958 0.501562 0.478125 0.498437 0.479167 0.498437 0.484375 0.494531 0.484375 0.49375 0.486458 0.492187 0.486458 0.478906 0.87366
0 0.477083 0.307812 0.476042 0.308594 0.475 0.308594 0.473958 0.309375 0.472917 0.309375 0.471875 0.310156 0.470833 0.310156 0.469792 0.310937 0.465625 0.310937 0.464583 0.311719 0.4625 0.311719 0.461458 0.3125 0.459375 0.3125 0.458333 0.313281 0.455208 0.313281 0.454167 0.314062 0.444792 0.314062 0.44375 0.314844 0.439583 0.314844 0.438542 0.315625 0.432292 0.315625 0.43125 0.316406 0.421875 0.316406 0.420833 0.317187 0.408333 0.317187 0.407292 0.317969 0.394792 0.317969 0.39375 0.31875 0.379167 0.31875 0.378125 0.319531 0.360417 0.319531 0.359375 0.320312 0.284375 0.320312 0.283333 0.319531 0.264583 0.319531 0.263542 0.31875 0.254167 0.31875 0.253125 0.317969 0.244792 0.317969 0.24375 0.317187 0.233333 0.317187 0.232292 0.316406 0.223958 0.316406 0.222917 0.315625 0.219792 0.315625 0.21875 0.314844 0.216667 0.314844 0.215625 0.314062 0.211458 0.314062 0.210417 0.313281 0.207292 0.313281 0.20625 0.3125 0.205208 0.3125 0.204167 0.311719 0.203125 0.311719 0.202083 0.310937 0.2 0.310937 0.198958 0.310156 0.197917 0.310156 0.196875 0.309375 0.196875 0.325 0.198958 0.326562 0.2 0.326562 0.202083 0.328125 0.204167 0.328125 0.205208 0.328906 0.20625 0.328906 0.207292 0.329687 0.208333 0.329687 0.209375 0.330469 0.210417 0.330469 0.211458 0.33125 0.213542 0.33125 0.214583 0.332031 0.221875 0.332031 0.222917 0.332812 0.227083 0.332812 0.228125 0.333594 0.23125 0.333594 0.232292 0.334375 0.2375 0.334375 0.238542 0.335156 0.247917 0.335156 0.248958 0.335938 0.255208 0.335938 0.25625 0.336719 0.263542 0.336719 0.264583 0.3375 0.279167 0.3375 0.280208 0.338281 0.378125 0.338281 0.379167 0.3375 0.392708 0.3375 0.39375 0.336719 0.402083 0.336719 0.403125 0.335938 0.410417 0.335938 0.411458 0.335156 0.421875 0.335156 0.422917 0.334375 0.429167 0.334375 0.430208 0.333594 0.433333 0.333594 0.434375 0.332812 0.439583 0.332812 0.440625 0.332031 0.451042 0.332031 0.452083 0.33125 0.454167 0.33125 0.455208 0.330469 0.457292 0.330469 0.458333 0.329687 0.460417 0.329687 0.461458 0.328906 0.465625 0.328906 0.466667 0.328125 0.46875 0.328125 0.469792 0.327344 0.470833 0.327344 0.472917 0.325781 0.475 0.325781 0.476042 0.325 0.478125 0.325 0.480208 0.323437 0.480208 0.322656 0.482292 0.321094 0.482292 0.31875 0.483333 0.317969 0.483333 0.314844 0.482292 0.314062 0.482292 0.309375 0.48125 0.308594 0.48125 0.307812 0.826408
0 0.479167 0.341406 0.478125 0.342187 0.476042 0.342187 0.475 0.342969 0.473958 0.342969 0.471875 0.344531 0.469792 0.344531 0.46875 0.345312 0.466667 0.345312 0.465625 0.346094 0.464583 0.346094 0.463542 0.346875 0.4625 0.346875 0.461458 0.347656 0.460417 0.347656 0.459375 0.348437 0.453125 0.348437 0.452083 0.349219 0.45 0.349219 0.448958 0.35 0.445833 0.35 0.444792 0.350781 0.439583 0.350781 0.438542 0.351562 0.43125 0.351562 0.430208 0.352344 0.426042 0.352344 0.425 0.353125 0.421875 0.353125 0.420833 0.353906 0.413542 0.353906 0.4125 0.354687 0.396875 0.354687 0.395833 0.355469 0.388542 0.355469 0.3875 0.35625 0.377083 0.35625 0.376042 0.357031 0.2875 0.357031 0.286458 0.35625 0.270833 0.35625 0.269792 0.355469 0.263542 0.355469 0.2625 0.354687 0.251042 0.354687 0.25 0.353906 0.242708 0.353906 0.241667 0.353125 0.238542 0.353125 0.2375 0.352344 0.234375 0.352344 0.233333 0.351562 0.227083 0.351562 0.226042 0.350781 0.220833 0.350781 0.219792 0.35 0.217708 0.35 0.216667 0.349219 0.215625 0.349219 0.214583 0.348437 0.211458 0.348437 0.210417 0.347656 0.208333 0.347656 0.207292 0.346875 0.20625 0.346875 0.204167 0.345312 0.203125 0.345312 0.203125 0.360156 0.20625 0.3625 0.207292 0.3625 0.209375 0.364062 0.210417 0.364062 0.2125 0.365625 0.213542 0.365625 0.214583 0.366406 0.217708 0.366406 0.21875 0.367188 0.220833 0.367188 0.221875 0.367969 0.222917 0.367969 0.223958 0.36875 0.226042 0.36875 0.227083 0.369531 0.233333 0.369531 0.234375 0.370312 0.2375 0.370312 0.238542 0.371094 0.242708 0.371094 0.24375 0.371875 0.248958 0.371875 0.25 0.372656 0.261458 0.372656 0.2625 0.373437 0.26875 0.373437 0.269792 0.374219 0.277083 0.374219 0.278125 0.375 0.29375 0.375 0.294792 0.375781 0.371875 0.375781 0.372917 0.375 0.386458 0.375 0.3875 0.374219 0.39375 0.374219 0.394792 0.373437 0.403125 0.373437 0.404167 0.372656 0.417708 0.372656 0.41875 0.371875 0.422917 0.371875 0.423958 0.371094 0.427083 0.371094 0.428125 0.370312 0.432292 0.370312 0.433333 0.369531 0.441667 0.369531 0.442708 0.36875 0.445833 0.36875 0.446875 0.367969 0.447917 0.367969 0.448958 0.367188 0.451042 0.367188 0.452083 0.366406 0.457292 0.366406 0.458333 0.365625 0.459375 0.365625 0.460417 0.364844 0.461458 0.364844 0.4625 0.364062 0.463542 0.364062 0.464583 0.363281 0.467708 0.363281 0.46875 0.3625 0.469792 0.3625 0.470833 0.361719 0.471875 0.361719 0.473958 0.360156 0.475 0.360156 0.476042 0.359375 0.477083 0.359375 0.480208 0.357031 0.480208 0.35625 0.48125 0.355469 0.48125 0.354687 0.482292 0.353906 0.482292 0.344531 0.48125 0.34375 0.48125 0.342187 0.480208 0.341406 0.470376
