0 0.46875 0.201562 0.467708 0.202344 0.4625 0.202344 0.461458 0.203125 0.459375 0.203125 0.458333 0.203906 0.457292 0.203906 0.45625 0.204687 0.452083 0.204687 0.451042 0.205469 0.448958 0.205469 0.447917 0.20625 0.446875 0.20625 0.445833 0.207031 0.444792 0.207031 0.44375 0.207812 0.441667 0.207812 0.440625 0.208594 0.438542 0.208594 0.4375 0.209375 0.436458 0.209375 0.435417 0.210156 0.434375 0.210156 0.433333 0.210938 0.432292 0.210938 0.43125 0.211719 0.430208 0.211719 0.429167 0.2125 0.428125 0.2125 0.426042 0.214062 0.425 0.214062 0.422917 0.215625 0.421875 0.215625 0.41875 0.217969 0.417708 0.217969 0.409375 0.224219 0.409375 0.225 0.407292 0.226562 0.407292 0.228125 0.40625 0.228906 0.40625 0.230469 0.405208 0.23125 0.405208 0.232812 0.404167 0.233594 0.404167 0.234375 0.403125 0.235156 0.403125 0.236719 0.402083 0.2375 0.402083 0.239844 0.401042 0.240625 0.401042 0.241406 0.4 0.242187 0.4 0.257812 0.401042 0.258594 0.401042 0.260156 0.402083 0.260937 0.402083 0.2625 0.403125 0.263281 0.403125 0.264844 0.404167 0.265625 0.404167 0.266406 0.405208 0.267187 0.405208 0.26875 0.40625 0.269531 0.40625 0.270312 0.408333 0.271875 0.408333 0.272656 0.409375 0.273438 0.409375 0.274219 0.411458 0.275781 0.411458 0.276562 0.420833 0.283594 0.421875 0.283594 0.423958 0.285156 0.425 0.285156 0.427083 0.286719 0.428125 0.286719 0.432292 0.289844 0.433333 0.289844 0.434375 0.290625 0.435417 0.290625 0.4375 0.292187 0.438542 0.292187 0.439583 0.292969 0.440625 0.292969 0.441667 0.29375 0.442708 0.29375 0.444792 0.295312 0.446875 0.295312 0.447917 0.296094 0.45 0.296094 0.451042 0.296875 0.452083 0.296875 0.453125 0.297656 0.454167 0.297656 0.455208 0.298437 0.457292 0.298437 0.458333 0.299219 0.460417 0.299219 0.461458 0.3 0.463542 0.3 0.464583 0.300781 0.467708 0.300781 0.46875 0.301562 0.471875 0.301562 0.472917 0.302344 0.477083 0.302344 0.478125 0.303125 0.482292 0.303125 0.483333 0.303906 0.488542 0.303906 0.489583 0.304688 0.502083 0.304688 0.503125 0.305469 0.522917 0.305469 0.523958 0.304688 0.530208 0.304688 0.53125 0.303906 0.535417 0.303906 0.536458 0.303125 0.539583 0.303125 0.540625 0.302344 0.54375 0.302344 0.544792 0.301562 0.548958 0.301562 0.55 0.300781 0.551042 0.300781 0.552083 0.3 0.554167 0.3 0.555208 0.299219 0.557292 0.299219 0.558333 0.298437 0.560417 0.298437 0.561458 0.297656 0.563542 0.297656 0.565625 0.296094 0.566667 0.296094 0.567708 0.295312 0.56875 0.295312 0.569792 0.294531 0.570833 0.294531 0.571875 0.29375 0.572917 0.29375 0.575 0.292187 0.576042 0.292187 0.579167 0.289844 0.580208 0.289844 0.58125 0.289062 0.582292 0.289062 0.589583 0.283594 0.590625 0.283594 0.590625 0.282812 0.594792 0.279687 0.594792 0.278906 0.595833 0.278125 0.595833 0.277344 0.596875 0.276562 0.596875 0.275 0.597917 0.274219 0.597917 0.272656 0.598958 0.271875 0.598958 0.271094 0.6 0.270312 0.6 0.267969 0.601042 0.267187 0.601042 0.260937 0.602083 0.260156 0.602083 0.25 0.601042 0.249219 0.601042 0.245312 0.6 0.244531 0.6 0.24375 0.598958 0.242969 0.598958 0.242187 0.597917 0.241406 0.597917 0.240625 0.596875 0.239844 0.596875 0.239062 0.594792 0.2375 0.594792 0.236719 0.59375 0.235937 0.59375 0.235156 0.591667 0.233594 0.591667 0.232812 0.578125 0.222656 0.578125 0.221875 0.572917 0.217969 0.571875 0.217969 0.569792 0.216406 0.56875 0.216406 0.566667 0.214844 0.565625 0.214844 0.564583 0.214062 0.563542 0.214062 0.561458 0.2125 0.560417 0.2125 0.559375 0.211719 0.558333 0.211719 0.557292 0.210938 0.55625 0.210938 0.555208 0.210156 0.554167 0.210156 0.553125 0.209375 0.552083 0.209375 0.551042 0.208594 0.55 0.208594 0.548958 0.207812 0.547917 0.207812 0.546875 0.207031 0.544792 0.207031 0.54375 0.20625 0.542708 0.20625 0.541667 0.205469 0.539583 0.205469 0.538542 0.204687 0.536458 0.204687 0.535417 0.203906 0.533333 0.203906 0.532292 0.203125 0.530208 0.203125 0.529167 0.202344 0.526042 0.202344 0.525 0.201562 0.984824
0 0.35625 0.227344 0.355208 0.228125 0.351042 0.228125 0.35 0.228906 0.347917 0.228906 0.346875 0.229687 0.34375 0.229687 0.342708 0.230469 0.340625 0.230469 0.339583 0.23125 0.3375 0.23125 0.336458 0.232031 0.334375 0.232031 0.333333 0.232812 0.33125 0.232812 0.330208 0.233594 0.328125 0.233594 0.327083 0.234375 0.326042 0.234375 0.325 0.235156 0.322917 0.235156 0.321875 0.235937 0.320833 0.235937 0.319792 0.236719 0.31875 0.236719 0.317708 0.2375 0.316667 0.2375 0.315625 0.238281 0.314583 0.238281 0.313542 0.239062 0.3125 0.239062 0.310417 0.240625 0.309375 0.240625 0.308333 0.241406 0.307292 0.241406 0.305208 0.242969 0.304167 0.242969 0.301042 0.245312 0.3 0.245312 0.2875 0.254688 0.2875 0.255469 0.285417 0.257031 0.285417 0.257812 0.283333 0.259375 0.283333 0.260156 0.282292 0.260937 0.282292 0.261719 0.28125 0.2625 0.28125 0.263281 0.280208 0.264062 0.280208 0.264844 0.279167 0.265625 0.279167 0.266406 0.278125 0.267187 0.278125 0.26875 0.277083 0.269531 0.277083 0.290625 0.278125 0.291406 0.278125 0.292969 0.279167 0.29375 0.279167 0.294531 0.280208 0.295312 0.280208 0.296094 0.28125 0.296875 0.28125 0.298437 0.283333 0.3 0.283333 0.300781 0.284375 0.300781 0.2875 0.303125 0.2875 0.303906 0.290625 0.30625 0.290625 0.307031 0.3 0.314062 0.301042 0.314062 0.305208 0.317187 0.30625 0.317187 0.307292 0.317969 0.308333 0.317969 0.311458 0.320312 0.3125 0.320312 0.313542 0.321094 0.314583 0.321094 0.315625 0.321875 0.316667 0.321875 0.317708 0.322656 0.31875 0.322656 0.319792 0.323437 0.320833 0.323437 0.321875 0.324219 0.322917 0.324219 0.323958 0.325 0.325 0.325 0.326042 0.325781 0.328125 0.325781 0.329167 0.326562 0.332292 0.326562 0.333333 0.327344 0.335417 0.327344 0.336458 0.328125 0.338542 0.328125 0.339583 0.328906 0.341667 0.328906 0.342708 0.329687 0.346875 0.329687 0.347917 0.330469 0.353125 0.330469 0.354167 0.33125 0.359375 0.33125 0.360417 0.332031 0.375 0.332031 0.376042 0.332812 0.378125 0.332812 0.379167 0.332031 0.396875 0.332031 0.397917 0.33125 0.405208 0.33125 0.40625 0.330469 0.411458 0.330469 0.4125 0.329687 0.415625 0.329687 0.416667 0.328906 0.419792 0.328906 0.420833 0.328125 0.423958 0.328125 0.425 0.327344 0.426042 0.327344 0.427083 0.326562 0.429167 0.326562 0.430208 0.325781 0.43125 0.325781 0.432292 0.325 0.433333 0.325 0.434375 0.324219 0.436458 0.324219 0.438542 0.322656 0.439583 0.322656 0.440625 0.321875 0.441667 0.321875 0.442708 0.321094 0.44375 0.321094 0.444792 0.320312 0.445833 0.320312 0.446875 0.319531 0.447917 0.319531 0.448958 0.31875 0.45 0.31875 0.451042 0.317969 0.452083 0.317969 0.457292 0.314062 0.458333 0.314062 0.458333 0.3125 0.45625 0.310937 0.454167 0.310937 0.453125 0.310156 0.452083 0.310156 0.451042 0.309375 0.45 0.309375 0.448958 0.308594 0.447917 0.308594 0.446875 0.307812 0.444792 0.307812 0.44375 0.307031 0.441667 0.307031 0.439583 0.305469 0.438542 0.305469 0.4375 0.304688 0.436458 0.304688 0.435417 0.303906 0.434375 0.303906 0.433333 0.303125 0.432292 0.303125 0.429167 0.300781 0.428125 0.300781 0.427083 0.3 0.426042 0.3 0.423958 0.298437 0.422917 0.298437 0.420833 0.296875 0.419792 0.296875 0.410417 0.289844 0.410417 0.289062 0.408333 0.2875 0.408333 0.286719 0.40625 0.285156 0.40625 0.284375 0.405208 0.283594 0.405208 0.282812 0.403125 0.28125 0.403125 0.280469 0.402083 0.279687 0.402083 0.278125 0.401042 0.277344 0.401042 0.275781 0.4 0.275 0.4 0.273438 0.398958 0.272656 0.398958 0.270312 0.397917 0.269531 0.397917 0.265625 0.396875 0.264844 0.396875 0.253125 0.397917 0.252344 0.397917 0.248437 0.398958 0.247656 0.398958 0.245312 0.4 0.244531 0.4 0.242969 0.401042 0.242187 0.401042 0.238281 0.402083 0.2375 0.402083 0.235156 0.403125 0.234375 0.403125 0.232812 0.404167 0.232031 0.404167 0.23125 0.405208 0.230469 0.405208 0.227344 0.982243
0 0.282292 0.309375 0.282292 0.321875 0.283333 0.322656 0.283333 0.324219 0.284375 0.325 0.284375 0.325781 0.285417 0.326562 0.285417 0.327344 0.286458 0.328125 0.286458 0.328906 0.2875 0.329687 0.2875 0.330469 0.288542 0.33125 0.288542 0.332031 0.289583 0.332812 0.289583 0.333594 0.290625 0.334375 0.290625 0.335156 0.294792 0.338281 0.294792 0.339062 0.303125 0.345312 0.304167 0.345312 0.307292 0.347656 0.308333 0.347656 0.310417 0.349219 0.311458 0.349219 0.313542 0.350781 0.314583 0.350781 0.315625 0.351562 0.316667 0.351562 0.31875 0.353125 0.320833 0.353125 0.321875 0.353906 0.322917 0.353906 0.323958 0.354687 0.325 0.354687 0.326042 0.355469 0.327083 0.355469 0.328125 0.35625 0.330208 0.35625 0.33125 0.357031 0.332292 0.357031 0.333333 0.357812 0.335417 0.357812 0.336458 0.358594 0.339583 0.358594 0.340625 0.359375 0.34375 0.359375 0.344792 0.360156 0.347917 0.360156 0.348958 0.360937 0.353125 0.360937 0.354167 0.361719 0.360417 0.361719 0.361458 0.3625 0.39375 0.3625 0.394792 0.361719 0.401042 0.361719 0.402083 0.360937 0.40625 0.360937 0.407292 0.360156 0.410417 0.360156 0.411458 0.359375 0.415625 0.359375 0.416667 0.358594 0.41875 0.358594 0.419792 0.357812 0.421875 0.357812 0.422917 0.357031 0.423958 0.357031 0.425 0.35625 0.427083 0.35625 0.428125 0.355469 0.429167 0.355469 0.430208 0.354687 0.432292 0.354687 0.433333 0.353906 0.434375 0.353906 0.435417 0.353125 0.436458 0.353125 0.4375 0.352344 0.438542 0.352344 0.439583 0.351562 0.440625 0.351562 0.441667 0.350781 0.442708 0.350781 0.445833 0.348437 0.446875 0.348437 0.448958 0.346875 0.45 0.346875 0.451042 0.346094 0.452083 0.346094 0.457292 0.342187 0.458333 0.342187 0.464583 0.3375 0.464583 0.336719 0.46875 0.333594 0.46875 0.332812 0.469792 0.332031 0.469792 0.330469 0.471875 0.328906 0.471875 0.327344 0.472917 0.326562 0.472917 0.325781 0.471875 0.325781 0.471875 0.327344 0.470833 0.328125 0.469792 0.328125 0.46875 0.328906 0.467708 0.328906 0.467708 0.329687 0.464583 0.332031 0.463542 0.332031 0.457292 0.336719 0.45625 0.336719 0.453125 0.339062 0.452083 0.339062 0.45 0.340625 0.448958 0.340625 0.447917 0.341406 0.446875 0.341406 0.444792 0.342969 0.44375 0.342969 0.442708 0.34375 0.441667 0.34375 0.440625 0.344531 0.439583 0.344531 0.438542 0.345312 0.4375 0.345312 0.436458 0.346094 0.435417 0.346094 0.434375 0.346875 0.432292 0.346875 0.43125 0.347656 0.429167 0.347656 0.428125 0.348437 0.427083 0.348437 0.426042 0.349219 0.423958 0.349219 0.422917 0.35 0.419792 0.35 0.41875 0.350781 0.416667 0.350781 0.415625 0.351562 0.4125 0.351562 0.411458 0.352344 0.405208 0.352344 0.404167 0.353125 0.389583 0.353125 0.388542 0.353906 0.376042 0.353906 0.375 0.353125 0.363542 0.353125 0.3625 0.352344 0.354167 0.352344 0.353125 0.351562 0.348958 0.351562 0.347917 0.350781 0.345833 0.350781 0.344792 0.35 0.341667 0.35 0.340625 0.349219 0.3375 0.349219 0.336458 0.348437 0.334375 0.348437 0.333333 0.347656 0.33125 0.347656 0.330208 0.346875 0.329167 0.346875 0.328125 0.346094 0.326042 0.346094 0.325 0.345312 0.323958 0.345312 0.322917 0.344531 0.321875 0.344531 0.320833 0.34375 0.319792 0.34375 0.31875 0.342969 0.317708 0.342969 0.315625 0.341406 0.314583 0.341406 0.313542 0.340625 0.3125 0.340625 0.309375 0.338281 0.308333 0.338281 0.294792 0.328125 0.294792 0.327344 0.292708 0.325781 0.292708 0.325 0.290625 0.323437 0.290625 0.322656 0.289583 0.321875 0.289583 0.321094 0.2875 0.319531 0.2875 0.31875 0.286458 0.317969 0.286458 0.315625 0.285417 0.314844 0.285417 0.313281 0.284375 0.3125 0.284375 0.311719 0.282292 0.310156 0.976428
0 0.280208 0.357812 0.279167 0.358594 0.279167 0.364062 0.280208 0.364844 0.280208 0.366406 0.282292 0.367969 0.282292 0.369531 0.283333 0.370312 0.283333 0.372656 0.284375 0.373437 0.284375 0.374219 0.285417 0.375 0.285417 0.375781 0.2875 0.377344 0.2875 0.378125 0.289583 0.379687 0.289583 0.380469 0.302083 0.389844 0.303125 0.389844 0.30625 0.392187 0.307292 0.392187 0.309375 0.39375 0.310417 0.39375 0.311458 0.394531 0.3125 0.394531 0.314583 0.396094 0.315625 0.396094 0.316667 0.396875 0.317708 0.396875 0.31875 0.397656 0.319792 0.397656 0.320833 0.398438 0.321875 0.398438 0.322917 0.399219 0.323958 0.399219 0.325 0.4 0.327083 0.4 0.328125 0.400781 0.329167 0.400781 0.330208 0.401562 0.332292 0.401562 0.333333 0.402344 0.335417 0.402344 0.336458 0.403125 0.339583 0.403125 0.340625 0.403906 0.34375 0.403906 0.344792 0.404687 0.346875 0.404687 0.347917 0.405469 0.351042 0.405469 0.352083 0.40625 0.357292 0.40625 0.358333 0.407031 0.397917 0.407031 0.398958 0.40625 0.404167 0.40625 0.405208 0.405469 0.408333 0.405469 0.409375 0.404687 0.4125 0.404687 0.413542 0.403906 0.415625 0.403906 0.416667 0.403125 0.419792 0.403125 0.420833 0.402344 0.422917 0.402344 0.423958 0.401562 0.425 0.401562 0.426042 0.400781 0.428125 0.400781 0.429167 0.4 0.43125 0.4 0.432292 0.399219 0.433333 0.399219 0.434375 0.398438 0.435417 0.398438 0.436458 0.397656 0.4375 0.397656 0.438542 0.396875 0.439583 0.396875 0.440625 0.396094 0.441667 0.396094 0.44375 0.394531 0.444792 0.394531 0.445833 0.39375 0.446875 0.39375 0.45 0.391406 0.451042 0.391406 0.454167 0.389062 0.455208 0.389062 0.467708 0.379687 0.467708 0.378906 0.470833 0.376562 0.470833 0.375781 0.472917 0.374219 0.472917 0.373437 0.473958 0.372656 0.473958 0.371094 0.476042 0.369531 0.476042 0.36875 0.477083 0.367969 0.477083 0.364844 0.478125 0.364062 0.477083 0.363281 0.476042 0.364062 0.476042 0.364844 0.471875 0.367969 0.471875 0.36875 0.461458 0.376562 0.460417 0.376562 0.454167 0.38125 0.453125 0.38125 0.451042 0.382812 0.45 0.382812 0.447917 0.384375 0.446875 0.384375 0.444792 0.385937 0.44375 0.385937 0.442708 0.386719 0.441667 0.386719 0.440625 0.3875 0.439583 0.3875 0.438542 0.388281 0.4375 0.388281 0.436458 0.389062 0.435417 0.389062 0.434375 0.389844 0.433333 0.389844 0.432292 0.390625 0.430208 0.390625 0.429167 0.391406 0.428125 0.391406 0.427083 0.392187 0.425 0.392187 0.423958 0.392969 0.421875 0.392969 0.420833 0.39375 0.41875 0.39375 0.417708 0.394531 0.414583 0.394531 0.413542 0.395312 0.409375 0.395312 0.408333 0.396094 0.402083 0.396094 0.401042 0.396875 0.394792 0.396875 0.39375 0.397656 0.379167 0.397656 0.378125 0.398438 0.370833 0.398438 0.369792 0.397656 0.357292 0.397656 0.35625 0.396875 0.352083 0.396875 0.351042 0.396094 0.344792 0.396094 0.34375 0.395312 0.340625 0.395312 0.339583 0.394531 0.336458 0.394531 0.335417 0.39375 0.333333 0.39375 0.332292 0.392969 0.330208 0.392969 0.329167 0.392187 0.327083 0.392187 0.326042 0.391406 0.325 0.391406 0.323958 0.390625 0.322917 0.390625 0.321875 0.389844 0.320833 0.389844 0.319792 0.389062 0.31875 0.389062 0.317708 0.388281 0.316667 0.388281 0.315625 0.3875 0.314583 0.3875 0.313542 0.386719 0.3125 0.386719 0.311458 0.385937 0.310417 0.385937 0.308333 0.384375 0.307292 0.384375 0.305208 0.382812 0.304167 0.382812 0.298958 0.378906 0.297917 0.378906 0.292708 0.375 0.292708 0.374219 0.288542 0.371094 0.288542 0.370312 0.286458 0.36875 0.286458 0.367969 0.285417 0.367188 0.285417 0.366406 0.284375 0.365625 0.284375 0.364844 0.283333 0.364062 0.283333 0.363281 0.282292 0.3625 0.282292 0.360937 0.28125 0.360156 0.28125 0.358594 0.968949
0 0.660417 0.34375 0.659375 0.344531 0.659375 0.346094 0.658333 0.346875 0.658333 0.347656 0.65625 0.349219 0.65625 0.35 0.654167 0.351562 0.654167 0.352344 0.653125 0.353125 0.653125 0.353906 0.652083 0.354687 0.652083 0.355469 0.65 0.357031 0.65 0.357812 0.64375 0.3625 0.642708 0.3625 0.639583 0.364844 0.638542 0.364844 0.636458 0.366406 0.635417 0.366406 0.632292 0.36875 0.63125 0.36875 0.630208 0.369531 0.628125 0.369531 0.626042 0.371094 0.625 0.371094 0.623958 0.371875 0.622917 0.371875 0.621875 0.372656 0.619792 0.372656 0.61875 0.373437 0.616667 0.373437 0.615625 0.374219 0.613542 0.374219 0.6125 0.375 0.611458 0.375 0.610417 0.375781 0.60625 0.375781 0.605208 0.376562 0.6 0.376562 0.598958 0.377344 0.594792 0.377344 0.59375 0.378125 0.5875 0.378125 0.586458 0.378906 0.571875 0.378906 0.570833 0.378125 0.565625 0.378125 0.564583 0.377344 0.560417 0.377344 0.559375 0.376562 0.553125 0.376562 0.552083 0.375781 0.546875 0.375781 0.545833 0.375 0.54375 0.375 0.542708 0.374219 0.540625 0.374219 0.539583 0.373437 0.5375 0.373437 0.536458 0.372656 0.533333 0.372656 0.532292 0.371875 0.53125 0.371875 0.530208 0.371094 0.529167 0.371094 0.528125 0.370312 0.527083 0.370312 0.526042 0.369531 0.523958 0.369531 0.522917 0.36875 0.521875 0.36875 0.520833 0.367969 0.519792 0.367969 0.517708 0.366406 0.516667 0.366406 0.514583 0.364844 0.513542 0.364844 0.511458 0.363281 0.510417 0.363281 0.507292 0.360937 0.50625 0.360937 0.492708 0.350781 0.491667 0.350781 0.491667 0.359375 0.503125 0.367969 0.504167 0.367969 0.508333 0.371094 0.509375 0.371094 0.511458 0.372656 0.5125 0.372656 0.513542 0.373437 0.514583 0.373437 0.516667 0.375 0.517708 0.375 0.51875 0.375781 0.519792 0.375781 0.520833 0.376562 0.521875 0.376562 0.522917 0.377344 0.523958 0.377344 0.525 0.378125 0.526042 0.378125 0.527083 0.378906 0.528125 0.378906 0.529167 0.379687 0.53125 0.379687 0.532292 0.380469 0.533333 0.380469 0.534375 0.38125 0.536458 0.38125 0.5375 0.382031 0.539583 0.382031 0.540625 0.382812 0.542708 0.382812 0.54375 0.383594 0.546875 0.383594 0.547917 0.384375 0.551042 0.384375 0.552083 0.385156 0.55625 0.385156 0.557292 0.385937 0.5625 0.385937 0.563542 0.386719 0.596875 0.386719 0.597917 0.385937 0.602083 0.385937 0.603125 0.385156 0.60625 0.385156 0.607292 0.384375 0.610417 0.384375 0.611458 0.383594 0.614583 0.383594 0.615625 0.382812 0.617708 0.382812 0.61875 0.382031 0.620833 0.382031 0.621875 0.38125 0.622917 0.38125 0.623958 0.380469 0.625 0.380469 0.626042 0.379687 0.627083 0.379687 0.628125 0.378906 0.629167 0.378906 0.630208 0.378125 0.63125 0.378125 0.633333 0.376562 0.634375 0.376562 0.635417 0.375781 0.636458 0.375781 0.639583 0.373437 0.640625 0.373437 0.65 0.366406 0.65 0.365625 0.652083 0.364062 0.652083 0.363281 0.654167 0.361719 0.654167 0.360937 0.655208 0.360156 0.655208 0.359375 0.65625 0.358594 0.65625 0.357812 0.657292 0.357031 0.657292 0.355469 0.658333 0.354687 0.658333 0.353125 0.659375 0.352344 0.659375 0.351562 0.660417 0.350781 0.968273
0 0.397917 0.252344 0.397917 0.271094 0.398958 0.271875 0.398958 0.273438 0.4 0.274219 0.4 0.275 0.401042 0.275781 0.401042 0.276562 0.402083 0.277344 0.402083 0.278125 0.403125 0.278906 0.403125 0.279687 0.404167 0.280469 0.404167 0.28125 0.405208 0.282031 0.405208 0.282812 0.407292 0.284375 0.407292 0.285156 0.409375 0.286719 0.409375 0.2875 0.413542 0.290625 0.413542 0.291406 0.414583 0.292187 0.415625 0.292187 0.421875 0.296875 0.422917 0.296875 0.425 0.298437 0.426042 0.298437 0.427083 0.299219 0.428125 0.299219 0.430208 0.300781 0.43125 0.300781 0.433333 0.302344 0.434375 0.302344 0.435417 0.303125 0.436458 0.303125 0.4375 0.303906 0.438542 0.303906 0.439583 0.304688 0.440625 0.304688 0.441667 0.305469 0.442708 0.305469 0.44375 0.30625 0.444792 0.30625 0.445833 0.307031 0.446875 0.307031 0.447917 0.307812 0.45 0.307812 0.451042 0.308594 0.452083 0.308594 0.453125 0.309375 0.455208 0.309375 0.45625 0.310156 0.457292 0.310156 0.458333 0.310937 0.459375 0.310937 0.460417 0.311719 0.461458 0.310937 0.466667 0.310937 0.467708 0.311719 0.469792 0.311719 0.470833 0.3125 0.472917 0.3125 0.473958 0.313281 0.477083 0.313281 0.478125 0.314062 0.480208 0.314062 0.48125 0.314844 0.491667 0.314844 0.492708 0.314062 0.509375 0.314062 0.510417 0.313281 0.516667 0.313281 0.517708 0.314062 0.523958 0.314062 0.525 0.313281 0.530208 0.313281 0.53125 0.3125 0.532292 0.313281 0.541667 0.313281 0.542708 0.3125 0.546875 0.3125 0.547917 0.311719 0.55 0.311719 0.551042 0.310937 0.553125 0.310937 0.554167 0.310156 0.555208 0.310156 0.55625 0.309375 0.558333 0.309375 0.559375 0.308594 0.560417 0.308594 0.561458 0.307812 0.5625 0.307812 0.563542 0.307031 0.564583 0.307031 0.565625 0.30625 0.566667 0.30625 0.567708 0.305469 0.56875 0.305469 0.569792 0.304688 0.570833 0.304688 0.571875 0.303906 0.572917 0.303906 0.575 0.302344 0.576042 0.302344 0.58125 0.298437 0.582292 0.298437 0.588542 0.29375 0.588542 0.292969 0.590625 0.291406 0.590625 0.290625 0.592708 0.289062 0.592708 0.288281 0.59375 0.2875 0.59375 0.286719 0.594792 0.285937 0.594792 0.283594 0.595833 0.282812 0.595833 0.282031 0.594792 0.28125 0.59375 0.28125 0.592708 0.282031 0.592708 0.282812 0.590625 0.284375 0.589583 0.284375 0.584375 0.288281 0.583333 0.288281 0.579167 0.291406 0.578125 0.291406 0.576042 0.292969 0.575 0.292969 0.572917 0.294531 0.571875 0.294531 0.570833 0.295312 0.569792 0.295312 0.56875 0.296094 0.567708 0.296094 0.566667 0.296875 0.565625 0.296875 0.564583 0.297656 0.563542 0.297656 0.5625 0.298437 0.561458 0.298437 0.560417 0.299219 0.558333 0.299219 0.557292 0.3 0.555208 0.3 0.554167 0.300781 0.552083 0.300781 0.551042 0.301562 0.55 0.301562 0.548958 0.302344 0.545833 0.302344 0.544792 0.303125 0.540625 0.303125 0.539583 0.303906 0.536458 0.303906 0.535417 0.304688 0.532292 0.304688 0.53125 0.305469 0.525 0.305469 0.523958 0.30625 0.503125 0.30625 0.502083 0.305469 0.489583 0.305469 0.488542 0.304688 0.483333 0.304688 0.482292 0.303906 0.479167 0.303906 0.478125 0.303125 0.472917 0.303125 0.471875 0.302344 0.46875 0.302344 0.467708 0.301562 0.465625 0.301562 0.464583 0.300781 0.461458 0.300781 0.460417 0.3 0.458333 0.3 0.457292 0.299219 0.455208 0.299219 0.454167 0.298437 0.453125 0.298437 0.452083 0.297656 0.45 0.297656 0.448958 0.296875 0.447917 0.296875 0.446875 0.296094 0.444792 0.296094 0.442708 0.294531 0.441667 0.294531 0.440625 0.29375 0.439583 0.29375 0.438542 0.292969 0.4375 0.292969 0.436458 0.292187 0.435417 0.292187 0.433333 0.290625 0.432292 0.290625 0.430208 0.289062 0.429167 0.289062 0.427083 0.2875 0.426042 0.2875 0.422917 0.285156 0.421875 0.285156 0.410417 0.276562 0.410417 0.275781 0.407292 0.273438 0.407292 0.272656 0.40625 0.271875 0.40625 0.270312 0.405208 0.269531 0.405208 0.26875 0.403125 0.267187 0.403125 0.265625 0.402083 0.264844 0.402083 0.263281 0.401042 0.2625 0.401042 0.260156 0.4 0.259375 0.4 0.257812 0.398958 0.257031 0.398958 0.254688 0.397917 0.253906 0.962664
0 0.2875 0.313281 0.2875 0.317187 0.288542 0.317969 0.288542 0.319531 0.291667 0.321875 0.291667 0.322656 0.292708 0.323437 0.292708 0.324219 0.29375 0.325 0.29375 0.325781 0.296875 0.328125 0.296875 0.328906 0.308333 0.3375 0.309375 0.3375 0.3125 0.339844 0.313542 0.339844 0.314583 0.340625 0.315625 0.340625 0.316667 0.341406 0.317708 0.341406 0.31875 0.342187 0.319792 0.342187 0.321875 0.34375 0.322917 0.34375 0.323958 0.344531 0.325 0.344531 0.326042 0.345312 0.328125 0.345312 0.329167 0.346094 0.33125 0.346094 0.332292 0.346875 0.333333 0.346875 0.334375 0.347656 0.336458 0.347656 0.3375 0.348437 0.340625 0.348437 0.341667 0.349219 0.344792 0.349219 0.345833 0.35 0.347917 0.35 0.348958 0.350781 0.353125 0.350781 0.354167 0.351562 0.363542 0.351562 0.364583 0.352344 0.378125 0.352344 0.379167 0.353125 0.385417 0.353125 0.386458 0.352344 0.4 0.352344 0.401042 0.351562 0.410417 0.351562 0.411458 0.350781 0.414583 0.350781 0.415625 0.35 0.417708 0.35 0.41875 0.349219 0.420833 0.349219 0.421875 0.348437 0.425 0.348437 0.426042 0.347656 0.428125 0.347656 0.429167 0.346875 0.430208 0.346875 0.43125 0.346094 0.433333 0.346094 0.434375 0.345312 0.436458 0.345312 0.4375 0.344531 0.438542 0.344531 0.440625 0.342969 0.441667 0.342969 0.442708 0.342187 0.44375 0.342187 0.444792 0.341406 0.445833 0.341406 0.447917 0.339844 0.448958 0.339844 0.45 0.339062 0.451042 0.339062 0.454167 0.336719 0.455208 0.336719 0.463542 0.330469 0.464583 0.330469 0.469792 0.326562 0.469792 0.325781 0.473958 0.322656 0.473958 0.321875 0.475 0.321094 0.475 0.319531 0.476042 0.31875 0.476042 0.314062 0.475 0.314844 0.472917 0.314844 0.470833 0.316406 0.470833 0.317187 0.46875 0.31875 0.467708 0.31875 0.467708 0.319531 0.464583 0.321875 0.463542 0.321875 0.458333 0.325781 0.457292 0.325781 0.453125 0.328906 0.452083 0.328906 0.448958 0.33125 0.447917 0.33125 0.446875 0.332031 0.444792 0.332031 0.44375 0.332812 0.442708 0.332812 0.440625 0.334375 0.439583 0.334375 0.438542 0.335156 0.436458 0.335156 0.435417 0.335938 0.433333 0.335938 0.432292 0.336719 0.43125 0.336719 0.430208 0.3375 0.429167 0.3375 0.428125 0.338281 0.425 0.338281 0.423958 0.339062 0.421875 0.339062 0.420833 0.339844 0.419792 0.339844 0.41875 0.340625 0.416667 0.340625 0.415625 0.341406 0.410417 0.341406 0.409375 0.342187 0.402083 0.342187 0.401042 0.342969 0.392708 0.342969 0.391667 0.34375 0.367708 0.34375 0.366667 0.342969 0.360417 0.342969 0.359375 0.342187 0.352083 0.342187 0.351042 0.341406 0.345833 0.341406 0.344792 0.340625 0.342708 0.340625 0.341667 0.339844 0.339583 0.339844 0.338542 0.339062 0.336458 0.339062 0.335417 0.338281 0.332292 0.338281 0.33125 0.3375 0.330208 0.3375 0.329167 0.336719 0.328125 0.336719 0.327083 0.335938 0.325 0.335938 0.323958 0.335156 0.321875 0.335156 0.320833 0.334375 0.319792 0.334375 0.317708 0.332812 0.316667 0.332812 0.315625 0.332031 0.313542 0.332031 0.310417 0.329687 0.309375 0.329687 0.307292 0.328125 0.30625 0.328125 0.303125 0.325781 0.302083 0.325781 0.29375 0.319531 0.29375 0.31875 0.289583 0.315625 0.289583 0.314844 0.953025
0 0.491667 0.341406 0.491667 0.35 0.49375 0.351562 0.494792 0.351562 0.503125 0.357812 0.504167 0.357812 0.509375 0.361719 0.510417 0.361719 0.5125 0.363281 0.513542 0.363281 0.514583 0.364062 0.515625 0.364062 0.517708 0.365625 0.51875 0.365625 0.520833 0.367188 0.521875 0.367188 0.522917 0.367969 0.523958 0.367969 0.525 0.36875 0.527083 0.36875 0.528125 0.369531 0.529167 0.369531 0.530208 0.370312 0.53125 0.370312 0.532292 0.371094 0.533333 0.371094 0.534375 0.371875 0.5375 0.371875 0.538542 0.372656 0.540625 0.372656 0.541667 0.373437 0.54375 0.373437 0.544792 0.374219 0.546875 0.374219 0.547917 0.375 0.555208 0.375 0.55625 0.375781 0.560417 0.375781 0.561458 0.376562 0.566667 0.376562 0.567708 0.377344 0.576042 0.377344 0.577083 0.378125 0.583333 0.378125 0.584375 0.377344 0.59375 0.377344 0.594792 0.376562 0.597917 0.376562 0.598958 0.375781 0.603125 0.375781 0.604167 0.375 0.609375 0.375 0.610417 0.374219 0.6125 0.374219 0.613542 0.373437 0.614583 0.373437 0.615625 0.372656 0.617708 0.372656 0.61875 0.371875 0.620833 0.371875 0.621875 0.371094 0.622917 0.371094 0.623958 0.370312 0.625 0.370312 0.626042 0.369531 0.627083 0.369531 0.628125 0.36875 0.629167 0.36875 0.630208 0.367969 0.63125 0.367969 0.632292 0.367188 0.633333 0.367188 0.635417 0.365625 0.636458 0.365625 0.638542 0.364062 0.639583 0.364062 0.646875 0.358594 0.647917 0.358594 0.648958 0.357812 0.648958 0.35625 0.652083 0.353906 0.652083 0.350781 0.651042 0.351562 0.651042 0.352344 0.648958 0.353906 0.647917 0.353906 0.644792 0.35625 0.64375 0.35625 0.642708 0.357031 0.641667 0.357031 0.639583 0.358594 0.638542 0.358594 0.636458 0.360156 0.635417 0.360156 0.634375 0.360937 0.633333 0.360937 0.632292 0.361719 0.63125 0.361719 0.630208 0.3625 0.629167 0.3625 0.628125 0.363281 0.627083 0.363281 0.626042 0.364062 0.623958 0.364062 0.622917 0.364844 0.620833 0.364844 0.619792 0.365625 0.617708 0.365625 0.616667 0.366406 0.614583 0.366406 0.613542 0.367188 0.608333 0.367188 0.607292 0.367969 0.602083 0.367969 0.601042 0.36875 0.59375 0.36875 0.592708 0.369531 0.569792 0.369531 0.56875 0.36875 0.563542 0.36875 0.5625 0.367969 0.557292 0.367969 0.55625 0.367188 0.55 0.367188 0.548958 0.366406 0.546875 0.366406 0.545833 0.365625 0.544792 0.365625 0.54375 0.364844 0.541667 0.364844 0.540625 0.364062 0.538542 0.364062 0.5375 0.363281 0.535417 0.363281 0.534375 0.3625 0.533333 0.3625 0.532292 0.361719 0.53125 0.361719 0.530208 0.360937 0.528125 0.360937 0.527083 0.360156 0.525 0.360156 0.522917 0.358594 0.521875 0.358594 0.520833 0.357812 0.519792 0.357812 0.51875 0.357031 0.517708 0.357031 0.515625 0.355469 0.514583 0.355469 0.5125 0.353906 0.511458 0.353906 0.509375 0.352344 0.508333 0.352344 0.505208 0.35 0.504167 0.35 0.492708 0.341406 0.949372
0 0.579167 0.221875 0.592708 0.232031 0.592708 0.232812 0.595833 0.235156 0.595833 0.235937 0.596875 0.236719 0.596875 0.2375 0.597917 0.238281 0.597917 0.239062 0.6 0.240625 0.6 0.241406 0.601042 0.242187 0.601042 0.245312 0.602083 0.246094 0.602083 0.248437 0.603125 0.249219 0.603125 0.250781 0.604167 0.251563 0.604167 0.260156 0.603125 0.260937 0.603125 0.264062 0.602083 0.264844 0.602083 0.26875 0.601042 0.269531 0.601042 0.273438 0.6 0.274219 0.6 0.275 0.597917 0.276562 0.597917 0.282031 0.596875 0.282812 0.596875 0.284375 0.595833 0.285156 0.595833 0.286719 0.59375 0.288281 0.59375 0.289844 0.591667 0.291406 0.591667 0.292187 0.588542 0.294531 0.588542 0.295312 0.586458 0.296875 0.585417 0.296875 0.580208 0.300781 0.579167 0.300781 0.575 0.303906 0.573958 0.303906 0.572917 0.304688 0.571875 0.304688 0.56875 0.307031 0.566667 0.307031 0.565625 0.307812 0.564583 0.307812 0.563542 0.308594 0.5625 0.308594 0.561458 0.309375 0.560417 0.309375 0.559375 0.310156 0.557292 0.310156 0.55625 0.310937 0.553125 0.310937 0.552083 0.311719 0.551042 0.311719 0.55 0.3125 0.548958 0.3125 0.547917 0.313281 0.545833 0.313281 0.544792 0.314062 0.54375 0.314062 0.546875 0.316406 0.547917 0.316406 0.548958 0.317187 0.551042 0.317187 0.552083 0.317969 0.55625 0.317969 0.557292 0.31875 0.561458 0.31875 0.5625 0.319531 0.567708 0.319531 0.56875 0.320312 0.570833 0.320312 0.571875 0.321094 0.577083 0.321094 0.578125 0.321875 0.61875 0.321875 0.619792 0.321094 0.623958 0.321094 0.625 0.320312 0.627083 0.320312 0.628125 0.319531 0.63125 0.319531 0.632292 0.31875 0.636458 0.31875 0.6375 0.317969 0.639583 0.317969 0.640625 0.317187 0.641667 0.317187 0.642708 0.316406 0.64375 0.316406 0.644792 0.315625 0.646875 0.315625 0.647917 0.314844 0.648958 0.314844 0.65 0.314062 0.651042 0.314062 0.653125 0.3125 0.654167 0.3125 0.655208 0.311719 0.65625 0.311719 0.657292 0.310937 0.658333 0.310937 0.660417 0.309375 0.661458 0.309375 0.675 0.299219 0.675 0.298437 0.676042 0.297656 0.676042 0.296875 0.680208 0.29375 0.680208 0.292187 0.68125 0.291406 0.68125 0.289844 0.682292 0.289062 0.682292 0.288281 0.683333 0.2875 0.683333 0.285937 0.684375 0.285156 0.684375 0.282812 0.685417 0.282031 0.685417 0.267969 0.684375 0.267187 0.684375 0.265625 0.683333 0.264844 0.683333 0.263281 0.682292 0.2625 0.682292 0.261719 0.68125 0.260937 0.68125 0.260156 0.679167 0.258594 0.679167 0.257812 0.678125 0.257031 0.678125 0.25625 0.676042 0.254688 0.676042 0.253906 0.673958 0.252344 0.673958 0.251563 0.659375 0.240625 0.658333 0.240625 0.655208 0.238281 0.654167 0.238281 0.652083 0.236719 0.651042 0.236719 0.648958 0.235156 0.647917 0.235156 0.645833 0.233594 0.644792 0.233594 0.64375 0.232812 0.642708 0.232812 0.641667 0.232031 0.640625 0.232031 0.639583 0.23125 0.638542 0.23125 0.6375 0.230469 0.636458 0.230469 0.635417 0.229687 0.633333 0.229687 0.632292 0.228906 0.63125 0.228906 0.630208 0.228125 0.629167 0.228125 0.628125 0.227344 0.626042 0.227344 0.625 0.226562 0.622917 0.226562 0.621875 0.225781 0.619792 0.225781 0.61875 0.225 0.616667 0.225 0.615625 0.224219 0.611458 0.224219 0.610417 0.223437 0.608333 0.223437 0.607292 0.222656 0.605208 0.222656 0.604167 0.221875 0.94884
0 0.492708 0.320312 0.492708 0.328906 0.496875 0.332031 0.497917 0.332031 0.509375 0.340625 0.510417 0.340625 0.513542 0.342969 0.514583 0.342969 0.516667 0.344531 0.517708 0.344531 0.51875 0.345312 0.519792 0.345312 0.521875 0.346875 0.522917 0.346875 0.523958 0.347656 0.525 0.347656 0.526042 0.348437 0.527083 0.348437 0.528125 0.349219 0.529167 0.349219 0.530208 0.35 0.53125 0.35 0.532292 0.350781 0.534375 0.350781 0.535417 0.351562 0.536458 0.351562 0.5375 0.352344 0.538542 0.352344 0.539583 0.353125 0.542708 0.353125 0.54375 0.353906 0.546875 0.353906 0.547917 0.354687 0.55 0.354687 0.551042 0.355469 0.553125 0.355469 0.554167 0.35625 0.558333 0.35625 0.559375 0.357031 0.565625 0.357031 0.566667 0.357812 0.570833 0.357812 0.571875 0.358594 0.604167 0.358594 0.605208 0.357812 0.609375 0.357812 0.610417 0.357031 0.614583 0.357031 0.615625 0.35625 0.61875 0.35625 0.619792 0.355469 0.621875 0.355469 0.622917 0.354687 0.625 0.354687 0.626042 0.353906 0.627083 0.353906 0.628125 0.353125 0.630208 0.353125 0.63125 0.352344 0.632292 0.352344 0.633333 0.351562 0.634375 0.351562 0.635417 0.350781 0.636458 0.350781 0.6375 0.35 0.638542 0.35 0.639583 0.349219 0.640625 0.349219 0.641667 0.348437 0.642708 0.348437 0.646875 0.345312 0.647917 0.345312 0.648958 0.344531 0.65 0.344531 0.654167 0.341406 0.654167 0.340625 0.655208 0.339844 0.65625 0.339844 0.658333 0.338281 0.658333 0.3375 0.659375 0.336719 0.660417 0.336719 0.663542 0.334375 0.663542 0.333594 0.664583 0.332812 0.664583 0.33125 0.665625 0.330469 0.665625 0.329687 0.666667 0.328906 0.666667 0.327344 0.667708 0.326562 0.667708 0.325 0.66875 0.324219 0.66875 0.322656 0.667708 0.322656 0.667708 0.324219 0.665625 0.325781 0.664583 0.325781 0.663542 0.326562 0.663542 0.327344 0.659375 0.330469 0.659375 0.33125 0.654167 0.335156 0.653125 0.335156 0.647917 0.339062 0.646875 0.339062 0.644792 0.340625 0.64375 0.340625 0.642708 0.341406 0.641667 0.341406 0.640625 0.342187 0.639583 0.342187 0.638542 0.342969 0.6375 0.342969 0.636458 0.34375 0.635417 0.34375 0.634375 0.344531 0.632292 0.344531 0.63125 0.345312 0.629167 0.345312 0.628125 0.346094 0.626042 0.346094 0.625 0.346875 0.623958 0.346875 0.622917 0.347656 0.619792 0.347656 0.61875 0.348437 0.614583 0.348437 0.613542 0.349219 0.605208 0.349219 0.604167 0.35 0.596875 0.35 0.595833 0.350781 0.579167 0.350781 0.578125 0.35 0.569792 0.35 0.56875 0.349219 0.561458 0.349219 0.560417 0.348437 0.55625 0.348437 0.555208 0.347656 0.552083 0.347656 0.551042 0.346875 0.548958 0.346875 0.547917 0.346094 0.545833 0.346094 0.544792 0.345312 0.542708 0.345312 0.541667 0.344531 0.539583 0.344531 0.538542 0.34375 0.5375 0.34375 0.536458 0.342969 0.534375 0.342969 0.533333 0.342187 0.532292 0.342187 0.53125 0.341406 0.530208 0.341406 0.529167 0.340625 0.528125 0.340625 0.527083 0.339844 0.526042 0.339844 0.525 0.339062 0.523958 0.339062 0.522917 0.338281 0.521875 0.338281 0.519792 0.336719 0.51875 0.336719 0.515625 0.334375 0.514583 0.334375 0.513542 0.333594 0.5125 0.333594 0.510417 0.332031 0.509375 0.332031 0.494792 0.321094 0.494792 0.320312 0.945866
0 0.49375 0.315625 0.49375 0.321094 0.494792 0.321094 0.496875 0.322656 0.497917 0.322656 0.507292 0.329687 0.508333 0.329687 0.511458 0.332031 0.5125 0.332031 0.514583 0.333594 0.515625 0.333594 0.517708 0.335156 0.51875 0.335156 0.521875 0.3375 0.522917 0.3375 0.523958 0.338281 0.525 0.338281 0.526042 0.339062 0.527083 0.339062 0.528125 0.339844 0.529167 0.339844 0.530208 0.340625 0.53125 0.340625 0.532292 0.341406 0.534375 0.341406 0.535417 0.342187 0.536458 0.342187 0.5375 0.342969 0.538542 0.342969 0.539583 0.34375 0.541667 0.34375 0.542708 0.344531 0.544792 0.344531 0.545833 0.345312 0.548958 0.345312 0.55 0.346094 0.552083 0.346094 0.553125 0.346875 0.555208 0.346875 0.55625 0.347656 0.563542 0.347656 0.564583 0.348437 0.572917 0.348437 0.573958 0.349219 0.602083 0.349219 0.603125 0.348437 0.610417 0.348437 0.611458 0.347656 0.61875 0.347656 0.619792 0.346875 0.621875 0.346875 0.622917 0.346094 0.623958 0.346094 0.625 0.345312 0.627083 0.345312 0.628125 0.344531 0.63125 0.344531 0.632292 0.34375 0.633333 0.34375 0.634375 0.342969 0.635417 0.342969 0.636458 0.342187 0.6375 0.342187 0.638542 0.341406 0.639583 0.341406 0.640625 0.340625 0.642708 0.340625 0.644792 0.339062 0.645833 0.339062 0.648958 0.336719 0.65 0.336719 0.655208 0.332812 0.65625 0.332812 0.657292 0.332031 0.657292 0.33125 0.661458 0.328125 0.661458 0.327344 0.665625 0.324219 0.665625 0.323437 0.666667 0.322656 0.666667 0.321875 0.66875 0.320312 0.66875 0.317187 0.667708 0.317187 0.667708 0.317969 0.665625 0.319531 0.664583 0.319531 0.663542 0.320312 0.663542 0.321094 0.657292 0.325781 0.65625 0.325781 0.652083 0.328906 0.651042 0.328906 0.648958 0.330469 0.647917 0.330469 0.646875 0.33125 0.645833 0.33125 0.64375 0.332812 0.642708 0.332812 0.641667 0.333594 0.639583 0.333594 0.638542 0.334375 0.6375 0.334375 0.636458 0.335156 0.635417 0.335156 0.634375 0.335938 0.632292 0.335938 0.63125 0.336719 0.629167 0.336719 0.628125 0.3375 0.626042 0.3375 0.625 0.338281 0.622917 0.338281 0.621875 0.339062 0.619792 0.339062 0.61875 0.339844 0.613542 0.339844 0.6125 0.340625 0.605208 0.340625 0.604167 0.341406 0.576042 0.341406 0.575 0.340625 0.56875 0.340625 0.567708 0.339844 0.561458 0.339844 0.560417 0.339062 0.557292 0.339062 0.55625 0.338281 0.554167 0.338281 0.553125 0.3375 0.55 0.3375 0.548958 0.336719 0.546875 0.336719 0.545833 0.335938 0.54375 0.335938 0.542708 0.335156 0.541667 0.335156 0.540625 0.334375 0.538542 0.334375 0.5375 0.333594 0.535417 0.333594 0.534375 0.332812 0.533333 0.332812 0.532292 0.332031 0.53125 0.332031 0.530208 0.33125 0.529167 0.33125 0.528125 0.330469 0.527083 0.330469 0.526042 0.329687 0.525 0.329687 0.523958 0.328906 0.522917 0.328906 0.521875 0.328125 0.520833 0.328125 0.51875 0.326562 0.517708 0.326562 0.514583 0.324219 0.513542 0.324219 0.505208 0.317969 0.505208 0.317187 0.504167 0.317187 0.503125 0.316406 0.5 0.316406 0.498958 0.315625 0.945071
0 0.282292 0.300781 0.282292 0.303906 0.283333 0.304688 0.283333 0.30625 0.284375 0.307031 0.284375 0.307812 0.286458 0.309375 0.286458 0.310156 0.2875 0.310937 0.2875 0.311719 0.289583 0.313281 0.289583 0.314062 0.291667 0.315625 0.291667 0.316406 0.3 0.322656 0.3 0.323437 0.301042 0.323437 0.305208 0.326562 0.30625 0.326562 0.308333 0.328125 0.309375 0.328125 0.311458 0.329687 0.3125 0.329687 0.314583 0.33125 0.316667 0.33125 0.31875 0.332812 0.319792 0.332812 0.320833 0.333594 0.321875 0.333594 0.322917 0.334375 0.325 0.334375 0.326042 0.335156 0.327083 0.335156 0.328125 0.335938 0.330208 0.335938 0.33125 0.336719 0.332292 0.336719 0.333333 0.3375 0.336458 0.3375 0.3375 0.338281 0.339583 0.338281 0.340625 0.339062 0.34375 0.339062 0.344792 0.339844 0.346875 0.339844 0.347917 0.340625 0.353125 0.340625 0.354167 0.341406 0.360417 0.341406 0.361458 0.342187 0.369792 0.342187 0.370833 0.342969 0.388542 0.342969 0.389583 0.342187 0.4 0.342187 0.401042 0.341406 0.407292 0.341406 0.408333 0.340625 0.414583 0.340625 0.415625 0.339844 0.417708 0.339844 0.41875 0.339062 0.420833 0.339062 0.421875 0.338281 0.423958 0.338281 0.425 0.3375 0.427083 0.3375 0.428125 0.336719 0.430208 0.336719 0.43125 0.335938 0.432292 0.335938 0.433333 0.335156 0.434375 0.335156 0.435417 0.334375 0.4375 0.334375 0.438542 0.333594 0.439583 0.333594 0.440625 0.332812 0.441667 0.332812 0.44375 0.33125 0.445833 0.33125 0.446875 0.330469 0.447917 0.330469 0.45 0.328906 0.451042 0.328906 0.454167 0.326562 0.455208 0.326562 0.459375 0.323437 0.460417 0.323437 0.465625 0.319531 0.465625 0.31875 0.469792 0.315625 0.469792 0.314844 0.470833 0.314062 0.470833 0.313281 0.469792 0.3125 0.465625 0.3125 0.464583 0.311719 0.463542 0.3125 0.4625 0.3125 0.461458 0.313281 0.460417 0.313281 0.45625 0.316406 0.455208 0.316406 0.453125 0.317969 0.452083 0.317969 0.451042 0.31875 0.45 0.31875 0.447917 0.320312 0.446875 0.320312 0.444792 0.321875 0.44375 0.321875 0.442708 0.322656 0.440625 0.322656 0.438542 0.324219 0.4375 0.324219 0.436458 0.325 0.434375 0.325 0.433333 0.325781 0.432292 0.325781 0.43125 0.326562 0.430208 0.326562 0.429167 0.327344 0.427083 0.327344 0.426042 0.328125 0.423958 0.328125 0.422917 0.328906 0.420833 0.328906 0.419792 0.329687 0.417708 0.329687 0.416667 0.330469 0.413542 0.330469 0.4125 0.33125 0.408333 0.33125 0.407292 0.332031 0.398958 0.332031 0.397917 0.332812 0.385417 0.332812 0.384375 0.333594 0.36875 0.333594 0.367708 0.332812 0.358333 0.332812 0.357292 0.332031 0.35 0.332031 0.348958 0.33125 0.345833 0.33125 0.344792 0.330469 0.341667 0.330469 0.340625 0.329687 0.338542 0.329687 0.3375 0.328906 0.333333 0.328906 0.332292 0.328125 0.330208 0.328125 0.329167 0.327344 0.327083 0.327344 0.326042 0.326562 0.325 0.326562 0.323958 0.325781 0.322917 0.325781 0.321875 0.325 0.320833 0.325 0.319792 0.324219 0.31875 0.324219 0.317708 0.323437 0.316667 0.323437 0.315625 0.322656 0.314583 0.322656 0.313542 0.321875 0.3125 0.321875 0.310417 0.320312 0.309375 0.320312 0.307292 0.31875 0.30625 0.31875 0.303125 0.316406 0.302083 0.316406 0.297917 0.313281 0.296875 0.313281 0.29375 0.310937 0.29375 0.310156 0.292708 0.309375 0.291667 0.309375 0.290625 0.308594 0.290625 0.307812 0.289583 0.307031 0.289583 0.30625 0.288542 0.30625 0.286458 0.304688 0.286458 0.303906 0.285417 0.303125 0.285417 0.302344 0.284375 0.301562 0.283333 0.301562 0.94432
0 0.669792 0.313281 0.667708 0.313281 0.666667 0.314062 0.666667 0.314844 0.665625 0.315625 0.663542 0.315625 0.658333 0.319531 0.657292 0.319531 0.65625 0.320312 0.655208 0.320312 0.653125 0.321875 0.652083 0.321875 0.651042 0.322656 0.65 0.322656 0.648958 0.323437 0.647917 0.323437 0.646875 0.324219 0.645833 0.324219 0.644792 0.325 0.64375 0.325 0.642708 0.325781 0.641667 0.325781 0.640625 0.326562 0.638542 0.326562 0.6375 0.327344 0.635417 0.327344 0.634375 0.328125 0.632292 0.328125 0.63125 0.328906 0.628125 0.328906 0.627083 0.329687 0.625 0.329687 0.623958 0.330469 0.61875 0.330469 0.617708 0.33125 0.607292 0.33125 0.60625 0.332031 0.583333 0.332031 0.582292 0.33125 0.575 0.33125 0.573958 0.330469 0.56875 0.330469 0.567708 0.329687 0.564583 0.329687 0.563542 0.328906 0.558333 0.328906 0.557292 0.328125 0.555208 0.328125 0.554167 0.327344 0.552083 0.327344 0.551042 0.326562 0.548958 0.326562 0.547917 0.325781 0.546875 0.325781 0.545833 0.325 0.54375 0.325 0.542708 0.324219 0.541667 0.324219 0.540625 0.323437 0.538542 0.323437 0.5375 0.322656 0.536458 0.322656 0.535417 0.321875 0.534375 0.321875 0.533333 0.321094 0.532292 0.321094 0.530208 0.319531 0.529167 0.319531 0.527083 0.317969 0.526042 0.317969 0.523958 0.316406 0.521875 0.316406 0.520833 0.315625 0.516667 0.315625 0.515625 0.314844 0.508333 0.314844 0.507292 0.315625 0.50625 0.315625 0.50625 0.317969 0.510417 0.321094 0.511458 0.321094 0.515625 0.324219 0.516667 0.324219 0.519792 0.326562 0.520833 0.326562 0.522917 0.328125 0.523958 0.328125 0.525 0.328906 0.526042 0.328906 0.527083 0.329687 0.528125 0.329687 0.529167 0.330469 0.530208 0.330469 0.53125 0.33125 0.532292 0.33125 0.533333 0.332031 0.534375 0.332031 0.535417 0.332812 0.5375 0.332812 0.538542 0.333594 0.540625 0.333594 0.541667 0.334375 0.542708 0.334375 0.54375 0.335156 0.545833 0.335156 0.546875 0.335938 0.55 0.335938 0.551042 0.336719 0.553125 0.336719 0.554167 0.3375 0.55625 0.3375 0.557292 0.338281 0.561458 0.338281 0.5625 0.339062 0.56875 0.339062 0.569792 0.339844 0.576042 0.339844 0.577083 0.340625 0.602083 0.340625 0.603125 0.339844 0.609375 0.339844 0.610417 0.339062 0.617708 0.339062 0.61875 0.338281 0.621875 0.338281 0.622917 0.3375 0.625 0.3375 0.626042 0.336719 0.627083 0.336719 0.628125 0.335938 0.63125 0.335938 0.632292 0.335156 0.634375 0.335156 0.635417 0.334375 0.636458 0.334375 0.6375 0.333594 0.638542 0.333594 0.639583 0.332812 0.640625 0.332812 0.641667 0.332031 0.64375 0.332031 0.645833 0.330469 0.646875 0.330469 0.648958 0.328906 0.65 0.328906 0.653125 0.326562 0.654167 0.326562 0.66875 0.315625 0.66875 0.314844 0.669792 0.314062 0.669792 0.313281 0.671875 0.310937 0.671875 0.310937 0.94403
0 0.480208 0.349219 0.480208 0.350781 0.476042 0.353906 0.476042 0.354687 0.475 0.355469 0.475 0.35625 0.469792 0.360156 0.469792 0.360937 0.463542 0.365625 0.4625 0.365625 0.454167 0.371875 0.453125 0.371875 0.451042 0.373437 0.45 0.373437 0.447917 0.375 0.446875 0.375 0.445833 0.375781 0.444792 0.375781 0.44375 0.376562 0.442708 0.376562 0.440625 0.378125 0.438542 0.378125 0.4375 0.378906 0.436458 0.378906 0.435417 0.379687 0.434375 0.379687 0.433333 0.380469 0.432292 0.380469 0.43125 0.38125 0.430208 0.38125 0.429167 0.382031 0.426042 0.382031 0.425 0.382812 0.423958 0.382812 0.422917 0.383594 0.420833 0.383594 0.419792 0.384375 0.417708 0.384375 0.416667 0.385156 0.413542 0.385156 0.4125 0.385937 0.408333 0.385937 0.407292 0.386719 0.403125 0.386719 0.402083 0.3875 0.394792 0.3875 0.39375 0.388281 0.357292 0.388281 0.35625 0.3875 0.35 0.3875 0.348958 0.386719 0.344792 0.386719 0.34375 0.385937 0.340625 0.385937 0.339583 0.385156 0.336458 0.385156 0.335417 0.384375 0.332292 0.384375 0.33125 0.383594 0.330208 0.383594 0.329167 0.382812 0.327083 0.382812 0.326042 0.382031 0.325 0.382031 0.323958 0.38125 0.321875 0.38125 0.320833 0.380469 0.319792 0.380469 0.31875 0.379687 0.317708 0.379687 0.316667 0.378906 0.315625 0.378906 0.314583 0.378125 0.313542 0.378125 0.311458 0.376562 0.310417 0.376562 0.309375 0.375781 0.308333 0.375781 0.305208 0.373437 0.304167 0.373437 0.302083 0.371875 0.301042 0.371875 0.296875 0.36875 0.295833 0.36875 0.294792 0.367969 0.294792 0.367188 0.289583 0.363281 0.289583 0.3625 0.286458 0.360156 0.286458 0.359375 0.285417 0.358594 0.285417 0.357812 0.282292 0.355469 0.282292 0.354687 0.28125 0.353906 0.28125 0.351562 0.280208 0.350781 0.278125 0.350781 0.278125 0.351562 0.279167 0.352344 0.279167 0.357031 0.280208 0.357812 0.280208 0.358594 0.282292 0.360156 0.282292 0.360937 0.283333 0.361719 0.283333 0.3625 0.284375 0.363281 0.284375 0.364844 0.286458 0.366406 0.286458 0.367188 0.288542 0.36875 0.288542 0.369531 0.291667 0.371875 0.291667 0.372656 0.295833 0.375781 0.295833 0.376562 0.296875 0.376562 0.304167 0.382031 0.305208 0.382031 0.307292 0.383594 0.308333 0.383594 0.310417 0.385156 0.311458 0.385156 0.3125 0.385937 0.313542 0.385937 0.314583 0.386719 0.315625 0.386719 0.316667 0.3875 0.317708 0.3875 0.31875 0.388281 0.319792 0.388281 0.320833 0.389062 0.321875 0.389062 0.322917 0.389844 0.323958 0.389844 0.325 0.390625 0.326042 0.390625 0.327083 0.391406 0.329167 0.391406 0.330208 0.392187 0.332292 0.392187 0.333333 0.392969 0.335417 0.392969 0.336458 0.39375 0.338542 0.39375 0.339583 0.394531 0.342708 0.394531 0.34375 0.395312 0.348958 0.395312 0.35 0.396094 0.355208 0.396094 0.35625 0.396875 0.364583 0.396875 0.365625 0.397656 0.383333 0.397656 0.384375 0.396875 0.395833 0.396875 0.396875 0.396094 0.403125 0.396094 0.404167 0.395312 0.409375 0.395312 0.410417 0.394531 0.413542 0.394531 0.414583 0.39375 0.417708 0.39375 0.41875 0.392969 0.420833 0.392969 0.421875 0.392187 0.423958 0.392187 0.425 0.391406 0.427083 0.391406 0.428125 0.390625 0.429167 0.390625 0.430208 0.389844 0.432292 0.389844 0.433333 0.389062 0.434375 0.389062 0.435417 0.388281 0.436458 0.388281 0.4375 0.3875 0.438542 0.3875 0.439583 0.386719 0.440625 0.386719 0.441667 0.385937 0.442708 0.385937 0.444792 0.384375 0.445833 0.384375 0.446875 0.383594 0.447917 0.383594 0.45 0.382031 0.451042 0.382031 0.453125 0.380469 0.454167 0.380469 0.459375 0.376562 0.460417 0.376562 0.469792 0.369531 0.469792 0.36875 0.473958 0.365625 0.473958 0.364844 0.477083 0.3625 0.477083 0.361719 0.479167 0.360156 0.479167 0.359375 0.480208 0.358594 0.480208 0.357031 0.48125 0.35625 0.48125 0.349219 0.943553
0 0.276042 0.335938 0.276042 0.34375 0.277083 0.344531 0.277083 0.346094 0.278125 0.346875 0.278125 0.348437 0.279167 0.349219 0.279167 0.35 0.28125 0.351562 0.28125 0.352344 0.282292 0.353125 0.282292 0.353906 0.284375 0.355469 0.284375 0.35625 0.286458 0.357812 0.286458 0.358594 0.288542 0.360156 0.288542 0.360937 0.291667 0.363281 0.291667 0.364062 0.301042 0.371094 0.302083 0.371094 0.305208 0.373437 0.30625 0.373437 0.308333 0.375 0.309375 0.375 0.310417 0.375781 0.311458 0.375781 0.3125 0.376562 0.313542 0.376562 0.314583 0.377344 0.315625 0.377344 0.317708 0.378906 0.31875 0.378906 0.319792 0.379687 0.321875 0.379687 0.322917 0.380469 0.323958 0.380469 0.325 0.38125 0.326042 0.38125 0.327083 0.382031 0.329167 0.382031 0.330208 0.382812 0.332292 0.382812 0.333333 0.383594 0.335417 0.383594 0.336458 0.384375 0.339583 0.384375 0.340625 0.385156 0.344792 0.385156 0.345833 0.385937 0.35 0.385937 0.351042 0.386719 0.357292 0.386719 0.358333 0.3875 0.394792 0.3875 0.395833 0.386719 0.402083 0.386719 0.403125 0.385937 0.407292 0.385937 0.408333 0.385156 0.4125 0.385156 0.413542 0.384375 0.415625 0.384375 0.416667 0.383594 0.419792 0.383594 0.420833 0.382812 0.422917 0.382812 0.423958 0.382031 0.426042 0.382031 0.427083 0.38125 0.428125 0.38125 0.429167 0.380469 0.43125 0.380469 0.432292 0.379687 0.433333 0.379687 0.434375 0.378906 0.435417 0.378906 0.436458 0.378125 0.4375 0.378125 0.438542 0.377344 0.439583 0.377344 0.440625 0.376562 0.441667 0.376562 0.442708 0.375781 0.44375 0.375781 0.444792 0.375 0.445833 0.375 0.446875 0.374219 0.447917 0.374219 0.45 0.372656 0.451042 0.372656 0.454167 0.370312 0.455208 0.370312 0.463542 0.364062 0.464583 0.364062 0.465625 0.363281 0.465625 0.3625 0.471875 0.357812 0.471875 0.357031 0.475 0.354687 0.475 0.353906 0.478125 0.351562 0.478125 0.350781 0.479167 0.35 0.479167 0.349219 0.480208 0.348437 0.480208 0.347656 0.48125 0.346875 0.48125 0.341406 0.480208 0.341406 0.480208 0.342187 0.479167 0.342969 0.479167 0.34375 0.475 0.346875 0.475 0.347656 0.459375 0.359375 0.458333 0.359375 0.455208 0.361719 0.454167 0.361719 0.452083 0.363281 0.451042 0.363281 0.448958 0.364844 0.447917 0.364844 0.446875 0.365625 0.445833 0.365625 0.444792 0.366406 0.44375 0.366406 0.441667 0.367969 0.440625 0.367969 0.439583 0.36875 0.438542 0.36875 0.4375 0.369531 0.435417 0.369531 0.434375 0.370312 0.433333 0.370312 0.432292 0.371094 0.43125 0.371094 0.430208 0.371875 0.428125 0.371875 0.427083 0.372656 0.425 0.372656 0.423958 0.373437 0.421875 0.373437 0.420833 0.374219 0.41875 0.374219 0.417708 0.375 0.415625 0.375 0.414583 0.375781 0.408333 0.375781 0.407292 0.376562 0.401042 0.376562 0.4 0.377344 0.395833 0.377344 0.394792 0.378125 0.382292 0.378125 0.38125 0.378906 0.375 0.378906 0.373958 0.378125 0.361458 0.378125 0.360417 0.377344 0.354167 0.377344 0.353125 0.376562 0.347917 0.376562 0.346875 0.375781 0.341667 0.375781 0.340625 0.375 0.338542 0.375 0.3375 0.374219 0.335417 0.374219 0.334375 0.373437 0.332292 0.373437 0.33125 0.372656 0.328125 0.372656 0.327083 0.371875 0.325 0.371875 0.323958 0.371094 0.322917 0.371094 0.321875 0.370312 0.320833 0.370312 0.319792 0.369531 0.317708 0.369531 0.315625 0.367969 0.314583 0.367969 0.313542 0.367188 0.3125 0.367188 0.311458 0.366406 0.310417 0.366406 0.309375 0.365625 0.308333 0.365625 0.30625 0.364062 0.305208 0.364062 0.303125 0.3625 0.302083 0.3625 0.286458 0.350781 0.286458 0.35 0.282292 0.346875 0.282292 0.346094 0.28125 0.345312 0.28125 0.34375 0.280208 0.342969 0.280208 0.342187 0.278125 0.340625 0.278125 0.339844 0.277083 0.339062 0.277083 0.336719 0.943519
0 0.280208 0.303125 0.280208 0.303906 0.279167 0.304688 0.277083 0.304688 0.276042 0.305469 0.276042 0.30625 0.275 0.307031 0.275 0.308594 0.273958 0.309375 0.273958 0.332031 0.275 0.332812 0.275 0.334375 0.277083 0.335938 0.277083 0.3375 0.278125 0.338281 0.278125 0.339062 0.279167 0.339844 0.279167 0.340625 0.28125 0.342187 0.28125 0.342969 0.282292 0.34375 0.282292 0.344531 0.283333 0.345312 0.283333 0.346094 0.284375 0.346875 0.284375 0.347656 0.288542 0.350781 0.288542 0.351562 0.3 0.360156 0.301042 0.360156 0.305208 0.363281 0.30625 0.363281 0.307292 0.364062 0.308333 0.364062 0.310417 0.365625 0.311458 0.365625 0.3125 0.366406 0.313542 0.366406 0.314583 0.367188 0.315625 0.367188 0.316667 0.367969 0.317708 0.367969 0.31875 0.36875 0.319792 0.36875 0.320833 0.369531 0.322917 0.369531 0.323958 0.370312 0.325 0.370312 0.326042 0.371094 0.328125 0.371094 0.329167 0.371875 0.33125 0.371875 0.332292 0.372656 0.334375 0.372656 0.335417 0.373437 0.3375 0.373437 0.338542 0.374219 0.341667 0.374219 0.342708 0.375 0.346875 0.375 0.347917 0.375781 0.35625 0.375781 0.357292 0.376562 0.364583 0.376562 0.365625 0.377344 0.390625 0.377344 0.391667 0.376562 0.398958 0.376562 0.4 0.375781 0.40625 0.375781 0.407292 0.375 0.411458 0.375 0.4125 0.374219 0.416667 0.374219 0.417708 0.373437 0.419792 0.373437 0.420833 0.372656 0.422917 0.372656 0.423958 0.371875 0.426042 0.371875 0.427083 0.371094 0.429167 0.371094 0.430208 0.370312 0.43125 0.370312 0.432292 0.369531 0.434375 0.369531 0.435417 0.36875 0.436458 0.36875 0.4375 0.367969 0.438542 0.367969 0.439583 0.367188 0.440625 0.367188 0.441667 0.366406 0.442708 0.366406 0.44375 0.365625 0.444792 0.365625 0.445833 0.364844 0.446875 0.364844 0.447917 0.364062 0.448958 0.364062 0.451042 0.3625 0.452083 0.3625 0.454167 0.360937 0.455208 0.360937 0.459375 0.357812 0.460417 0.357812 0.472917 0.348437 0.472917 0.347656 0.475 0.346094 0.475 0.345312 0.480208 0.341406 0.480208 0.340625 0.48125 0.339844 0.48125 0.339062 0.482292 0.338281 0.482292 0.336719 0.483333 0.335938 0.483333 0.332031 0.484375 0.33125 0.484375 0.316406 0.483333 0.316406 0.482292 0.315625 0.480208 0.315625 0.479167 0.316406 0.478125 0.316406 0.477083 0.317187 0.477083 0.319531 0.476042 0.320312 0.476042 0.323437 0.475 0.324219 0.475 0.325781 0.473958 0.326562 0.473958 0.327344 0.472917 0.328125 0.472917 0.329687 0.471875 0.330469 0.471875 0.33125 0.470833 0.332031 0.470833 0.332812 0.467708 0.335156 0.467708 0.335938 0.457292 0.34375 0.45625 0.34375 0.452083 0.346875 0.451042 0.346875 0.448958 0.348437 0.447917 0.348437 0.445833 0.35 0.444792 0.35 0.442708 0.351562 0.441667 0.351562 0.439583 0.353125 0.438542 0.353125 0.4375 0.353906 0.435417 0.353906 0.434375 0.354687 0.433333 0.354687 0.432292 0.355469 0.43125 0.355469 0.430208 0.35625 0.429167 0.35625 0.428125 0.357031 0.425 0.357031 0.423958 0.357812 0.422917 0.357812 0.421875 0.358594 0.419792 0.358594 0.41875 0.359375 0.416667 0.359375 0.415625 0.360156 0.411458 0.360156 0.410417 0.360937 0.40625 0.360937 0.405208 0.361719 0.402083 0.361719 0.401042 0.3625 0.39375 0.3625 0.392708 0.363281 0.3625 0.363281 0.361458 0.3625 0.355208 0.3625 0.354167 0.361719 0.35 0.361719 0.348958 0.360937 0.344792 0.360937 0.34375 0.360156 0.340625 0.360156 0.339583 0.359375 0.336458 0.359375 0.335417 0.358594 0.334375 0.358594 0.333333 0.357812 0.33125 0.357812 0.330208 0.357031 0.328125 0.357031 0.327083 0.35625 0.325 0.35625 0.323958 0.355469 0.322917 0.355469 0.321875 0.354687 0.320833 0.354687 0.319792 0.353906 0.31875 0.353906 0.317708 0.353125 0.316667 0.353125 0.314583 0.351562 0.313542 0.351562 0.311458 0.35 0.310417 0.35 0.309375 0.349219 0.308333 0.349219 0.30625 0.347656 0.305208 0.347656 0.291667 0.3375 0.291667 0.336719 0.289583 0.335156 0.289583 0.334375 0.2875 0.332812 0.2875 0.332031 0.285417 0.330469 0.285417 0.328906 0.284375 0.328125 0.284375 0.326562 0.283333 0.325781 0.283333 0.325 0.282292 0.324219 0.282292 0.322656 0.28125 0.321875 0.28125 0.31875 0.280208 0.317969 0.921103
0 0.677083 0.296875 0.676042 0.297656 0.676042 0.299219 0.661458 0.310156 0.660417 0.310156 0.657292 0.3125 0.655208 0.3125 0.653125 0.314062 0.652083 0.314062 0.65 0.315625 0.647917 0.315625 0.646875 0.316406 0.645833 0.316406 0.644792 0.317187 0.642708 0.317187 0.641667 0.317969 0.640625 0.317969 0.639583 0.31875 0.6375 0.31875 0.636458 0.319531 0.632292 0.319531 0.63125 0.320312 0.628125 0.320312 0.627083 0.321094 0.623958 0.321094 0.622917 0.321875 0.617708 0.321875 0.616667 0.322656 0.584375 0.322656 0.583333 0.321875 0.573958 0.321875 0.572917 0.321094 0.56875 0.321094 0.567708 0.320312 0.563542 0.320312 0.5625 0.319531 0.558333 0.319531 0.557292 0.31875 0.554167 0.31875 0.553125 0.317969 0.55 0.317969 0.548958 0.317187 0.546875 0.317187 0.545833 0.316406 0.544792 0.316406 0.54375 0.315625 0.542708 0.315625 0.541667 0.314844 0.538542 0.314844 0.5375 0.314062 0.523958 0.314062 0.523958 0.316406 0.525 0.317187 0.526042 0.317187 0.527083 0.317969 0.528125 0.317969 0.530208 0.319531 0.53125 0.319531 0.532292 0.320312 0.534375 0.320312 0.536458 0.321875 0.5375 0.321875 0.538542 0.322656 0.540625 0.322656 0.541667 0.323437 0.54375 0.323437 0.544792 0.324219 0.545833 0.324219 0.546875 0.325 0.547917 0.325 0.548958 0.325781 0.552083 0.325781 0.553125 0.326562 0.555208 0.326562 0.55625 0.327344 0.558333 0.327344 0.559375 0.328125 0.5625 0.328125 0.563542 0.328906 0.567708 0.328906 0.56875 0.329687 0.573958 0.329687 0.575 0.330469 0.582292 0.330469 0.583333 0.33125 0.607292 0.33125 0.608333 0.330469 0.617708 0.330469 0.61875 0.329687 0.623958 0.329687 0.625 0.328906 0.628125 0.328906 0.629167 0.328125 0.63125 0.328125 0.632292 0.327344 0.634375 0.327344 0.635417 0.326562 0.6375 0.326562 0.638542 0.325781 0.640625 0.325781 0.641667 0.325 0.64375 0.325 0.645833 0.323437 0.646875 0.323437 0.647917 0.322656 0.648958 0.322656 0.65 0.321875 0.651042 0.321875 0.652083 0.321094 0.653125 0.321094 0.654167 0.320312 0.655208 0.320312 0.658333 0.317969 0.659375 0.317969 0.664583 0.314062 0.665625 0.314062 0.672917 0.308594 0.672917 0.307812 0.673958 0.307031 0.673958 0.30625 0.675 0.305469 0.675 0.304688 0.676042 0.303906 0.676042 0.303125 0.677083 0.302344 0.902226
0 0.491667 0.330469 0.491667 0.340625 0.492708 0.340625 0.502083 0.347656 0.503125 0.347656 0.50625 0.35 0.507292 0.35 0.509375 0.351562 0.510417 0.351562 0.513542 0.353906 0.514583 0.353906 0.516667 0.355469 0.517708 0.355469 0.51875 0.35625 0.519792 0.35625 0.520833 0.357031 0.521875 0.357031 0.522917 0.357812 0.523958 0.357812 0.526042 0.359375 0.528125 0.359375 0.529167 0.360156 0.530208 0.360156 0.53125 0.360937 0.533333 0.360937 0.534375 0.361719 0.535417 0.361719 0.536458 0.3625 0.5375 0.3625 0.538542 0.363281 0.541667 0.363281 0.542708 0.364062 0.544792 0.364062 0.545833 0.364844 0.546875 0.364844 0.547917 0.365625 0.55 0.365625 0.551042 0.366406 0.557292 0.366406 0.558333 0.367188 0.564583 0.367188 0.565625 0.367969 0.572917 0.367969 0.573958 0.36875 0.5875 0.36875 0.588542 0.367969 0.596875 0.367969 0.597917 0.367188 0.605208 0.367188 0.60625 0.366406 0.611458 0.366406 0.6125 0.365625 0.614583 0.365625 0.615625 0.364844 0.617708 0.364844 0.61875 0.364062 0.621875 0.364062 0.622917 0.363281 0.625 0.363281 0.626042 0.3625 0.627083 0.3625 0.628125 0.361719 0.629167 0.361719 0.630208 0.360937 0.63125 0.360937 0.632292 0.360156 0.633333 0.360156 0.634375 0.359375 0.635417 0.359375 0.6375 0.357812 0.638542 0.357812 0.641667 0.355469 0.642708 0.355469 0.64375 0.354687 0.644792 0.354687 0.654167 0.347656 0.654167 0.346875 0.65625 0.345312 0.65625 0.344531 0.657292 0.34375 0.657292 0.342969 0.659375 0.341406 0.659375 0.340625 0.660417 0.339844 0.660417 0.338281 0.659375 0.338281 0.659375 0.339062 0.657292 0.340625 0.65625 0.340625 0.654167 0.342187 0.654167 0.342969 0.652083 0.344531 0.651042 0.344531 0.648958 0.346094 0.647917 0.346094 0.645833 0.347656 0.644792 0.347656 0.641667 0.35 0.640625 0.35 0.639583 0.350781 0.638542 0.350781 0.6375 0.351562 0.636458 0.351562 0.635417 0.352344 0.634375 0.352344 0.632292 0.353906 0.629167 0.353906 0.628125 0.354687 0.626042 0.354687 0.625 0.355469 0.623958 0.355469 0.622917 0.35625 0.620833 0.35625 0.619792 0.357031 0.616667 0.357031 0.615625 0.357812 0.611458 0.357812 0.610417 0.358594 0.607292 0.358594 0.60625 0.359375 0.602083 0.359375 0.601042 0.360156 0.576042 0.360156 0.575 0.359375 0.569792 0.359375 0.56875 0.358594 0.565625 0.358594 0.564583 0.357812 0.558333 0.357812 0.557292 0.357031 0.553125 0.357031 0.552083 0.35625 0.55 0.35625 0.548958 0.355469 0.546875 0.355469 0.545833 0.354687 0.542708 0.354687 0.541667 0.353906 0.538542 0.353906 0.5375 0.353125 0.536458 0.353125 0.535417 0.352344 0.534375 0.352344 0.533333 0.351562 0.532292 0.351562 0.53125 0.350781 0.529167 0.350781 0.528125 0.35 0.527083 0.35 0.526042 0.349219 0.525 0.349219 0.522917 0.347656 0.520833 0.347656 0.517708 0.345312 0.516667 0.345312 0.515625 0.344531 0.514583 0.344531 0.511458 0.342187 0.510417 0.342187 0.505208 0.338281 0.504167 0.338281 0.497917 0.333594 0.497917 0.332812 0.496875 0.332031 0.495833 0.332031 0.49375 0.330469 0.590687
0 0.491667 0.329687 0.491667 0.339844 0.496875 0.34375 0.497917 0.34375 0.505208 0.349219 0.50625 0.349219 0.509375 0.351562 0.510417 0.351562 0.5125 0.353125 0.513542 0.353125 0.515625 0.354687 0.516667 0.354687 0.51875 0.35625 0.519792 0.35625 0.520833 0.357031 0.521875 0.357031 0.522917 0.357812 0.523958 0.357812 0.525 0.358594 0.526042 0.358594 0.527083 0.359375 0.528125 0.359375 0.529167 0.360156 0.53125 0.360156 0.532292 0.360937 0.533333 0.360937 0.534375 0.361719 0.535417 0.361719 0.536458 0.3625 0.538542 0.3625 0.539583 0.363281 0.542708 0.363281 0.54375 0.364062 0.544792 0.364062 0.545833 0.364844 0.546875 0.364844 0.547917 0.365625 0.551042 0.365625 0.552083 0.366406 0.558333 0.366406 0.559375 0.367188 0.565625 0.367188 0.566667 0.367969 0.571875 0.367969 0.572917 0.36875 0.589583 0.36875 0.590625 0.367969 0.597917 0.367969 0.598958 0.367188 0.605208 0.367188 0.60625 0.366406 0.611458 0.366406 0.6125 0.365625 0.614583 0.365625 0.615625 0.364844 0.617708 0.364844 0.61875 0.364062 0.620833 0.364062 0.621875 0.363281 0.623958 0.363281 0.625 0.3625 0.627083 0.3625 0.629167 0.360937 0.63125 0.360937 0.632292 0.360156 0.633333 0.360156 0.634375 0.359375 0.635417 0.359375 0.6375 0.357812 0.638542 0.357812 0.641667 0.355469 0.642708 0.355469 0.644792 0.353906 0.645833 0.353906 0.653125 0.348437 0.653125 0.347656 0.65625 0.345312 0.65625 0.34375 0.659375 0.341406 0.659375 0.340625 0.660417 0.339844 0.660417 0.338281 0.659375 0.338281 0.659375 0.339844 0.658333 0.340625 0.65625 0.340625 0.655208 0.341406 0.655208 0.342187 0.652083 0.344531 0.651042 0.344531 0.648958 0.346094 0.647917 0.346094 0.645833 0.347656 0.644792 0.347656 0.641667 0.35 0.640625 0.35 0.639583 0.350781 0.638542 0.350781 0.6375 0.351562 0.635417 0.351562 0.632292 0.353906 0.629167 0.353906 0.628125 0.354687 0.626042 0.354687 0.625 0.355469 0.623958 0.355469 0.622917 0.35625 0.620833 0.35625 0.619792 0.357031 0.615625 0.357031 0.614583 0.357812 0.611458 0.357812 0.610417 0.358594 0.607292 0.358594 0.60625 0.359375 0.6 0.359375 0.598958 0.360156 0.577083 0.360156 0.576042 0.359375 0.570833 0.359375 0.569792 0.358594 0.565625 0.358594 0.564583 0.357812 0.558333 0.357812 0.557292 0.357031 0.553125 0.357031 0.552083 0.35625 0.55 0.35625 0.548958 0.355469 0.546875 0.355469 0.545833 0.354687 0.542708 0.354687 0.541667 0.353906 0.538542 0.353906 0.5375 0.353125 0.536458 0.353125 0.535417 0.352344 0.534375 0.352344 0.533333 0.351562 0.532292 0.351562 0.53125 0.350781 0.529167 0.350781 0.528125 0.35 0.527083 0.35 0.526042 0.349219 0.525 0.349219 0.523958 0.348437 0.522917 0.348437 0.521875 0.347656 0.520833 0.347656 0.517708 0.345312 0.516667 0.345312 0.515625 0.344531 0.514583 0.344531 0.5125 0.342969 0.511458 0.342969 0.505208 0.338281 0.504167 0.338281 0.496875 0.332812 0.496875 0.332031 0.495833 0.332031 0.49375 0.330469 0.49375 0.329687 0.355944
0 0.580208 0.222656 0.592708 0.232031 0.592708 0.232812 0.595833 0.235156 0.595833 0.235937 0.596875 0.236719 0.596875 0.2375 0.597917 0.238281 0.597917 0.239062 0.6 0.240625 0.6 0.241406 0.601042 0.242187 0.601042 0.245312 0.602083 0.246094 0.602083 0.248437 0.603125 0.249219 0.603125 0.251563 0.604167 0.252344 0.604167 0.259375 0.603125 0.260156 0.603125 0.264062 0.602083 0.264844 0.602083 0.26875 0.601042 0.269531 0.601042 0.273438 0.6 0.274219 0.6 0.275 0.597917 0.276562 0.597917 0.28125 0.596875 0.282031 0.596875 0.284375 0.595833 0.285156 0.595833 0.285937 0.594792 0.286719 0.594792 0.2875 0.59375 0.288281 0.59375 0.289844 0.590625 0.292187 0.590625 0.292969 0.588542 0.294531 0.588542 0.295312 0.586458 0.296875 0.585417 0.296875 0.580208 0.300781 0.579167 0.300781 0.575 0.303906 0.573958 0.303906 0.572917 0.304688 0.571875 0.304688 0.56875 0.307031 0.566667 0.307031 0.565625 0.307812 0.564583 0.307812 0.563542 0.308594 0.5625 0.308594 0.561458 0.309375 0.560417 0.309375 0.559375 0.310156 0.557292 0.310156 0.55625 0.310937 0.553125 0.310937 0.552083 0.311719 0.551042 0.311719 0.55 0.3125 0.548958 0.3125 0.547917 0.313281 0.545833 0.313281 0.544792 0.314062 0.54375 0.314062 0.546875 0.316406 0.547917 0.316406 0.548958 0.317187 0.551042 0.317187 0.552083 0.317969 0.55625 0.317969 0.557292 0.31875 0.561458 0.31875 0.5625 0.319531 0.566667 0.319531 0.567708 0.320312 0.570833 0.320312 0.571875 0.321094 0.576042 0.321094 0.577083 0.321875 0.61875 0.321875 0.619792 0.321094 0.623958 0.321094 0.625 0.320312 0.628125 0.320312 0.629167 0.319531 0.63125 0.319531 0.632292 0.31875 0.636458 0.31875 0.6375 0.317969 0.639583 0.317969 0.640625 0.317187 0.641667 0.317187 0.642708 0.316406 0.64375 0.316406 0.644792 0.315625 0.646875 0.315625 0.647917 0.314844 0.65 0.314844 0.652083 0.313281 0.653125 0.313281 0.655208 0.311719 0.65625 0.311719 0.657292 0.310937 0.658333 0.310937 0.660417 0.309375 0.661458 0.309375 0.675 0.299219 0.675 0.298437 0.676042 0.297656 0.676042 0.296875 0.680208 0.29375 0.680208 0.292187 0.68125 0.291406 0.68125 0.290625 0.682292 0.289844 0.682292 0.288281 0.683333 0.2875 0.683333 0.285937 0.684375 0.285156 0.684375 0.283594 0.685417 0.282812 0.685417 0.277344 0.686458 0.276562 0.686458 0.273438 0.685417 0.272656 0.685417 0.267969 0.684375 0.267187 0.684375 0.264844 0.683333 0.264062 0.683333 0.263281 0.682292 0.2625 0.682292 0.261719 0.68125 0.260937 0.68125 0.260156 0.680208 0.259375 0.680208 0.258594 0.678125 0.257031 0.678125 0.25625 0.677083 0.255469 0.677083 0.254688 0.673958 0.252344 0.673958 0.251563 0.658333 0.239844 0.657292 0.239844 0.655208 0.238281 0.654167 0.238281 0.652083 0.236719 0.651042 0.236719 0.648958 0.235156 0.647917 0.235156 0.645833 0.233594 0.644792 0.233594 0.64375 0.232812 0.642708 0.232812 0.641667 0.232031 0.640625 0.232031 0.639583 0.23125 0.638542 0.23125 0.6375 0.230469 0.636458 0.230469 0.635417 0.229687 0.633333 0.229687 0.632292 0.228906 0.63125 0.228906 0.630208 0.228125 0.629167 0.228125 0.628125 0.227344 0.626042 0.227344 0.625 0.226562 0.622917 0.226562 0.621875 0.225781 0.619792 0.225781 0.61875 0.225 0.616667 0.225 0.615625 0.224219 0.6125 0.224219 0.611458 0.223437 0.608333 0.223437 0.607292 0.222656 0.135419
0 0.280208 0.303125 0.280208 0.303906 0.279167 0.304688 0.277083 0.304688 0.277083 0.305469 0.276042 0.30625 0.276042 0.307031 0.275 0.307812 0.275 0.334375 0.277083 0.335938 0.277083 0.3375 0.278125 0.338281 0.278125 0.339062 0.279167 0.339844 0.279167 0.340625 0.28125 0.342187 0.28125 0.342969 0.282292 0.34375 0.282292 0.344531 0.283333 0.345312 0.283333 0.346094 0.284375 0.346875 0.284375 0.347656 0.288542 0.350781 0.288542 0.351562 0.3 0.360156 0.301042 0.360156 0.305208 0.363281 0.30625 0.363281 0.307292 0.364062 0.308333 0.364062 0.310417 0.365625 0.311458 0.365625 0.3125 0.366406 0.313542 0.366406 0.314583 0.367188 0.315625 0.367188 0.316667 0.367969 0.317708 0.367969 0.31875 0.36875 0.319792 0.36875 0.320833 0.369531 0.322917 0.369531 0.323958 0.370312 0.325 0.370312 0.326042 0.371094 0.328125 0.371094 0.329167 0.371875 0.33125 0.371875 0.332292 0.372656 0.334375 0.372656 0.335417 0.373437 0.3375 0.373437 0.338542 0.374219 0.341667 0.374219 0.342708 0.375 0.347917 0.375 0.348958 0.375781 0.35625 0.375781 0.357292 0.376562 0.365625 0.376562 0.366667 0.377344 0.390625 0.377344 0.391667 0.376562 0.398958 0.376562 0.4 0.375781 0.405208 0.375781 0.40625 0.375 0.411458 0.375 0.4125 0.374219 0.416667 0.374219 0.417708 0.373437 0.419792 0.373437 0.420833 0.372656 0.422917 0.372656 0.423958 0.371875 0.426042 0.371875 0.427083 0.371094 0.429167 0.371094 0.430208 0.370312 0.43125 0.370312 0.432292 0.369531 0.434375 0.369531 0.435417 0.36875 0.436458 0.36875 0.4375 0.367969 0.438542 0.367969 0.439583 0.367188 0.440625 0.367188 0.441667 0.366406 0.442708 0.366406 0.44375 0.365625 0.444792 0.365625 0.446875 0.364062 0.448958 0.364062 0.451042 0.3625 0.452083 0.3625 0.454167 0.360937 0.455208 0.360937 0.459375 0.357812 0.460417 0.357812 0.472917 0.348437 0.472917 0.347656 0.475 0.346094 0.475 0.345312 0.480208 0.341406 0.480208 0.340625 0.48125 0.339844 0.48125 0.339062 0.482292 0.338281 0.482292 0.336719 0.483333 0.335938 0.483333 0.332031 0.484375 0.33125 0.484375 0.316406 0.483333 0.316406 0.482292 0.315625 0.480208 0.315625 0.479167 0.316406 0.478125 0.316406 0.478125 0.317187 0.477083 0.317969 0.477083 0.319531 0.476042 0.320312 0.476042 0.323437 0.475 0.324219 0.475 0.325781 0.473958 0.326562 0.473958 0.327344 0.472917 0.328125 0.472917 0.329687 0.471875 0.330469 0.471875 0.33125 0.470833 0.332031 0.470833 0.332812 0.467708 0.335156 0.467708 0.335938 0.457292 0.34375 0.45625 0.34375 0.452083 0.346875 0.451042 0.346875 0.448958 0.348437 0.447917 0.348437 0.445833 0.35 0.444792 0.35 0.442708 0.351562 0.441667 0.351562 0.439583 0.353125 0.438542 0.353125 0.4375 0.353906 0.435417 0.353906 0.434375 0.354687 0.433333 0.354687 0.432292 0.355469 0.43125 0.355469 0.430208 0.35625 0.429167 0.35625 0.428125 0.357031 0.425 0.357031 0.423958 0.357812 0.422917 0.357812 0.421875 0.358594 0.419792 0.358594 0.41875 0.359375 0.416667 0.359375 0.415625 0.360156 0.411458 0.360156 0.410417 0.360937 0.40625 0.360937 0.405208 0.361719 0.402083 0.361719 0.401042 0.3625 0.39375 0.3625 0.392708 0.363281 0.361458 0.363281 0.360417 0.3625 0.355208 0.3625 0.354167 0.361719 0.35 0.361719 0.348958 0.360937 0.344792 0.360937 0.34375 0.360156 0.340625 0.360156 0.339583 0.359375 0.336458 0.359375 0.335417 0.358594 0.333333 0.358594 0.332292 0.357812 0.33125 0.357812 0.330208 0.357031 0.328125 0.357031 0.327083 0.35625 0.325 0.35625 0.323958 0.355469 0.322917 0.355469 0.321875 0.354687 0.320833 0.354687 0.319792 0.353906 0.31875 0.353906 0.317708 0.353125 0.316667 0.353125 0.314583 0.351562 0.313542 0.351562 0.311458 0.35 0.310417 0.35 0.309375 0.349219 0.308333 0.349219 0.30625 0.347656 0.305208 0.347656 0.290625 0.336719 0.290625 0.335938 0.289583 0.335156 0.289583 0.334375 0.2875 0.332812 0.2875 0.332031 0.285417 0.330469 0.285417 0.328906 0.284375 0.328125 0.284375 0.326562 0.283333 0.325781 0.283333 0.325 0.282292 0.324219 0.282292 0.322656 0.28125 0.321875 0.28125 0.31875 0.280208 0.317969 0.0589739
