0 0.421875 0.392969 0.420833 0.39375 0.417708 0.39375 0.416667 0.394531 0.415625 0.394531 0.414583 0.395312 0.411458 0.395312 0.410417 0.396094 0.40625 0.396094 0.405208 0.396875 0.403125 0.396875 0.402083 0.397656 0.401042 0.397656 0.4 0.398438 0.397917 0.398438 0.396875 0.399219 0.394792 0.399219 0.39375 0.4 0.392708 0.4 0.391667 0.400781 0.390625 0.400781 0.389583 0.401562 0.3875 0.401562 0.386458 0.402344 0.385417 0.402344 0.384375 0.403125 0.383333 0.403125 0.382292 0.403906 0.38125 0.403906 0.380208 0.404687 0.379167 0.404687 0.378125 0.405469 0.377083 0.405469 0.376042 0.40625 0.375 0.40625 0.371875 0.408594 0.370833 0.408594 0.369792 0.409375 0.36875 0.409375 0.365625 0.411719 0.364583 0.411719 0.360417 0.414844 0.359375 0.414844 0.352083 0.420312 0.352083 0.421094 0.347917 0.424219 0.347917 0.425 0.345833 0.426562 0.345833 0.427344 0.34375 0.428906 0.34375 0.429688 0.342708 0.430469 0.342708 0.43125 0.341667 0.432031 0.341667 0.432812 0.340625 0.433594 0.340625 0.434375 0.339583 0.435156 0.339583 0.435937 0.338542 0.436719 0.338542 0.438281 0.3375 0.439062 0.3375 0.471875 0.338542 0.472656 0.338542 0.474219 0.339583 0.475 0.339583 0.476562 0.340625 0.477344 0.340625 0.478125 0.341667 0.478906 0.341667 0.479687 0.342708 0.480469 0.342708 0.48125 0.344792 0.482812 0.344792 0.483594 0.347917 0.485937 0.347917 0.486719 0.35 0.488281 0.351042 0.488281 0.35625 0.492187 0.357292 0.492187 0.360417 0.494531 0.3625 0.494531 0.363542 0.495312 0.365625 0.495312 0.366667 0.496094 0.36875 0.496094 0.369792 0.495312 0.371875 0.495312 0.372917 0.496094 0.376042 0.496094 0.377083 0.496875 0.379167 0.496875 0.380208 0.497656 0.382292 0.497656 0.383333 0.498437 0.385417 0.498437 0.386458 0.499219 0.3875 0.499219 0.388542 0.5 0.389583 0.5 0.390625 0.500781 0.391667 0.500781 0.392708 0.501562 0.39375 0.501562 0.394792 0.502344 0.395833 0.502344 0.396875 0.503125 0.398958 0.503125 0.4 0.503906 0.401042 0.503906 0.402083 0.504687 0.403125 0.504687 0.404167 0.505469 0.405208 0.505469 0.40625 0.50625 0.409375 0.50625 0.413542 0.509375 0.414583 0.509375 0.416667 0.510937 0.416667 0.513281 0.419792 0.515625 0.420833 0.515625 0.421875 0.516406 0.425 0.516406 0.426042 0.517188 0.430208 0.517188 0.43125 0.517969 0.433333 0.517969 0.434375 0.51875 0.4375 0.51875 0.438542 0.519531 0.454167 0.519531 0.455208 0.520312 0.469792 0.520312 0.470833 0.519531 0.479167 0.519531 0.480208 0.51875 0.485417 0.51875 0.486458 0.517969 0.492708 0.517969 0.49375 0.517188 0.498958 0.517188 0.5 0.516406 0.502083 0.516406 0.503125 0.515625 0.50625 0.515625 0.507292 0.514844 0.509375 0.514844 0.510417 0.514062 0.5125 0.514062 0.513542 0.513281 0.514583 0.513281 0.515625 0.5125 0.516667 0.5125 0.517708 0.511719 0.519792 0.511719 0.520833 0.510937 0.521875 0.510937 0.522917 0.510156 0.525 0.510156 0.527083 0.508594 0.528125 0.508594 0.529167 0.507812 0.530208 0.507812 0.53125 0.507031 0.532292 0.507031 0.533333 0.50625 0.534375 0.50625 0.536458 0.504687 0.538542 0.504687 0.540625 0.503125 0.541667 0.503125 0.54375 0.501562 0.544792 0.501562 0.548958 0.498437 0.55 0.498437 0.554167 0.495312 0.555208 0.495312 0.55625 0.494531 0.55625 0.49375 0.558333 0.492187 0.559375 0.492187 0.560417 0.491406 0.560417 0.490625 0.564583 0.4875 0.564583 0.486719 0.567708 0.484375 0.567708 0.483594 0.56875 0.482812 0.56875 0.482031 0.569792 0.48125 0.569792 0.480469 0.570833 0.479687 0.570833 0.478906 0.571875 0.478125 0.571875 0.477344 0.572917 0.476562 0.572917 0.475 0.573958 0.474219 0.573958 0.472656 0.575 0.471875 0.575 0.470312 0.576042 0.469531 0.576042 0.466406 0.577083 0.465625 0.577083 0.461719 0.578125 0.460937 0.578125 0.458594 0.579167 0.457812 0.579167 0.453906 0.580208 0.453125 0.580208 0.446094 0.579167 0.445312 0.579167 0.442969 0.578125 0.442187 0.578125 0.440625 0.577083 0.439844 0.577083 0.439062 0.576042 0.438281 0.576042 0.436719 0.575 0.435937 0.575 0.435156 0.573958 0.434375 0.573958 0.433594 0.572917 0.432812 0.572917 0.432031 0.571875 0.43125 0.571875 0.430469 0.570833 0.429688 0.570833 0.428906 0.56875 0.427344 0.56875 0.426562 0.565625 0.424219 0.565625 0.423437 0.55 0.411719 0.548958 0.411719 0.545833 0.409375 0.544792 0.409375 0.542708 0.407812 0.541667 0.407812 0.539583 0.40625 0.538542 0.40625 0.5375 0.405469 0.536458 0.405469 0.535417 0.404687 0.534375 0.404687 0.532292 0.403125 0.53125 0.403125 0.530208 0.402344 0.528125 0.402344 0.527083 0.401562 0.526042 0.401562 0.525 0.400781 0.523958 0.400781 0.522917 0.4 0.521875 0.4 0.520833 0.399219 0.51875 0.399219 0.517708 0.398438 0.515625 0.398438 0.514583 0.397656 0.513542 0.397656 0.5125 0.396875 0.510417 0.396875 0.509375 0.396094 0.50625 0.396094 0.505208 0.395312 0.502083 0.395312 0.501042 0.394531 0.5 0.394531 0.498958 0.39375 0.494792 0.39375 0.49375 0.392969 0.974794
0 0.563542 0.553125 0.563542 0.554688 0.563542 0.553125 0.564583 0.551562 0.560417 0.555469 0.559375 0.55625 0.559375 0.557031 0.558333 0.557812 0.557292 0.557812 0.55 0.563281 0.548958 0.563281 0.54375 0.567187 0.542708 0.567187 0.540625 0.56875 0.539583 0.56875 0.5375 0.570312 0.536458 0.570312 0.535417 0.571094 0.534375 0.571094 0.532292 0.572656 0.53125 0.572656 0.530208 0.573437 0.529167 0.573437 0.528125 0.574219 0.527083 0.574219 0.526042 0.575 0.525 0.575 0.523958 0.575781 0.521875 0.575781 0.520833 0.576562 0.519792 0.576562 0.51875 0.577344 0.517708 0.577344 0.516667 0.578125 0.514583 0.578125 0.513542 0.578906 0.511458 0.578906 0.510417 0.579687 0.508333 0.579687 0.507292 0.580469 0.504167 0.580469 0.503125 0.58125 0.5 0.58125 0.498958 0.582031 0.495833 0.582031 0.494792 0.582812 0.491667 0.582812 0.490625 0.583594 0.483333 0.583594 0.482292 0.584375 0.45 0.584375 0.448958 0.583594 0.439583 0.583594 0.438542 0.582812 0.434375 0.582812 0.433333 0.582031 0.430208 0.582031 0.429167 0.58125 0.426042 0.58125 0.425 0.580469 0.422917 0.580469 0.421875 0.579687 0.41875 0.579687 0.417708 0.578906 0.415625 0.578906 0.414583 0.578125 0.4125 0.578125 0.411458 0.577344 0.409375 0.577344 0.408333 0.576562 0.407292 0.576562 0.40625 0.575781 0.404167 0.575781 0.403125 0.575 0.402083 0.575 0.401042 0.574219 0.4 0.574219 0.398958 0.573437 0.397917 0.573437 0.396875 0.572656 0.395833 0.572656 0.39375 0.571094 0.392708 0.571094 0.390625 0.569531 0.389583 0.569531 0.388542 0.56875 0.3875 0.56875 0.385417 0.567187 0.384375 0.567187 0.380208 0.564062 0.379167 0.564062 0.371875 0.558594 0.371875 0.557812 0.364583 0.552344 0.364583 0.551562 0.3625 0.55 0.3625 0.549219 0.360417 0.547656 0.360417 0.546094 0.359375 0.545312 0.359375 0.544531 0.358333 0.544531 0.358333 0.554688 0.359375 0.555469 0.359375 0.55625 0.360417 0.557031 0.360417 0.557812 0.3625 0.559375 0.3625 0.560156 0.365625 0.5625 0.365625 0.563281 0.366667 0.564062 0.366667 0.564844 0.38125 0.575781 0.382292 0.575781 0.384375 0.577344 0.385417 0.577344 0.3875 0.578906 0.388542 0.578906 0.389583 0.579687 0.390625 0.579687 0.392708 0.58125 0.39375 0.58125 0.394792 0.582031 0.396875 0.582031 0.397917 0.582812 0.398958 0.582812 0.401042 0.584375 0.402083 0.584375 0.403125 0.585156 0.40625 0.585156 0.407292 0.585938 0.408333 0.585938 0.409375 0.586719 0.410417 0.586719 0.411458 0.5875 0.4125 0.5875 0.413542 0.588281 0.417708 0.588281 0.41875 0.589062 0.420833 0.589062 0.421875 0.589844 0.422917 0.589844 0.423958 0.590625 0.427083 0.590625 0.428125 0.591406 0.434375 0.591406 0.435417 0.592187 0.439583 0.592187 0.440625 0.592969 0.44375 0.592969 0.444792 0.59375 0.477083 0.59375 0.478125 0.592969 0.482292 0.592969 0.483333 0.592187 0.486458 0.592187 0.4875 0.591406 0.49375 0.591406 0.494792 0.590625 0.498958 0.590625 0.5 0.589844 0.501042 0.589844 0.502083 0.589062 0.504167 0.589062 0.505208 0.588281 0.508333 0.588281 0.509375 0.5875 0.511458 0.5875 0.5125 0.586719 0.513542 0.586719 0.514583 0.585938 0.515625 0.585938 0.516667 0.585156 0.51875 0.585156 0.519792 0.584375 0.520833 0.584375 0.521875 0.583594 0.522917 0.583594 0.523958 0.582812 0.525 0.582812 0.526042 0.582031 0.527083 0.582031 0.528125 0.58125 0.529167 0.58125 0.53125 0.579687 0.532292 0.579687 0.533333 0.578906 0.534375 0.578906 0.538542 0.575781 0.539583 0.575781 0.545833 0.571094 0.546875 0.571094 0.547917 0.570312 0.547917 0.569531 0.558333 0.561719 0.558333 0.560937 0.559375 0.560156 0.559375 0.559375 0.560417 0.558594 0.560417 0.557812 0.561458 0.557031 0.561458 0.55625 0.560417 0.555469 0.564583 0.551562 0.564583 0.551562 0.958329
0 0.352083 0.492187 0.352083 0.491406 0.352083 0.492187 0.354167 0.49375 0.354167 0.494531 0.355208 0.495312 0.355208 0.496094 0.35625 0.496094 0.358333 0.497656 0.358333 0.498437 0.364583 0.503125 0.365625 0.503125 0.36875 0.505469 0.369792 0.505469 0.372917 0.507812 0.375 0.507812 0.378125 0.510156 0.379167 0.510156 0.380208 0.510937 0.38125 0.510937 0.382292 0.511719 0.382292 0.5125 0.384375 0.514062 0.385417 0.514062 0.386458 0.514844 0.3875 0.514844 0.389583 0.516406 0.390625 0.516406 0.391667 0.517188 0.392708 0.517188 0.39375 0.517969 0.396875 0.517969 0.398958 0.519531 0.4 0.519531 0.401042 0.520312 0.403125 0.520312 0.404167 0.521094 0.40625 0.521094 0.408333 0.522656 0.409375 0.522656 0.410417 0.523438 0.4125 0.523438 0.413542 0.524219 0.415625 0.524219 0.416667 0.525 0.41875 0.525 0.419792 0.525781 0.420833 0.525781 0.421875 0.526562 0.425 0.526562 0.426042 0.527344 0.430208 0.527344 0.43125 0.528125 0.439583 0.528125 0.440625 0.528906 0.446875 0.528906 0.447917 0.529687 0.4625 0.529687 0.463542 0.530469 0.467708 0.530469 0.46875 0.529687 0.482292 0.529687 0.483333 0.528906 0.489583 0.528906 0.490625 0.528125 0.496875 0.528125 0.497917 0.527344 0.501042 0.527344 0.502083 0.526562 0.504167 0.526562 0.505208 0.525781 0.507292 0.525781 0.508333 0.525 0.511458 0.525 0.5125 0.524219 0.514583 0.524219 0.515625 0.523438 0.517708 0.523438 0.51875 0.522656 0.519792 0.522656 0.520833 0.521875 0.522917 0.521875 0.523958 0.521094 0.525 0.521094 0.526042 0.520312 0.527083 0.520312 0.528125 0.519531 0.529167 0.519531 0.530208 0.51875 0.53125 0.51875 0.532292 0.517969 0.533333 0.517969 0.534375 0.517188 0.536458 0.517188 0.538542 0.515625 0.539583 0.515625 0.541667 0.514062 0.542708 0.514062 0.54375 0.513281 0.544792 0.513281 0.545833 0.5125 0.546875 0.5125 0.551042 0.509375 0.552083 0.509375 0.5625 0.501562 0.5625 0.500781 0.566667 0.497656 0.566667 0.496875 0.56875 0.495312 0.56875 0.494531 0.570833 0.492969 0.570833 0.492187 0.572917 0.490625 0.572917 0.489844 0.573958 0.489062 0.573958 0.4875 0.575 0.486719 0.575 0.485937 0.576042 0.485156 0.576042 0.484375 0.579167 0.482031 0.579167 0.480469 0.580208 0.479687 0.580208 0.460937 0.579167 0.460937 0.579167 0.461719 0.578125 0.4625 0.578125 0.46875 0.577083 0.469531 0.577083 0.471094 0.576042 0.471875 0.576042 0.474219 0.575 0.475 0.575 0.476562 0.573958 0.477344 0.573958 0.478125 0.572917 0.478906 0.572917 0.479687 0.571875 0.480469 0.571875 0.48125 0.570833 0.482031 0.570833 0.482812 0.56875 0.484375 0.56875 0.485156 0.566667 0.486719 0.566667 0.4875 0.551042 0.499219 0.55 0.499219 0.545833 0.502344 0.544792 0.502344 0.542708 0.503906 0.541667 0.503906 0.540625 0.504687 0.539583 0.504687 0.5375 0.50625 0.536458 0.50625 0.535417 0.507031 0.534375 0.507031 0.533333 0.507812 0.532292 0.507812 0.53125 0.508594 0.530208 0.508594 0.529167 0.509375 0.528125 0.509375 0.527083 0.510156 0.526042 0.510156 0.525 0.510937 0.523958 0.510937 0.522917 0.511719 0.521875 0.511719 0.520833 0.5125 0.519792 0.5125 0.51875 0.513281 0.516667 0.513281 0.515625 0.514062 0.514583 0.514062 0.513542 0.514844 0.5125 0.514844 0.511458 0.515625 0.508333 0.515625 0.507292 0.516406 0.505208 0.516406 0.504167 0.517188 0.501042 0.517188 0.5 0.517969 0.495833 0.517969 0.494792 0.51875 0.488542 0.51875 0.4875 0.519531 0.48125 0.519531 0.480208 0.520312 0.473958 0.520312 0.472917 0.521094 0.442708 0.521094 0.441667 0.520312 0.434375 0.520312 0.433333 0.519531 0.430208 0.519531 0.429167 0.51875 0.426042 0.51875 0.425 0.517969 0.421875 0.517969 0.420833 0.517188 0.416667 0.517188 0.415625 0.516406 0.414583 0.516406 0.4125 0.514844 0.4125 0.510937 0.408333 0.507812 0.40625 0.507812 0.405208 0.507031 0.404167 0.507031 0.403125 0.50625 0.402083 0.50625 0.4 0.504687 0.398958 0.504687 0.397917 0.503906 0.394792 0.503906 0.39375 0.503125 0.392708 0.503125 0.391667 0.502344 0.390625 0.502344 0.389583 0.501562 0.388542 0.501562 0.3875 0.500781 0.385417 0.500781 0.384375 0.5 0.382292 0.5 0.38125 0.499219 0.380208 0.499219 0.379167 0.498437 0.375 0.498437 0.373958 0.497656 0.363542 0.497656 0.3625 0.496875 0.361458 0.496875 0.360417 0.496094 0.359375 0.496094 0.35625 0.49375 0.354167 0.49375 0.957196
0 0.572917 0.51875 0.571875 0.519531 0.571875 0.521875 0.566667 0.525781 0.566667 0.526562 0.557292 0.533594 0.55625 0.533594 0.551042 0.5375 0.55 0.5375 0.545833 0.540625 0.544792 0.540625 0.54375 0.541406 0.542708 0.541406 0.541667 0.542187 0.540625 0.542187 0.538542 0.54375 0.5375 0.54375 0.535417 0.545312 0.534375 0.545312 0.533333 0.546094 0.53125 0.546094 0.530208 0.546875 0.529167 0.546875 0.528125 0.547656 0.527083 0.547656 0.526042 0.548437 0.525 0.548437 0.523958 0.549219 0.521875 0.549219 0.520833 0.55 0.519792 0.55 0.51875 0.550781 0.516667 0.550781 0.515625 0.551562 0.5125 0.551562 0.511458 0.552344 0.508333 0.552344 0.507292 0.553125 0.505208 0.553125 0.504167 0.553906 0.502083 0.553906 0.501042 0.554688 0.495833 0.554688 0.494792 0.555469 0.488542 0.555469 0.4875 0.55625 0.482292 0.55625 0.48125 0.557031 0.45 0.557031 0.448958 0.55625 0.44375 0.55625 0.442708 0.555469 0.436458 0.555469 0.435417 0.554688 0.43125 0.554688 0.430208 0.553906 0.428125 0.553906 0.427083 0.553125 0.426042 0.553125 0.425 0.552344 0.422917 0.552344 0.421875 0.551562 0.417708 0.551562 0.416667 0.550781 0.414583 0.550781 0.413542 0.55 0.411458 0.55 0.410417 0.549219 0.408333 0.549219 0.407292 0.548437 0.40625 0.548437 0.405208 0.547656 0.404167 0.547656 0.403125 0.546875 0.401042 0.546875 0.4 0.546094 0.398958 0.546094 0.397917 0.545312 0.396875 0.545312 0.395833 0.544531 0.394792 0.544531 0.39375 0.54375 0.392708 0.54375 0.391667 0.542969 0.390625 0.542969 0.388542 0.541406 0.3875 0.541406 0.384375 0.539062 0.383333 0.539062 0.380208 0.536719 0.379167 0.536719 0.373958 0.532812 0.373958 0.532031 0.372917 0.53125 0.371875 0.53125 0.36875 0.528906 0.36875 0.528125 0.367708 0.528125 0.365625 0.526562 0.365625 0.525781 0.360417 0.521875 0.360417 0.525781 0.361458 0.526562 0.361458 0.527344 0.3625 0.528125 0.3625 0.528906 0.363542 0.529687 0.363542 0.530469 0.364583 0.53125 0.364583 0.532031 0.366667 0.533594 0.366667 0.534375 0.367708 0.534375 0.36875 0.535156 0.36875 0.535937 0.372917 0.539062 0.372917 0.539844 0.375 0.541406 0.376042 0.541406 0.377083 0.542187 0.377083 0.542969 0.379167 0.544531 0.380208 0.544531 0.382292 0.546094 0.383333 0.546094 0.385417 0.547656 0.386458 0.547656 0.388542 0.549219 0.389583 0.549219 0.390625 0.55 0.391667 0.55 0.39375 0.551562 0.394792 0.551562 0.396875 0.553125 0.398958 0.553125 0.4 0.553906 0.401042 0.553906 0.402083 0.554688 0.403125 0.554688 0.404167 0.555469 0.405208 0.555469 0.40625 0.55625 0.408333 0.55625 0.409375 0.557031 0.410417 0.557031 0.411458 0.557812 0.413542 0.557812 0.414583 0.558594 0.416667 0.558594 0.417708 0.559375 0.41875 0.559375 0.419792 0.560156 0.423958 0.560156 0.425 0.560937 0.427083 0.560937 0.428125 0.561719 0.430208 0.561719 0.43125 0.5625 0.433333 0.5625 0.434375 0.563281 0.441667 0.563281 0.442708 0.564062 0.45 0.564062 0.451042 0.564844 0.482292 0.564844 0.483333 0.564062 0.4875 0.564062 0.488542 0.563281 0.496875 0.563281 0.497917 0.5625 0.5 0.5625 0.501042 0.561719 0.503125 0.561719 0.504167 0.560937 0.50625 0.560937 0.507292 0.560156 0.510417 0.560156 0.511458 0.559375 0.513542 0.559375 0.514583 0.558594 0.515625 0.558594 0.516667 0.557812 0.51875 0.557812 0.519792 0.557031 0.522917 0.557031 0.523958 0.55625 0.525 0.55625 0.526042 0.555469 0.527083 0.555469 0.528125 0.554688 0.529167 0.554688 0.530208 0.553906 0.53125 0.553906 0.532292 0.553125 0.533333 0.553125 0.534375 0.552344 0.535417 0.552344 0.536458 0.551562 0.5375 0.551562 0.538542 0.550781 0.539583 0.550781 0.542708 0.548437 0.54375 0.548437 0.547917 0.545312 0.548958 0.545312 0.555208 0.540625 0.55625 0.540625 0.561458 0.536719 0.5625 0.536719 0.56875 0.532031 0.56875 0.53125 0.570833 0.529687 0.570833 0.528906 0.571875 0.528125 0.571875 0.526562 0.572917 0.525781 0.572917 0.521875 0.573958 0.521094 0.573958 0.519531 0.956076
0 0.577083 0.5 0.576042 0.500781 0.576042 0.503125 0.575 0.503906 0.575 0.50625 0.573958 0.507031 0.573958 0.507812 0.571875 0.509375 0.571875 0.510156 0.570833 0.510937 0.570833 0.511719 0.569792 0.5125 0.569792 0.513281 0.566667 0.515625 0.566667 0.516406 0.5625 0.519531 0.5625 0.520312 0.55625 0.525 0.555208 0.525 0.548958 0.529687 0.547917 0.529687 0.54375 0.532812 0.542708 0.532812 0.541667 0.533594 0.540625 0.533594 0.538542 0.535156 0.5375 0.535156 0.536458 0.535937 0.535417 0.535937 0.534375 0.536719 0.533333 0.536719 0.53125 0.538281 0.529167 0.538281 0.528125 0.539062 0.526042 0.539062 0.525 0.539844 0.523958 0.539844 0.522917 0.540625 0.521875 0.540625 0.520833 0.541406 0.51875 0.541406 0.517708 0.542187 0.514583 0.542187 0.513542 0.542969 0.5125 0.542969 0.511458 0.54375 0.510417 0.54375 0.509375 0.544531 0.507292 0.544531 0.50625 0.545312 0.501042 0.545312 0.5 0.546094 0.495833 0.546094 0.494792 0.546875 0.491667 0.546875 0.490625 0.547656 0.4875 0.547656 0.486458 0.548437 0.478125 0.548437 0.477083 0.549219 0.4625 0.549219 0.461458 0.548437 0.44375 0.548437 0.442708 0.547656 0.439583 0.547656 0.438542 0.546875 0.436458 0.546875 0.435417 0.546094 0.43125 0.546094 0.430208 0.545312 0.423958 0.545312 0.422917 0.544531 0.420833 0.544531 0.419792 0.54375 0.41875 0.54375 0.417708 0.542969 0.415625 0.542969 0.414583 0.542187 0.410417 0.542187 0.408333 0.540625 0.407292 0.540625 0.40625 0.539844 0.404167 0.539844 0.403125 0.539062 0.401042 0.539062 0.4 0.538281 0.398958 0.538281 0.397917 0.5375 0.396875 0.5375 0.395833 0.536719 0.39375 0.536719 0.391667 0.535156 0.390625 0.535156 0.389583 0.534375 0.388542 0.534375 0.3875 0.533594 0.386458 0.533594 0.385417 0.532812 0.384375 0.532812 0.360417 0.514844 0.360417 0.514062 0.359375 0.513281 0.359375 0.519531 0.3625 0.521875 0.3625 0.522656 0.367708 0.526562 0.367708 0.527344 0.375 0.532812 0.375 0.533594 0.376042 0.534375 0.377083 0.534375 0.379167 0.535937 0.380208 0.535937 0.383333 0.538281 0.384375 0.538281 0.388542 0.541406 0.389583 0.541406 0.390625 0.542187 0.391667 0.542187 0.392708 0.542969 0.39375 0.542969 0.394792 0.54375 0.395833 0.54375 0.396875 0.544531 0.397917 0.544531 0.398958 0.545312 0.4 0.545312 0.401042 0.546094 0.402083 0.546094 0.403125 0.546875 0.405208 0.546875 0.40625 0.547656 0.408333 0.547656 0.409375 0.548437 0.411458 0.548437 0.413542 0.55 0.415625 0.55 0.416667 0.550781 0.419792 0.550781 0.420833 0.551562 0.422917 0.551562 0.423958 0.552344 0.426042 0.552344 0.427083 0.553125 0.429167 0.553125 0.430208 0.553906 0.438542 0.553906 0.439583 0.554688 0.44375 0.554688 0.444792 0.555469 0.447917 0.555469 0.448958 0.55625 0.482292 0.55625 0.483333 0.555469 0.4875 0.555469 0.488542 0.554688 0.492708 0.554688 0.49375 0.553906 0.502083 0.553906 0.503125 0.553125 0.505208 0.553125 0.50625 0.552344 0.507292 0.552344 0.508333 0.551562 0.510417 0.551562 0.511458 0.550781 0.515625 0.550781 0.516667 0.55 0.51875 0.55 0.519792 0.549219 0.520833 0.549219 0.521875 0.548437 0.523958 0.548437 0.525 0.547656 0.527083 0.547656 0.528125 0.546875 0.529167 0.546875 0.530208 0.546094 0.53125 0.546094 0.532292 0.545312 0.533333 0.545312 0.534375 0.544531 0.535417 0.544531 0.536458 0.54375 0.5375 0.54375 0.539583 0.542187 0.540625 0.542187 0.541667 0.541406 0.542708 0.541406 0.54375 0.540625 0.544792 0.540625 0.548958 0.5375 0.55 0.5375 0.553125 0.535156 0.554167 0.535156 0.55625 0.533594 0.557292 0.533594 0.558333 0.532812 0.559375 0.532812 0.559375 0.532031 0.564583 0.528125 0.564583 0.527344 0.566667 0.525781 0.567708 0.525781 0.567708 0.525 0.56875 0.524219 0.56875 0.523438 0.570833 0.521875 0.570833 0.521094 0.571875 0.520312 0.571875 0.51875 0.572917 0.517969 0.572917 0.516406 0.573958 0.515625 0.573958 0.514844 0.575 0.514062 0.575 0.513281 0.576042 0.5125 0.576042 0.510937 0.577083 0.510156 0.955695
0 0.35625 0.552344 0.35625 0.560937 0.357292 0.561719 0.357292 0.564062 0.358333 0.564844 0.358333 0.565625 0.359375 0.566406 0.359375 0.567187 0.361458 0.56875 0.361458 0.569531 0.3625 0.570312 0.3625 0.571094 0.365625 0.573437 0.365625 0.574219 0.369792 0.577344 0.369792 0.578125 0.376042 0.582812 0.377083 0.582812 0.383333 0.5875 0.384375 0.5875 0.3875 0.589844 0.388542 0.589844 0.389583 0.590625 0.390625 0.590625 0.391667 0.591406 0.392708 0.591406 0.39375 0.592187 0.394792 0.592187 0.396875 0.59375 0.397917 0.59375 0.398958 0.594531 0.4 0.594531 0.401042 0.595312 0.402083 0.595312 0.403125 0.596094 0.404167 0.596094 0.405208 0.596875 0.40625 0.596875 0.407292 0.597656 0.409375 0.597656 0.410417 0.598437 0.413542 0.598437 0.414583 0.599219 0.415625 0.599219 0.416667 0.6 0.417708 0.6 0.41875 0.600781 0.422917 0.600781 0.423958 0.601562 0.427083 0.601562 0.428125 0.602344 0.430208 0.602344 0.43125 0.603125 0.434375 0.603125 0.435417 0.603906 0.448958 0.603906 0.45 0.604687 0.471875 0.604687 0.472917 0.603906 0.483333 0.603906 0.484375 0.603125 0.488542 0.603125 0.489583 0.602344 0.491667 0.602344 0.492708 0.601562 0.495833 0.601562 0.496875 0.600781 0.501042 0.600781 0.502083 0.6 0.504167 0.6 0.505208 0.599219 0.50625 0.599219 0.507292 0.598437 0.509375 0.598437 0.510417 0.597656 0.5125 0.597656 0.513542 0.596875 0.514583 0.596875 0.515625 0.596094 0.516667 0.596094 0.517708 0.595312 0.51875 0.595312 0.519792 0.594531 0.521875 0.594531 0.523958 0.592969 0.525 0.592969 0.526042 0.592187 0.527083 0.592187 0.528125 0.591406 0.529167 0.591406 0.53125 0.589844 0.532292 0.589844 0.5375 0.585938 0.538542 0.585938 0.548958 0.578125 0.548958 0.577344 0.554167 0.573437 0.554167 0.572656 0.55625 0.571094 0.55625 0.570312 0.557292 0.569531 0.557292 0.56875 0.560417 0.566406 0.560417 0.565625 0.5625 0.564062 0.5625 0.5625 0.563542 0.561719 0.563542 0.557031 0.563542 0.559375 0.5625 0.560156 0.560417 0.560156 0.560417 0.560937 0.559375 0.561719 0.559375 0.5625 0.557292 0.564062 0.55625 0.564062 0.555208 0.564844 0.555208 0.565625 0.553125 0.567187 0.552083 0.567187 0.552083 0.567969 0.544792 0.573437 0.54375 0.573437 0.5375 0.578125 0.536458 0.578125 0.534375 0.579687 0.533333 0.579687 0.53125 0.58125 0.530208 0.58125 0.529167 0.582031 0.528125 0.582031 0.527083 0.582812 0.526042 0.582812 0.523958 0.584375 0.522917 0.584375 0.521875 0.585156 0.519792 0.585156 0.51875 0.585938 0.517708 0.585938 0.516667 0.586719 0.515625 0.586719 0.514583 0.5875 0.513542 0.5875 0.5125 0.588281 0.509375 0.588281 0.508333 0.589062 0.505208 0.589062 0.504167 0.589844 0.502083 0.589844 0.501042 0.590625 0.498958 0.590625 0.497917 0.591406 0.49375 0.591406 0.492708 0.592187 0.488542 0.592187 0.4875 0.592969 0.483333 0.592969 0.482292 0.59375 0.477083 0.59375 0.476042 0.594531 0.446875 0.594531 0.445833 0.59375 0.440625 0.59375 0.439583 0.592969 0.436458 0.592969 0.435417 0.592187 0.430208 0.592187 0.429167 0.591406 0.425 0.591406 0.423958 0.590625 0.421875 0.590625 0.420833 0.589844 0.41875 0.589844 0.417708 0.589062 0.414583 0.589062 0.413542 0.588281 0.411458 0.588281 0.410417 0.5875 0.409375 0.5875 0.408333 0.586719 0.407292 0.586719 0.40625 0.585938 0.404167 0.585938 0.403125 0.585156 0.402083 0.585156 0.401042 0.584375 0.4 0.584375 0.398958 0.583594 0.397917 0.583594 0.396875 0.582812 0.395833 0.582812 0.394792 0.582031 0.392708 0.582031 0.390625 0.580469 0.389583 0.580469 0.3875 0.578906 0.386458 0.578906 0.384375 0.577344 0.383333 0.577344 0.38125 0.575781 0.380208 0.575781 0.365625 0.564844 0.365625 0.564062 0.363542 0.5625 0.363542 0.561719 0.360417 0.559375 0.360417 0.558594 0.359375 0.557812 0.359375 0.557031 0.357292 0.555469 0.357292 0.554688 0.35625 0.553906 0.950972
0 0.577083 0.485937 0.577083 0.486719 0.576042 0.4875 0.576042 0.489062 0.575 0.489844 0.575 0.490625 0.571875 0.492969 0.571875 0.49375 0.570833 0.494531 0.570833 0.495312 0.567708 0.497656 0.567708 0.498437 0.5625 0.502344 0.5625 0.503125 0.557292 0.507031 0.55625 0.507031 0.548958 0.5125 0.547917 0.5125 0.546875 0.513281 0.545833 0.513281 0.544792 0.514062 0.54375 0.514062 0.541667 0.515625 0.540625 0.515625 0.539583 0.516406 0.538542 0.516406 0.536458 0.517969 0.535417 0.517969 0.534375 0.51875 0.533333 0.51875 0.532292 0.519531 0.53125 0.519531 0.530208 0.520312 0.528125 0.520312 0.526042 0.521875 0.523958 0.521875 0.522917 0.522656 0.520833 0.522656 0.519792 0.523438 0.51875 0.523438 0.517708 0.524219 0.516667 0.524219 0.515625 0.525 0.513542 0.525 0.5125 0.525781 0.509375 0.525781 0.508333 0.526562 0.505208 0.526562 0.504167 0.527344 0.502083 0.527344 0.501042 0.528125 0.498958 0.528125 0.497917 0.528906 0.491667 0.528906 0.490625 0.529687 0.484375 0.529687 0.483333 0.530469 0.472917 0.530469 0.471875 0.53125 0.458333 0.53125 0.457292 0.530469 0.445833 0.530469 0.444792 0.529687 0.435417 0.529687 0.434375 0.528906 0.428125 0.528906 0.427083 0.528125 0.423958 0.528125 0.422917 0.527344 0.420833 0.527344 0.419792 0.526562 0.415625 0.526562 0.414583 0.525781 0.413542 0.525781 0.4125 0.525 0.411458 0.525 0.410417 0.524219 0.408333 0.524219 0.407292 0.523438 0.405208 0.523438 0.404167 0.522656 0.403125 0.522656 0.402083 0.521875 0.401042 0.521875 0.4 0.521094 0.398958 0.521094 0.397917 0.520312 0.395833 0.520312 0.394792 0.519531 0.39375 0.519531 0.392708 0.51875 0.391667 0.51875 0.390625 0.517969 0.389583 0.517969 0.388542 0.517188 0.3875 0.517188 0.386458 0.516406 0.385417 0.516406 0.382292 0.514062 0.38125 0.514062 0.380208 0.513281 0.380208 0.510937 0.378125 0.510937 0.377083 0.510156 0.375 0.510156 0.372917 0.508594 0.372917 0.507812 0.370833 0.507812 0.369792 0.507031 0.36875 0.507031 0.367708 0.50625 0.367708 0.504687 0.364583 0.504687 0.361458 0.502344 0.360417 0.502344 0.35625 0.499219 0.35625 0.498437 0.355208 0.498437 0.354167 0.497656 0.354167 0.503125 0.355208 0.503906 0.355208 0.504687 0.358333 0.507031 0.358333 0.507812 0.370833 0.517188 0.371875 0.517188 0.376042 0.520312 0.377083 0.520312 0.379167 0.521875 0.380208 0.521875 0.382292 0.523438 0.383333 0.523438 0.384375 0.524219 0.385417 0.524219 0.386458 0.525 0.3875 0.525 0.388542 0.525781 0.389583 0.525781 0.390625 0.526562 0.391667 0.526562 0.392708 0.527344 0.39375 0.527344 0.394792 0.528125 0.396875 0.528125 0.397917 0.528906 0.398958 0.528906 0.401042 0.530469 0.403125 0.530469 0.404167 0.53125 0.40625 0.53125 0.407292 0.532031 0.410417 0.532031 0.411458 0.532812 0.4125 0.532812 0.413542 0.533594 0.414583 0.533594 0.415625 0.534375 0.41875 0.534375 0.419792 0.535156 0.423958 0.535156 0.425 0.535937 0.426042 0.535937 0.427083 0.536719 0.429167 0.536719 0.430208 0.5375 0.4375 0.5375 0.438542 0.538281 0.447917 0.538281 0.448958 0.539062 0.458333 0.539062 0.459375 0.539844 0.467708 0.539844 0.46875 0.539062 0.48125 0.539062 0.482292 0.538281 0.492708 0.538281 0.49375 0.5375 0.5 0.5375 0.501042 0.536719 0.504167 0.536719 0.505208 0.535937 0.507292 0.535937 0.508333 0.535156 0.513542 0.535156 0.514583 0.534375 0.516667 0.534375 0.517708 0.533594 0.519792 0.533594 0.520833 0.532812 0.521875 0.532812 0.522917 0.532031 0.528125 0.532031 0.529167 0.53125 0.53125 0.53125 0.532292 0.530469 0.534375 0.530469 0.535417 0.529687 0.5375 0.529687 0.538542 0.528906 0.539583 0.528906 0.545833 0.524219 0.546875 0.524219 0.55 0.521875 0.55 0.521094 0.553125 0.51875 0.554167 0.51875 0.554167 0.517969 0.55625 0.516406 0.557292 0.516406 0.559375 0.514844 0.559375 0.514062 0.560417 0.513281 0.561458 0.513281 0.563542 0.511719 0.563542 0.510937 0.567708 0.507812 0.567708 0.507031 0.570833 0.504687 0.570833 0.503906 0.571875 0.503125 0.571875 0.501562 0.573958 0.5 0.573958 0.499219 0.575 0.498437 0.575 0.497656 0.576042 0.496875 0.576042 0.495312 0.577083 0.494531 0.577083 0.49375 0.578125 0.492969 0.578125 0.485937 0.94467
0 0.35 0.554688 0.35 0.580469 0.351042 0.58125 0.351042 0.582812 0.352083 0.583594 0.352083 0.585156 0.353125 0.585938 0.353125 0.586719 0.354167 0.5875 0.354167 0.588281 0.355208 0.589062 0.355208 0.589844 0.35625 0.590625 0.35625 0.591406 0.357292 0.592187 0.357292 0.592969 0.365625 0.599219 0.365625 0.6 0.375 0.607031 0.376042 0.607031 0.379167 0.609375 0.380208 0.609375 0.383333 0.611719 0.384375 0.611719 0.386458 0.613281 0.3875 0.613281 0.388542 0.614062 0.389583 0.614062 0.391667 0.615625 0.392708 0.615625 0.39375 0.616406 0.395833 0.616406 0.396875 0.617188 0.397917 0.617188 0.398958 0.617969 0.4 0.617969 0.401042 0.61875 0.402083 0.61875 0.403125 0.619531 0.405208 0.619531 0.40625 0.620312 0.408333 0.620312 0.409375 0.621094 0.411458 0.621094 0.4125 0.621875 0.414583 0.621875 0.415625 0.622656 0.41875 0.622656 0.419792 0.623437 0.423958 0.623437 0.425 0.624219 0.428125 0.624219 0.429167 0.625 0.433333 0.625 0.434375 0.625781 0.472917 0.625781 0.473958 0.625 0.478125 0.625 0.479167 0.624219 0.483333 0.624219 0.484375 0.623437 0.488542 0.623437 0.489583 0.622656 0.491667 0.622656 0.492708 0.621875 0.494792 0.621875 0.495833 0.621094 0.496875 0.621094 0.497917 0.620312 0.5 0.620312 0.501042 0.619531 0.502083 0.619531 0.503125 0.61875 0.504167 0.61875 0.505208 0.617969 0.507292 0.617969 0.508333 0.617188 0.509375 0.617188 0.510417 0.616406 0.511458 0.616406 0.5125 0.615625 0.513542 0.615625 0.514583 0.614844 0.515625 0.614844 0.516667 0.614062 0.517708 0.614062 0.519792 0.6125 0.520833 0.6125 0.521875 0.611719 0.522917 0.611719 0.523958 0.610937 0.525 0.610937 0.529167 0.607812 0.530208 0.607812 0.539583 0.600781 0.539583 0.6 0.541667 0.598437 0.542708 0.598437 0.542708 0.597656 0.544792 0.596094 0.544792 0.595312 0.547917 0.592969 0.547917 0.591406 0.546875 0.591406 0.546875 0.592969 0.545833 0.59375 0.54375 0.59375 0.539583 0.596875 0.538542 0.596875 0.536458 0.598437 0.535417 0.598437 0.532292 0.600781 0.53125 0.600781 0.530208 0.601562 0.529167 0.601562 0.527083 0.603125 0.526042 0.603125 0.525 0.603906 0.523958 0.603906 0.522917 0.604687 0.521875 0.604687 0.519792 0.60625 0.51875 0.60625 0.517708 0.607031 0.515625 0.607031 0.514583 0.607812 0.513542 0.607812 0.5125 0.608594 0.511458 0.608594 0.510417 0.609375 0.508333 0.609375 0.507292 0.610156 0.505208 0.610156 0.504167 0.610937 0.501042 0.610937 0.5 0.611719 0.498958 0.611719 0.497917 0.6125 0.495833 0.6125 0.494792 0.613281 0.490625 0.613281 0.489583 0.614062 0.484375 0.614062 0.483333 0.614844 0.478125 0.614844 0.477083 0.615625 0.46875 0.615625 0.467708 0.616406 0.447917 0.616406 0.446875 0.615625 0.438542 0.615625 0.4375 0.614844 0.433333 0.614844 0.432292 0.614062 0.429167 0.614062 0.428125 0.613281 0.423958 0.613281 0.422917 0.6125 0.419792 0.6125 0.41875 0.611719 0.417708 0.611719 0.416667 0.610937 0.414583 0.610937 0.413542 0.610156 0.410417 0.610156 0.409375 0.609375 0.407292 0.609375 0.40625 0.608594 0.405208 0.608594 0.404167 0.607812 0.403125 0.607812 0.402083 0.607031 0.401042 0.607031 0.4 0.60625 0.398958 0.60625 0.397917 0.605469 0.396875 0.605469 0.395833 0.604687 0.394792 0.604687 0.39375 0.603906 0.392708 0.603906 0.391667 0.603125 0.390625 0.603125 0.388542 0.601562 0.3875 0.601562 0.386458 0.600781 0.385417 0.600781 0.384375 0.6 0.383333 0.6 0.380208 0.597656 0.379167 0.597656 0.370833 0.591406 0.369792 0.591406 0.36875 0.590625 0.36875 0.589844 0.364583 0.586719 0.364583 0.585938 0.363542 0.585156 0.363542 0.584375 0.361458 0.582812 0.361458 0.582031 0.360417 0.58125 0.360417 0.580469 0.359375 0.579687 0.359375 0.578125 0.358333 0.577344 0.358333 0.576562 0.357292 0.575781 0.357292 0.575 0.35625 0.574219 0.35625 0.571094 0.355208 0.570312 0.355208 0.567969 0.354167 0.567187 0.354167 0.564062 0.353125 0.563281 0.353125 0.557812 0.352083 0.557031 0.352083 0.554688 0.942167
0 0.576042 0.497656 0.576042 0.5 0.572917 0.502344 0.572917 0.503125 0.571875 0.503906 0.571875 0.505469 0.567708 0.508594 0.567708 0.509375 0.565625 0.510937 0.564583 0.510937 0.564583 0.511719 0.554167 0.519531 0.553125 0.519531 0.547917 0.523438 0.546875 0.523438 0.54375 0.525781 0.542708 0.525781 0.541667 0.526562 0.539583 0.526562 0.5375 0.528125 0.536458 0.528125 0.535417 0.528906 0.534375 0.528906 0.532292 0.530469 0.53125 0.530469 0.529167 0.532031 0.527083 0.532031 0.526042 0.532812 0.522917 0.532812 0.521875 0.533594 0.519792 0.533594 0.51875 0.534375 0.516667 0.534375 0.515625 0.535156 0.514583 0.535156 0.513542 0.535937 0.510417 0.535937 0.509375 0.536719 0.505208 0.536719 0.504167 0.5375 0.502083 0.5375 0.501042 0.538281 0.496875 0.538281 0.495833 0.539062 0.485417 0.539062 0.484375 0.539844 0.477083 0.539844 0.476042 0.540625 0.452083 0.540625 0.451042 0.539844 0.444792 0.539844 0.44375 0.539062 0.434375 0.539062 0.433333 0.538281 0.430208 0.538281 0.429167 0.5375 0.427083 0.5375 0.426042 0.536719 0.422917 0.536719 0.421875 0.535937 0.417708 0.535937 0.416667 0.535156 0.414583 0.535156 0.413542 0.534375 0.4125 0.534375 0.411458 0.533594 0.410417 0.533594 0.409375 0.532812 0.40625 0.532812 0.405208 0.532031 0.404167 0.532031 0.403125 0.53125 0.402083 0.53125 0.401042 0.530469 0.398958 0.530469 0.397917 0.529687 0.396875 0.529687 0.394792 0.528125 0.392708 0.528125 0.391667 0.527344 0.390625 0.527344 0.389583 0.526562 0.388542 0.526562 0.386458 0.525 0.384375 0.525 0.383333 0.524219 0.382292 0.524219 0.380208 0.522656 0.379167 0.522656 0.376042 0.520312 0.375 0.520312 0.373958 0.519531 0.372917 0.519531 0.360417 0.510156 0.360417 0.509375 0.357292 0.507031 0.357292 0.505469 0.35625 0.504687 0.35625 0.503906 0.35625 0.510156 0.358333 0.511719 0.358333 0.513281 0.3625 0.516406 0.3625 0.517188 0.367708 0.521094 0.367708 0.521875 0.369792 0.523438 0.370833 0.523438 0.371875 0.524219 0.372917 0.524219 0.375 0.525781 0.375 0.526562 0.376042 0.526562 0.378125 0.528125 0.379167 0.528125 0.38125 0.529687 0.382292 0.529687 0.385417 0.532031 0.386458 0.532031 0.388542 0.533594 0.390625 0.533594 0.392708 0.535156 0.39375 0.535156 0.394792 0.535937 0.396875 0.535937 0.397917 0.536719 0.398958 0.536719 0.4 0.5375 0.401042 0.5375 0.402083 0.538281 0.403125 0.538281 0.404167 0.539062 0.40625 0.539062 0.407292 0.539844 0.408333 0.539844 0.409375 0.540625 0.411458 0.540625 0.4125 0.541406 0.414583 0.541406 0.415625 0.542187 0.416667 0.542187 0.417708 0.542969 0.419792 0.542969 0.420833 0.54375 0.423958 0.54375 0.425 0.544531 0.429167 0.544531 0.430208 0.545312 0.433333 0.545312 0.434375 0.546094 0.436458 0.546094 0.4375 0.546875 0.441667 0.546875 0.442708 0.547656 0.452083 0.547656 0.453125 0.548437 0.483333 0.548437 0.484375 0.547656 0.488542 0.547656 0.489583 0.546875 0.492708 0.546875 0.49375 0.546094 0.495833 0.546094 0.496875 0.545312 0.5 0.545312 0.501042 0.544531 0.50625 0.544531 0.507292 0.54375 0.510417 0.54375 0.511458 0.542969 0.5125 0.542969 0.513542 0.542187 0.515625 0.542187 0.516667 0.541406 0.519792 0.541406 0.520833 0.540625 0.522917 0.540625 0.523958 0.539844 0.525 0.539844 0.526042 0.539062 0.527083 0.539062 0.528125 0.538281 0.53125 0.538281 0.532292 0.5375 0.534375 0.5375 0.536458 0.535937 0.5375 0.535937 0.539583 0.534375 0.540625 0.534375 0.541667 0.533594 0.542708 0.533594 0.545833 0.53125 0.546875 0.53125 0.551042 0.528125 0.552083 0.528125 0.553125 0.527344 0.554167 0.527344 0.55625 0.525781 0.558333 0.525781 0.559375 0.526562 0.560417 0.525781 0.560417 0.524219 0.561458 0.523438 0.5625 0.523438 0.564583 0.521875 0.564583 0.521094 0.570833 0.516406 0.570833 0.515625 0.572917 0.514062 0.572917 0.511719 0.573958 0.510937 0.573958 0.509375 0.575 0.508594 0.575 0.507031 0.576042 0.50625 0.940931
0 0.571875 0.529687 0.571875 0.529687 0.569792 0.532031 0.56875 0.532031 0.56875 0.532812 0.567708 0.533594 0.567708 0.534375 0.566667 0.535156 0.564583 0.535156 0.563542 0.535937 0.563542 0.536719 0.55625 0.542187 0.555208 0.542187 0.548958 0.546875 0.547917 0.546875 0.544792 0.549219 0.54375 0.549219 0.541667 0.550781 0.540625 0.550781 0.538542 0.552344 0.5375 0.552344 0.536458 0.553125 0.535417 0.553125 0.534375 0.553906 0.533333 0.553906 0.532292 0.554688 0.53125 0.554688 0.530208 0.555469 0.529167 0.555469 0.528125 0.55625 0.526042 0.55625 0.525 0.557031 0.523958 0.557031 0.522917 0.557812 0.521875 0.557812 0.520833 0.558594 0.51875 0.558594 0.517708 0.559375 0.516667 0.559375 0.515625 0.560156 0.513542 0.560156 0.5125 0.560937 0.509375 0.560937 0.508333 0.561719 0.505208 0.561719 0.504167 0.5625 0.502083 0.5625 0.501042 0.563281 0.498958 0.563281 0.497917 0.564062 0.491667 0.564062 0.490625 0.564844 0.482292 0.564844 0.48125 0.565625 0.453125 0.565625 0.452083 0.564844 0.439583 0.564844 0.438542 0.564062 0.434375 0.564062 0.433333 0.563281 0.430208 0.563281 0.429167 0.5625 0.427083 0.5625 0.426042 0.561719 0.422917 0.561719 0.421875 0.560937 0.41875 0.560937 0.417708 0.560156 0.416667 0.560156 0.415625 0.559375 0.414583 0.559375 0.413542 0.558594 0.411458 0.558594 0.410417 0.557812 0.408333 0.557812 0.407292 0.557031 0.405208 0.557031 0.404167 0.55625 0.403125 0.55625 0.402083 0.555469 0.401042 0.555469 0.4 0.554688 0.398958 0.554688 0.397917 0.553906 0.396875 0.553906 0.395833 0.553125 0.394792 0.553125 0.391667 0.550781 0.390625 0.550781 0.389583 0.55 0.388542 0.55 0.3875 0.549219 0.386458 0.549219 0.385417 0.548437 0.384375 0.548437 0.380208 0.545312 0.379167 0.545312 0.367708 0.536719 0.367708 0.535937 0.366667 0.535937 0.364583 0.534375 0.364583 0.532812 0.361458 0.530469 0.361458 0.529687 0.360417 0.528906 0.360417 0.527344 0.359375 0.526562 0.359375 0.525781 0.359375 0.533594 0.361458 0.535156 0.361458 0.535937 0.363542 0.5375 0.363542 0.538281 0.365625 0.539844 0.365625 0.540625 0.369792 0.54375 0.369792 0.544531 0.370833 0.545312 0.370833 0.546094 0.371875 0.546875 0.372917 0.546875 0.373958 0.547656 0.373958 0.548437 0.379167 0.552344 0.380208 0.552344 0.383333 0.554688 0.384375 0.554688 0.386458 0.55625 0.3875 0.55625 0.389583 0.557812 0.390625 0.557812 0.392708 0.559375 0.39375 0.559375 0.395833 0.560937 0.396875 0.560937 0.397917 0.561719 0.398958 0.561719 0.4 0.5625 0.401042 0.5625 0.402083 0.563281 0.403125 0.563281 0.404167 0.564062 0.405208 0.564062 0.40625 0.564844 0.407292 0.564844 0.408333 0.565625 0.410417 0.565625 0.411458 0.566406 0.4125 0.566406 0.413542 0.567187 0.415625 0.567187 0.416667 0.567969 0.417708 0.567969 0.41875 0.56875 0.421875 0.56875 0.422917 0.569531 0.426042 0.569531 0.427083 0.570312 0.429167 0.570312 0.430208 0.571094 0.433333 0.571094 0.434375 0.571875 0.439583 0.571875 0.440625 0.572656 0.445833 0.572656 0.446875 0.573437 0.453125 0.573437 0.454167 0.574219 0.479167 0.574219 0.480208 0.573437 0.486458 0.573437 0.4875 0.572656 0.491667 0.572656 0.492708 0.571875 0.496875 0.571875 0.497917 0.571094 0.501042 0.571094 0.502083 0.570312 0.504167 0.570312 0.505208 0.569531 0.507292 0.569531 0.508333 0.56875 0.510417 0.56875 0.511458 0.567969 0.513542 0.567969 0.514583 0.567187 0.516667 0.567187 0.517708 0.566406 0.51875 0.566406 0.519792 0.565625 0.520833 0.565625 0.521875 0.564844 0.523958 0.564844 0.525 0.564062 0.526042 0.564062 0.527083 0.563281 0.528125 0.563281 0.529167 0.5625 0.530208 0.5625 0.53125 0.561719 0.532292 0.561719 0.533333 0.560937 0.534375 0.560937 0.536458 0.559375 0.5375 0.559375 0.538542 0.558594 0.539583 0.558594 0.542708 0.55625 0.54375 0.55625 0.546875 0.553906 0.547917 0.553906 0.561458 0.54375 0.561458 0.542969 0.567708 0.538281 0.567708 0.535156 0.56875 0.534375 0.56875 0.533594 0.569792 0.532812 0.569792 0.532031 0.938947
0 0.55625 0.591406 0.55625 0.592187 0.555208 0.592969 0.555208 0.595312 0.554167 0.596094 0.554167 0.596875 0.553125 0.597656 0.552083 0.597656 0.552083 0.598437 0.551042 0.599219 0.551042 0.6 0.55 0.600781 0.55 0.602344 0.546875 0.604687 0.546875 0.60625 0.544792 0.607812 0.544792 0.608594 0.5375 0.614062 0.5375 0.614844 0.535417 0.616406 0.534375 0.616406 0.529167 0.620312 0.528125 0.620312 0.525 0.622656 0.523958 0.622656 0.520833 0.625 0.519792 0.625 0.51875 0.625781 0.517708 0.625781 0.516667 0.626562 0.515625 0.626562 0.513542 0.628125 0.5125 0.628125 0.511458 0.628906 0.509375 0.628906 0.508333 0.629687 0.507292 0.629687 0.50625 0.630469 0.505208 0.630469 0.504167 0.63125 0.503125 0.63125 0.502083 0.632031 0.498958 0.632031 0.497917 0.632812 0.495833 0.632812 0.494792 0.633594 0.49375 0.633594 0.492708 0.634375 0.490625 0.634375 0.489583 0.635156 0.483333 0.635156 0.482292 0.635937 0.479167 0.635937 0.478125 0.636719 0.475 0.636719 0.473958 0.6375 0.464583 0.6375 0.463542 0.638281 0.442708 0.638281 0.441667 0.6375 0.433333 0.6375 0.432292 0.636719 0.429167 0.636719 0.428125 0.635937 0.425 0.635937 0.423958 0.635156 0.419792 0.635156 0.41875 0.634375 0.415625 0.634375 0.414583 0.633594 0.4125 0.633594 0.411458 0.632812 0.410417 0.632812 0.409375 0.632031 0.40625 0.632031 0.405208 0.63125 0.403125 0.63125 0.402083 0.630469 0.401042 0.630469 0.4 0.629687 0.398958 0.629687 0.397917 0.628906 0.395833 0.628906 0.394792 0.628125 0.39375 0.628125 0.391667 0.626562 0.390625 0.626562 0.389583 0.625781 0.388542 0.625781 0.385417 0.623437 0.384375 0.623437 0.38125 0.621094 0.380208 0.621094 0.373958 0.616406 0.372917 0.616406 0.36875 0.613281 0.36875 0.6125 0.364583 0.609375 0.364583 0.608594 0.360417 0.605469 0.360417 0.603906 0.359375 0.603906 0.357292 0.602344 0.357292 0.601562 0.35625 0.600781 0.35625 0.598437 0.35625 0.603125 0.357292 0.603906 0.357292 0.604687 0.358333 0.605469 0.358333 0.607812 0.359375 0.608594 0.359375 0.610156 0.360417 0.610937 0.360417 0.611719 0.361458 0.6125 0.361458 0.613281 0.3625 0.614062 0.3625 0.614844 0.363542 0.615625 0.363542 0.616406 0.365625 0.617969 0.365625 0.61875 0.371875 0.623437 0.372917 0.623437 0.377083 0.626562 0.378125 0.626562 0.383333 0.630469 0.384375 0.630469 0.388542 0.633594 0.389583 0.633594 0.390625 0.634375 0.391667 0.634375 0.39375 0.635937 0.394792 0.635937 0.396875 0.6375 0.397917 0.6375 0.398958 0.638281 0.4 0.638281 0.401042 0.639062 0.403125 0.639062 0.404167 0.639844 0.405208 0.639844 0.40625 0.640625 0.408333 0.640625 0.409375 0.641406 0.411458 0.641406 0.4125 0.642187 0.413542 0.642187 0.414583 0.642969 0.416667 0.642969 0.417708 0.64375 0.420833 0.64375 0.421875 0.644531 0.427083 0.644531 0.428125 0.645312 0.430208 0.645312 0.43125 0.646094 0.433333 0.646094 0.434375 0.646875 0.44375 0.646875 0.444792 0.647656 0.458333 0.647656 0.459375 0.646875 0.472917 0.646875 0.473958 0.646094 0.478125 0.646094 0.479167 0.645312 0.482292 0.645312 0.483333 0.644531 0.488542 0.644531 0.489583 0.64375 0.492708 0.64375 0.49375 0.642969 0.494792 0.642969 0.495833 0.642187 0.497917 0.642187 0.498958 0.641406 0.501042 0.641406 0.502083 0.640625 0.504167 0.640625 0.505208 0.639844 0.50625 0.639844 0.507292 0.639062 0.508333 0.639062 0.509375 0.638281 0.510417 0.638281 0.511458 0.6375 0.513542 0.6375 0.515625 0.635937 0.516667 0.635937 0.51875 0.634375 0.519792 0.634375 0.521875 0.632812 0.522917 0.632812 0.523958 0.632031 0.525 0.632031 0.529167 0.628906 0.530208 0.628906 0.542708 0.619531 0.542708 0.61875 0.544792 0.617188 0.544792 0.616406 0.546875 0.614844 0.546875 0.614062 0.547917 0.613281 0.547917 0.6125 0.55 0.610937 0.55 0.610156 0.552083 0.608594 0.552083 0.607031 0.553125 0.60625 0.553125 0.604687 0.554167 0.603906 0.554167 0.603125 0.555208 0.602344 0.555208 0.601562 0.55625 0.600781 0.55625 0.599219 0.557292 0.598437 0.557292 0.592187 0.93141
0 0.56875 0.536719 0.56875 0.5375 0.567708 0.538281 0.567708 0.539844 0.565625 0.541406 0.564583 0.541406 0.564583 0.542187 0.563542 0.542969 0.563542 0.54375 0.561458 0.545312 0.560417 0.545312 0.560417 0.546094 0.553125 0.551562 0.552083 0.551562 0.544792 0.557031 0.54375 0.557031 0.540625 0.559375 0.539583 0.559375 0.538542 0.560156 0.5375 0.560156 0.536458 0.560937 0.535417 0.560937 0.533333 0.5625 0.532292 0.5625 0.53125 0.563281 0.530208 0.563281 0.529167 0.564062 0.527083 0.564062 0.525 0.565625 0.523958 0.565625 0.522917 0.566406 0.520833 0.566406 0.519792 0.567187 0.517708 0.567187 0.516667 0.567969 0.515625 0.567969 0.514583 0.56875 0.5125 0.56875 0.511458 0.569531 0.508333 0.569531 0.507292 0.570312 0.505208 0.570312 0.504167 0.571094 0.503125 0.571094 0.502083 0.571875 0.498958 0.571875 0.497917 0.572656 0.490625 0.572656 0.489583 0.573437 0.485417 0.573437 0.484375 0.574219 0.475 0.574219 0.473958 0.575 0.458333 0.575 0.457292 0.574219 0.447917 0.574219 0.446875 0.573437 0.442708 0.573437 0.441667 0.572656 0.435417 0.572656 0.434375 0.571875 0.429167 0.571875 0.428125 0.571094 0.426042 0.571094 0.425 0.570312 0.423958 0.570312 0.422917 0.569531 0.41875 0.569531 0.417708 0.56875 0.415625 0.56875 0.414583 0.567969 0.413542 0.567969 0.4125 0.567187 0.411458 0.567187 0.410417 0.566406 0.408333 0.566406 0.407292 0.565625 0.405208 0.565625 0.404167 0.564844 0.403125 0.564844 0.401042 0.563281 0.4 0.563281 0.398958 0.5625 0.397917 0.5625 0.396875 0.561719 0.395833 0.561719 0.39375 0.560156 0.392708 0.560156 0.391667 0.559375 0.390625 0.559375 0.3875 0.557031 0.386458 0.557031 0.384375 0.555469 0.383333 0.555469 0.38125 0.553906 0.380208 0.553906 0.36875 0.545312 0.36875 0.544531 0.364583 0.541406 0.364583 0.540625 0.361458 0.538281 0.361458 0.547656 0.3625 0.548437 0.3625 0.549219 0.365625 0.551562 0.365625 0.552344 0.383333 0.565625 0.384375 0.565625 0.386458 0.567187 0.3875 0.567187 0.389583 0.56875 0.390625 0.56875 0.392708 0.570312 0.39375 0.570312 0.394792 0.571094 0.395833 0.571094 0.397917 0.572656 0.398958 0.572656 0.4 0.573437 0.402083 0.573437 0.404167 0.575 0.40625 0.575 0.407292 0.575781 0.409375 0.575781 0.410417 0.576562 0.411458 0.576562 0.4125 0.577344 0.413542 0.577344 0.414583 0.578125 0.416667 0.578125 0.417708 0.578906 0.420833 0.578906 0.421875 0.579687 0.425 0.579687 0.426042 0.580469 0.428125 0.580469 0.429167 0.58125 0.433333 0.58125 0.434375 0.582031 0.438542 0.582031 0.439583 0.582812 0.490625 0.582812 0.491667 0.582031 0.494792 0.582031 0.495833 0.58125 0.497917 0.58125 0.498958 0.580469 0.502083 0.580469 0.503125 0.579687 0.50625 0.579687 0.507292 0.578906 0.510417 0.578906 0.511458 0.578125 0.5125 0.578125 0.513542 0.577344 0.515625 0.577344 0.516667 0.576562 0.517708 0.576562 0.51875 0.575781 0.519792 0.575781 0.520833 0.575 0.522917 0.575 0.523958 0.574219 0.525 0.574219 0.526042 0.573437 0.527083 0.573437 0.528125 0.572656 0.529167 0.572656 0.530208 0.571875 0.53125 0.571875 0.533333 0.570312 0.534375 0.570312 0.535417 0.569531 0.536458 0.569531 0.538542 0.567969 0.539583 0.567969 0.541667 0.566406 0.542708 0.566406 0.5625 0.551562 0.5625 0.550781 0.563542 0.55 0.563542 0.549219 0.564583 0.548437 0.564583 0.547656 0.565625 0.546875 0.565625 0.546094 0.566667 0.545312 0.566667 0.544531 0.567708 0.54375 0.567708 0.542187 0.56875 0.541406 0.928312
0 0.354167 0.559375 0.354167 0.566406 0.355208 0.567187 0.355208 0.56875 0.35625 0.569531 0.35625 0.570312 0.357292 0.571094 0.357292 0.571875 0.358333 0.572656 0.358333 0.574219 0.359375 0.575 0.359375 0.576562 0.360417 0.577344 0.360417 0.578906 0.361458 0.579687 0.361458 0.580469 0.3625 0.58125 0.3625 0.582031 0.364583 0.583594 0.364583 0.584375 0.365625 0.585156 0.365625 0.585938 0.36875 0.588281 0.36875 0.589062 0.369792 0.589844 0.370833 0.589844 0.380208 0.596875 0.38125 0.596875 0.383333 0.598437 0.384375 0.598437 0.386458 0.6 0.3875 0.6 0.388542 0.600781 0.389583 0.600781 0.391667 0.602344 0.392708 0.602344 0.39375 0.603125 0.394792 0.603125 0.395833 0.603906 0.396875 0.603906 0.397917 0.604687 0.398958 0.604687 0.4 0.605469 0.401042 0.605469 0.402083 0.60625 0.403125 0.60625 0.404167 0.607031 0.405208 0.607031 0.40625 0.607812 0.408333 0.607812 0.409375 0.608594 0.411458 0.608594 0.4125 0.609375 0.413542 0.609375 0.414583 0.610156 0.416667 0.610156 0.417708 0.610937 0.420833 0.610937 0.421875 0.611719 0.423958 0.611719 0.425 0.6125 0.428125 0.6125 0.429167 0.613281 0.434375 0.613281 0.435417 0.614062 0.440625 0.614062 0.441667 0.614844 0.454167 0.614844 0.455208 0.615625 0.459375 0.615625 0.460417 0.614844 0.473958 0.614844 0.475 0.614062 0.48125 0.614062 0.482292 0.613281 0.488542 0.613281 0.489583 0.6125 0.492708 0.6125 0.49375 0.611719 0.495833 0.611719 0.496875 0.610937 0.498958 0.610937 0.5 0.610156 0.503125 0.610156 0.504167 0.609375 0.50625 0.609375 0.507292 0.608594 0.508333 0.608594 0.509375 0.607812 0.511458 0.607812 0.5125 0.607031 0.513542 0.607031 0.514583 0.60625 0.515625 0.60625 0.516667 0.605469 0.517708 0.605469 0.51875 0.604687 0.519792 0.604687 0.520833 0.603906 0.521875 0.603906 0.522917 0.603125 0.523958 0.603125 0.525 0.602344 0.526042 0.602344 0.528125 0.600781 0.529167 0.600781 0.530208 0.6 0.53125 0.6 0.534375 0.597656 0.535417 0.597656 0.538542 0.595312 0.539583 0.595312 0.55 0.5875 0.55 0.586719 0.551042 0.585938 0.551042 0.585156 0.555208 0.582031 0.555208 0.58125 0.557292 0.579687 0.557292 0.578906 0.558333 0.578125 0.558333 0.577344 0.559375 0.576562 0.559375 0.575781 0.560417 0.575 0.560417 0.567969 0.559375 0.56875 0.559375 0.569531 0.558333 0.570312 0.558333 0.571094 0.555208 0.573437 0.555208 0.574219 0.551042 0.577344 0.551042 0.578125 0.540625 0.585938 0.539583 0.585938 0.533333 0.590625 0.532292 0.590625 0.530208 0.592187 0.529167 0.592187 0.528125 0.592969 0.526042 0.592969 0.523958 0.594531 0.522917 0.594531 0.521875 0.595312 0.520833 0.595312 0.519792 0.596094 0.51875 0.596094 0.517708 0.596875 0.516667 0.596875 0.515625 0.597656 0.514583 0.597656 0.513542 0.598437 0.511458 0.598437 0.510417 0.599219 0.508333 0.599219 0.507292 0.6 0.505208 0.6 0.504167 0.600781 0.502083 0.600781 0.501042 0.601562 0.497917 0.601562 0.496875 0.602344 0.49375 0.602344 0.492708 0.603125 0.490625 0.603125 0.489583 0.603906 0.485417 0.603906 0.484375 0.604687 0.476042 0.604687 0.475 0.605469 0.448958 0.605469 0.447917 0.604687 0.436458 0.604687 0.435417 0.603906 0.430208 0.603906 0.429167 0.603125 0.427083 0.603125 0.426042 0.602344 0.423958 0.602344 0.422917 0.601562 0.419792 0.601562 0.41875 0.600781 0.416667 0.600781 0.415625 0.6 0.413542 0.6 0.4125 0.599219 0.411458 0.599219 0.410417 0.598437 0.408333 0.598437 0.407292 0.597656 0.405208 0.597656 0.404167 0.596875 0.403125 0.596875 0.402083 0.596094 0.401042 0.596094 0.4 0.595312 0.398958 0.595312 0.397917 0.594531 0.396875 0.594531 0.395833 0.59375 0.394792 0.59375 0.392708 0.592187 0.391667 0.592187 0.390625 0.591406 0.389583 0.591406 0.388542 0.590625 0.3875 0.590625 0.385417 0.589062 0.384375 0.589062 0.379167 0.585156 0.378125 0.585156 0.36875 0.578125 0.36875 0.577344 0.364583 0.574219 0.364583 0.573437 0.361458 0.571094 0.361458 0.569531 0.360417 0.56875 0.360417 0.567969 0.358333 0.566406 0.357292 0.566406 0.35625 0.565625 0.35625 0.5625 0.355208 0.561719 0.355208 0.560156 0.922655
0 0.55625 0.584375 0.555208 0.585156 0.555208 0.586719 0.554167 0.5875 0.554167 0.588281 0.551042 0.590625 0.551042 0.591406 0.55 0.592187 0.55 0.592969 0.546875 0.595312 0.546875 0.596094 0.541667 0.6 0.541667 0.600781 0.535417 0.605469 0.534375 0.605469 0.528125 0.610156 0.527083 0.610156 0.523958 0.6125 0.522917 0.6125 0.521875 0.613281 0.520833 0.613281 0.519792 0.614062 0.51875 0.614062 0.516667 0.615625 0.515625 0.615625 0.514583 0.616406 0.513542 0.616406 0.5125 0.617188 0.511458 0.617188 0.510417 0.617969 0.509375 0.617969 0.508333 0.61875 0.507292 0.61875 0.50625 0.619531 0.504167 0.619531 0.503125 0.620312 0.502083 0.620312 0.501042 0.621094 0.5 0.621094 0.498958 0.621875 0.496875 0.621875 0.495833 0.622656 0.49375 0.622656 0.492708 0.623437 0.490625 0.623437 0.489583 0.624219 0.485417 0.624219 0.484375 0.625 0.480208 0.625 0.479167 0.625781 0.473958 0.625781 0.472917 0.626562 0.466667 0.626562 0.465625 0.627344 0.442708 0.627344 0.441667 0.626562 0.434375 0.626562 0.433333 0.625781 0.430208 0.625781 0.429167 0.625 0.425 0.625 0.423958 0.624219 0.419792 0.624219 0.41875 0.623437 0.415625 0.623437 0.414583 0.622656 0.4125 0.622656 0.411458 0.621875 0.409375 0.621875 0.408333 0.621094 0.40625 0.621094 0.405208 0.620312 0.403125 0.620312 0.402083 0.619531 0.401042 0.619531 0.4 0.61875 0.398958 0.61875 0.397917 0.617969 0.395833 0.617969 0.394792 0.617188 0.39375 0.617188 0.392708 0.616406 0.391667 0.616406 0.390625 0.615625 0.389583 0.615625 0.3875 0.614062 0.386458 0.614062 0.384375 0.6125 0.383333 0.6125 0.38125 0.610937 0.380208 0.610937 0.376042 0.607812 0.375 0.607812 0.3625 0.598437 0.3625 0.597656 0.35625 0.592969 0.35625 0.591406 0.355208 0.590625 0.354167 0.590625 0.353125 0.589844 0.353125 0.589062 0.352083 0.588281 0.352083 0.586719 0.352083 0.591406 0.353125 0.592187 0.353125 0.592969 0.354167 0.59375 0.354167 0.595312 0.35625 0.596875 0.35625 0.597656 0.357292 0.598437 0.357292 0.6 0.358333 0.600781 0.358333 0.601562 0.361458 0.603906 0.361458 0.604687 0.363542 0.60625 0.363542 0.607031 0.366667 0.609375 0.366667 0.610156 0.370833 0.613281 0.370833 0.614062 0.371875 0.614844 0.372917 0.614844 0.378125 0.61875 0.379167 0.61875 0.382292 0.621094 0.383333 0.621094 0.3875 0.624219 0.388542 0.624219 0.389583 0.625 0.390625 0.625 0.392708 0.626562 0.39375 0.626562 0.394792 0.627344 0.395833 0.627344 0.396875 0.628125 0.398958 0.628125 0.4 0.628906 0.401042 0.628906 0.402083 0.629687 0.403125 0.629687 0.404167 0.630469 0.40625 0.630469 0.407292 0.63125 0.409375 0.63125 0.410417 0.632031 0.4125 0.632031 0.413542 0.632812 0.415625 0.632812 0.416667 0.633594 0.41875 0.633594 0.419792 0.634375 0.423958 0.634375 0.425 0.635156 0.428125 0.635156 0.429167 0.635937 0.434375 0.635937 0.435417 0.636719 0.444792 0.636719 0.445833 0.6375 0.461458 0.6375 0.4625 0.636719 0.472917 0.636719 0.473958 0.635937 0.477083 0.635937 0.478125 0.635156 0.482292 0.635156 0.483333 0.634375 0.4875 0.634375 0.488542 0.633594 0.491667 0.633594 0.492708 0.632812 0.494792 0.632812 0.495833 0.632031 0.497917 0.632031 0.498958 0.63125 0.501042 0.63125 0.502083 0.630469 0.503125 0.630469 0.504167 0.629687 0.505208 0.629687 0.50625 0.628906 0.507292 0.628906 0.508333 0.628125 0.510417 0.628125 0.511458 0.627344 0.5125 0.627344 0.513542 0.626562 0.514583 0.626562 0.515625 0.625781 0.516667 0.625781 0.517708 0.625 0.51875 0.625 0.520833 0.623437 0.521875 0.623437 0.525 0.621094 0.526042 0.621094 0.527083 0.620312 0.528125 0.620312 0.534375 0.615625 0.535417 0.615625 0.5375 0.614062 0.5375 0.613281 0.541667 0.610156 0.541667 0.609375 0.544792 0.607031 0.544792 0.60625 0.545833 0.605469 0.545833 0.604687 0.547917 0.603125 0.547917 0.602344 0.548958 0.601562 0.548958 0.600781 0.55 0.6 0.55 0.598437 0.553125 0.596094 0.553125 0.595312 0.554167 0.594531 0.554167 0.591406 0.55625 0.589844 0.832598
0 0.559375 0.585156 0.559375 0.586719 0.558333 0.5875 0.558333 0.596875 0.557292 0.597656 0.557292 0.6 0.55625 0.600781 0.55625 0.601562 0.555208 0.602344 0.555208 0.603906 0.554167 0.604687 0.554167 0.60625 0.553125 0.607031 0.553125 0.607812 0.552083 0.608594 0.552083 0.609375 0.551042 0.610156 0.551042 0.610937 0.55 0.611719 0.55 0.6125 0.547917 0.614062 0.547917 0.614844 0.545833 0.616406 0.545833 0.617188 0.54375 0.61875 0.54375 0.619531 0.528125 0.63125 0.527083 0.63125 0.526042 0.632031 0.525 0.632031 0.522917 0.633594 0.521875 0.633594 0.519792 0.635156 0.51875 0.635156 0.516667 0.636719 0.515625 0.636719 0.513542 0.638281 0.511458 0.638281 0.510417 0.639062 0.509375 0.639062 0.508333 0.639844 0.507292 0.639844 0.50625 0.640625 0.505208 0.640625 0.504167 0.641406 0.502083 0.641406 0.501042 0.642187 0.497917 0.642187 0.496875 0.642969 0.495833 0.642969 0.494792 0.64375 0.492708 0.64375 0.491667 0.644531 0.488542 0.644531 0.4875 0.645312 0.482292 0.645312 0.48125 0.646094 0.476042 0.646094 0.475 0.646875 0.470833 0.646875 0.469792 0.647656 0.436458 0.647656 0.435417 0.646875 0.432292 0.646875 0.43125 0.646094 0.429167 0.646094 0.428125 0.645312 0.421875 0.645312 0.420833 0.644531 0.417708 0.644531 0.416667 0.64375 0.415625 0.64375 0.414583 0.642969 0.4125 0.642969 0.411458 0.642187 0.408333 0.642187 0.407292 0.641406 0.405208 0.641406 0.404167 0.640625 0.403125 0.640625 0.402083 0.639844 0.401042 0.639844 0.4 0.639062 0.398958 0.639062 0.397917 0.638281 0.396875 0.638281 0.395833 0.6375 0.394792 0.6375 0.392708 0.635937 0.391667 0.635937 0.390625 0.635156 0.389583 0.635156 0.3875 0.633594 0.386458 0.633594 0.38125 0.629687 0.380208 0.629687 0.377083 0.627344 0.376042 0.627344 0.372917 0.625 0.371875 0.625 0.371875 0.627344 0.373958 0.628906 0.373958 0.629687 0.375 0.629687 0.376042 0.630469 0.376042 0.63125 0.383333 0.636719 0.384375 0.636719 0.389583 0.640625 0.390625 0.640625 0.39375 0.642969 0.394792 0.642969 0.396875 0.644531 0.397917 0.644531 0.4 0.646094 0.401042 0.646094 0.402083 0.646875 0.403125 0.646875 0.404167 0.647656 0.405208 0.647656 0.407292 0.649219 0.408333 0.649219 0.409375 0.65 0.411458 0.65 0.4125 0.650781 0.414583 0.650781 0.415625 0.651562 0.416667 0.651562 0.417708 0.652344 0.41875 0.652344 0.419792 0.653125 0.421875 0.653125 0.422917 0.653906 0.427083 0.653906 0.428125 0.654687 0.43125 0.654687 0.432292 0.655469 0.485417 0.655469 0.486458 0.654687 0.490625 0.654687 0.491667 0.653906 0.494792 0.653906 0.495833 0.653125 0.496875 0.653125 0.497917 0.652344 0.5 0.652344 0.501042 0.651562 0.502083 0.651562 0.503125 0.650781 0.505208 0.650781 0.50625 0.65 0.508333 0.65 0.509375 0.649219 0.510417 0.649219 0.511458 0.648438 0.5125 0.648438 0.513542 0.647656 0.514583 0.647656 0.516667 0.646094 0.517708 0.646094 0.51875 0.645312 0.519792 0.645312 0.520833 0.644531 0.521875 0.644531 0.522917 0.64375 0.523958 0.64375 0.526042 0.642187 0.527083 0.642187 0.528125 0.641406 0.529167 0.641406 0.533333 0.638281 0.534375 0.638281 0.538542 0.635156 0.539583 0.635156 0.542708 0.632812 0.542708 0.632031 0.55 0.626562 0.55 0.625781 0.552083 0.624219 0.552083 0.623437 0.553125 0.622656 0.553125 0.621875 0.554167 0.621094 0.554167 0.620312 0.555208 0.619531 0.555208 0.61875 0.55625 0.617969 0.55625 0.617188 0.557292 0.616406 0.557292 0.614844 0.558333 0.614062 0.558333 0.6125 0.559375 0.611719 0.559375 0.609375 0.560417 0.608594 0.560417 0.60625 0.561458 0.605469 0.561458 0.585156 0.805176
0 0.55625 0.584375 0.555208 0.585156 0.555208 0.586719 0.554167 0.5875 0.554167 0.588281 0.55 0.591406 0.55 0.592187 0.548958 0.592969 0.548958 0.59375 0.545833 0.596094 0.545833 0.596875 0.540625 0.600781 0.540625 0.601562 0.535417 0.605469 0.534375 0.605469 0.528125 0.610156 0.527083 0.610156 0.525 0.611719 0.523958 0.611719 0.522917 0.6125 0.521875 0.6125 0.519792 0.614062 0.51875 0.614062 0.517708 0.614844 0.516667 0.614844 0.515625 0.615625 0.514583 0.615625 0.513542 0.616406 0.5125 0.616406 0.511458 0.617188 0.510417 0.617188 0.508333 0.61875 0.50625 0.61875 0.505208 0.619531 0.504167 0.619531 0.503125 0.620312 0.502083 0.620312 0.501042 0.621094 0.5 0.621094 0.498958 0.621875 0.496875 0.621875 0.495833 0.622656 0.49375 0.622656 0.492708 0.623437 0.490625 0.623437 0.489583 0.624219 0.485417 0.624219 0.484375 0.625 0.480208 0.625 0.479167 0.625781 0.473958 0.625781 0.472917 0.626562 0.465625 0.626562 0.464583 0.627344 0.442708 0.627344 0.441667 0.626562 0.434375 0.626562 0.433333 0.625781 0.429167 0.625781 0.428125 0.625 0.425 0.625 0.423958 0.624219 0.419792 0.624219 0.41875 0.623437 0.415625 0.623437 0.414583 0.622656 0.4125 0.622656 0.411458 0.621875 0.409375 0.621875 0.408333 0.621094 0.40625 0.621094 0.405208 0.620312 0.403125 0.620312 0.402083 0.619531 0.401042 0.619531 0.4 0.61875 0.398958 0.61875 0.397917 0.617969 0.396875 0.617969 0.395833 0.617188 0.39375 0.617188 0.392708 0.616406 0.391667 0.616406 0.389583 0.614844 0.388542 0.614844 0.3875 0.614062 0.386458 0.614062 0.384375 0.6125 0.383333 0.6125 0.38125 0.610937 0.380208 0.610937 0.375 0.607031 0.373958 0.607031 0.364583 0.6 0.364583 0.599219 0.360417 0.596094 0.360417 0.595312 0.359375 0.594531 0.358333 0.594531 0.357292 0.59375 0.357292 0.592969 0.35625 0.592187 0.35625 0.591406 0.354167 0.589844 0.354167 0.594531 0.355208 0.595312 0.355208 0.596094 0.35625 0.596875 0.35625 0.597656 0.357292 0.598437 0.357292 0.599219 0.358333 0.6 0.358333 0.600781 0.359375 0.601562 0.359375 0.602344 0.361458 0.603906 0.361458 0.604687 0.363542 0.60625 0.363542 0.607031 0.366667 0.609375 0.366667 0.610156 0.370833 0.613281 0.370833 0.614062 0.371875 0.614844 0.372917 0.614844 0.377083 0.617969 0.378125 0.617969 0.382292 0.621094 0.383333 0.621094 0.3875 0.624219 0.388542 0.624219 0.389583 0.625 0.390625 0.625 0.392708 0.626562 0.39375 0.626562 0.394792 0.627344 0.395833 0.627344 0.396875 0.628125 0.398958 0.628125 0.4 0.628906 0.401042 0.628906 0.402083 0.629687 0.403125 0.629687 0.404167 0.630469 0.40625 0.630469 0.407292 0.63125 0.409375 0.63125 0.410417 0.632031 0.411458 0.632031 0.4125 0.632812 0.415625 0.632812 0.416667 0.633594 0.41875 0.633594 0.419792 0.634375 0.422917 0.634375 0.423958 0.635156 0.428125 0.635156 0.429167 0.635937 0.433333 0.635937 0.434375 0.636719 0.44375 0.636719 0.444792 0.6375 0.464583 0.6375 0.465625 0.636719 0.472917 0.636719 0.473958 0.635937 0.478125 0.635937 0.479167 0.635156 0.482292 0.635156 0.483333 0.634375 0.4875 0.634375 0.488542 0.633594 0.491667 0.633594 0.492708 0.632812 0.494792 0.632812 0.495833 0.632031 0.496875 0.632031 0.497917 0.63125 0.501042 0.63125 0.502083 0.630469 0.503125 0.630469 0.504167 0.629687 0.505208 0.629687 0.50625 0.628906 0.507292 0.628906 0.508333 0.628125 0.510417 0.628125 0.511458 0.627344 0.5125 0.627344 0.513542 0.626562 0.514583 0.626562 0.516667 0.625 0.517708 0.625 0.51875 0.624219 0.519792 0.624219 0.521875 0.622656 0.522917 0.622656 0.525 0.621094 0.526042 0.621094 0.528125 0.619531 0.529167 0.619531 0.540625 0.610937 0.540625 0.610156 0.54375 0.607812 0.54375 0.607031 0.545833 0.605469 0.545833 0.604687 0.547917 0.603125 0.547917 0.602344 0.548958 0.601562 0.548958 0.600781 0.55 0.6 0.55 0.598437 0.553125 0.596094 0.553125 0.594531 0.554167 0.59375 0.554167 0.591406 0.555208 0.590625 0.555208 0.589844 0.55625 0.589062 0.467203
