0 0.45625 0.514844 0.455208 0.515625 0.453125 0.515625 0.452083 0.516406 0.45 0.516406 0.448958 0.517188 0.447917 0.517188 0.446875 0.517969 0.445833 0.517969 0.444792 0.51875 0.442708 0.51875 0.441667 0.519531 0.440625 0.519531 0.439583 0.520312 0.438542 0.520312 0.4375 0.521094 0.436458 0.521094 0.435417 0.521875 0.434375 0.521875 0.432292 0.523438 0.43125 0.523438 0.430208 0.524219 0.429167 0.524219 0.426042 0.526562 0.425 0.526562 0.420833 0.529687 0.420833 0.530469 0.419792 0.53125 0.419792 0.55625 0.423958 0.559375 0.425 0.559375 0.427083 0.560937 0.428125 0.560937 0.432292 0.564062 0.433333 0.564062 0.434375 0.564844 0.436458 0.564844 0.4375 0.565625 0.438542 0.565625 0.440625 0.567187 0.441667 0.567187 0.442708 0.567969 0.444792 0.567969 0.445833 0.56875 0.446875 0.56875 0.447917 0.569531 0.448958 0.569531 0.45 0.570312 0.453125 0.570312 0.454167 0.571094 0.458333 0.571094 0.459375 0.571875 0.461458 0.571875 0.4625 0.572656 0.465625 0.572656 0.466667 0.573437 0.470833 0.573437 0.471875 0.574219 0.478125 0.574219 0.479167 0.575 0.547917 0.575 0.548958 0.574219 0.555208 0.574219 0.55625 0.573437 0.560417 0.573437 0.561458 0.572656 0.563542 0.572656 0.564583 0.571875 0.567708 0.571875 0.56875 0.571094 0.570833 0.571094 0.571875 0.570312 0.573958 0.570312 0.575 0.569531 0.577083 0.569531 0.578125 0.56875 0.579167 0.56875 0.580208 0.567969 0.582292 0.567969 0.583333 0.567187 0.584375 0.567187 0.585417 0.566406 0.586458 0.566406 0.5875 0.565625 0.588542 0.565625 0.590625 0.564062 0.591667 0.564062 0.592708 0.563281 0.59375 0.563281 0.603125 0.55625 0.603125 0.555469 0.604167 0.554688 0.604167 0.553906 0.605208 0.553125 0.605208 0.552344 0.60625 0.551562 0.60625 0.550781 0.607292 0.55 0.607292 0.538281 0.60625 0.5375 0.60625 0.535937 0.605208 0.535156 0.605208 0.534375 0.604167 0.533594 0.604167 0.532812 0.602083 0.53125 0.602083 0.530469 0.596875 0.526562 0.595833 0.526562 0.592708 0.524219 0.591667 0.524219 0.590625 0.523438 0.589583 0.523438 0.586458 0.521094 0.585417 0.521094 0.584375 0.520312 0.582292 0.520312 0.58125 0.519531 0.580208 0.519531 0.579167 0.51875 0.578125 0.51875 0.577083 0.517969 0.575 0.517969 0.573958 0.517188 0.571875 0.517188 0.570833 0.516406 0.569792 0.516406 0.56875 0.515625 0.567708 0.515625 0.566667 0.514844 0.98705
0 0.705208 0.413281 0.704167 0.414062 0.701042 0.414062 0.7 0.414844 0.696875 0.414844 0.695833 0.415625 0.694792 0.415625 0.69375 0.416406 0.692708 0.416406 0.691667 0.417187 0.689583 0.417187 0.688542 0.417969 0.6875 0.417969 0.684375 0.420312 0.683333 0.420312 0.68125 0.421875 0.68125 0.441406 0.686458 0.445312 0.6875 0.445312 0.688542 0.446094 0.689583 0.446094 0.691667 0.447656 0.692708 0.447656 0.69375 0.448437 0.694792 0.448437 0.695833 0.449219 0.696875 0.449219 0.697917 0.45 0.7 0.45 0.701042 0.450781 0.702083 0.450781 0.703125 0.451562 0.705208 0.451562 0.70625 0.452344 0.708333 0.452344 0.709375 0.453125 0.711458 0.453125 0.7125 0.453906 0.715625 0.453906 0.716667 0.454687 0.719792 0.454687 0.720833 0.455469 0.723958 0.455469 0.725 0.45625 0.728125 0.45625 0.729167 0.457031 0.733333 0.457031 0.734375 0.457812 0.739583 0.457812 0.740625 0.458594 0.744792 0.458594 0.745833 0.459375 0.752083 0.459375 0.753125 0.460156 0.7625 0.460156 0.763542 0.460937 0.846875 0.460937 0.847917 0.460156 0.854167 0.460156 0.855208 0.459375 0.858333 0.459375 0.859375 0.458594 0.863542 0.458594 0.864583 0.457812 0.867708 0.457812 0.86875 0.457031 0.870833 0.457031 0.871875 0.45625 0.873958 0.45625 0.875 0.455469 0.877083 0.455469 0.878125 0.454687 0.879167 0.454687 0.880208 0.453906 0.88125 0.453906 0.882292 0.453125 0.883333 0.453125 0.885417 0.451562 0.886458 0.451562 0.8875 0.450781 0.8875 0.45 0.891667 0.446875 0.891667 0.435156 0.890625 0.434375 0.890625 0.433594 0.883333 0.428125 0.882292 0.428125 0.880208 0.426562 0.879167 0.426562 0.877083 0.425 0.875 0.425 0.873958 0.424219 0.872917 0.424219 0.870833 0.422656 0.869792 0.422656 0.86875 0.421875 0.865625 0.421875 0.864583 0.421094 0.8625 0.421094 0.861458 0.420312 0.859375 0.420312 0.858333 0.419531 0.855208 0.419531 0.854167 0.41875 0.851042 0.41875 0.85 0.417969 0.847917 0.417969 0.846875 0.417187 0.844792 0.417187 0.84375 0.416406 0.840625 0.416406 0.839583 0.415625 0.836458 0.415625 0.835417 0.414844 0.83125 0.414844 0.830208 0.414062 0.826042 0.414062 0.825 0.413281 0.973618
0 0.216667 0.428125 0.215625 0.428906 0.213542 0.428906 0.2125 0.429688 0.208333 0.429688 0.207292 0.430469 0.203125 0.430469 0.202083 0.43125 0.2 0.43125 0.198958 0.432031 0.197917 0.432031 0.196875 0.432812 0.194792 0.432812 0.19375 0.433594 0.190625 0.433594 0.189583 0.434375 0.188542 0.434375 0.1875 0.435156 0.186458 0.435156 0.185417 0.435937 0.183333 0.435937 0.182292 0.436719 0.18125 0.436719 0.180208 0.4375 0.179167 0.4375 0.178125 0.438281 0.177083 0.438281 0.176042 0.439062 0.175 0.439062 0.173958 0.439844 0.172917 0.439844 0.170833 0.441406 0.169792 0.441406 0.163542 0.446094 0.163542 0.465625 0.16875 0.469531 0.169792 0.469531 0.170833 0.470312 0.171875 0.470312 0.172917 0.471094 0.175 0.471094 0.176042 0.471875 0.178125 0.471875 0.179167 0.472656 0.18125 0.472656 0.182292 0.473437 0.185417 0.473437 0.186458 0.474219 0.188542 0.474219 0.189583 0.475 0.191667 0.475 0.192708 0.475781 0.197917 0.475781 0.198958 0.476562 0.205208 0.476562 0.20625 0.477344 0.282292 0.477344 0.283333 0.476562 0.292708 0.476562 0.29375 0.475781 0.302083 0.475781 0.303125 0.475 0.307292 0.475 0.308333 0.474219 0.3125 0.474219 0.313542 0.473437 0.316667 0.473437 0.317708 0.472656 0.321875 0.472656 0.322917 0.471875 0.325 0.471875 0.326042 0.471094 0.329167 0.471094 0.330208 0.470312 0.332292 0.470312 0.333333 0.469531 0.336458 0.469531 0.3375 0.46875 0.339583 0.46875 0.340625 0.467969 0.341667 0.467969 0.342708 0.467187 0.34375 0.467187 0.344792 0.466406 0.346875 0.466406 0.347917 0.465625 0.348958 0.465625 0.351042 0.464062 0.352083 0.464062 0.353125 0.463281 0.354167 0.463281 0.357292 0.460937 0.358333 0.460937 0.359375 0.460156 0.359375 0.459375 0.360417 0.458594 0.360417 0.457812 0.361458 0.457031 0.361458 0.45625 0.3625 0.455469 0.3625 0.454687 0.363542 0.453906 0.363542 0.450781 0.364583 0.45 0.364583 0.442187 0.363542 0.441406 0.363542 0.440625 0.3625 0.439844 0.3625 0.439062 0.357292 0.435156 0.35625 0.435156 0.354167 0.433594 0.353125 0.433594 0.352083 0.432812 0.351042 0.432812 0.35 0.432031 0.348958 0.432031 0.347917 0.43125 0.346875 0.43125 0.345833 0.430469 0.34375 0.430469 0.342708 0.429688 0.340625 0.429688 0.339583 0.428906 0.338542 0.428906 0.3375 0.428125 0.970207
0 0.60625 0.566406 0.605208 0.567187 0.605208 0.567969 0.598958 0.572656 0.597917 0.572656 0.59375 0.575781 0.592708 0.575781 0.591667 0.576562 0.590625 0.576562 0.589583 0.577344 0.588542 0.577344 0.586458 0.578906 0.585417 0.578906 0.584375 0.579687 0.582292 0.579687 0.58125 0.580469 0.580208 0.580469 0.579167 0.58125 0.578125 0.58125 0.577083 0.582031 0.573958 0.582031 0.572917 0.582812 0.570833 0.582812 0.569792 0.583594 0.566667 0.583594 0.565625 0.584375 0.5625 0.584375 0.561458 0.585156 0.558333 0.585156 0.557292 0.585938 0.552083 0.585938 0.551042 0.586719 0.545833 0.586719 0.544792 0.5875 0.5375 0.5875 0.536458 0.588281 0.519792 0.588281 0.51875 0.589062 0.5125 0.589062 0.511458 0.588281 0.495833 0.588281 0.494792 0.5875 0.488542 0.5875 0.4875 0.586719 0.479167 0.586719 0.478125 0.585938 0.472917 0.585938 0.471875 0.585156 0.46875 0.585156 0.467708 0.584375 0.464583 0.584375 0.463542 0.583594 0.460417 0.583594 0.459375 0.582812 0.457292 0.582812 0.45625 0.582031 0.454167 0.582031 0.453125 0.58125 0.451042 0.58125 0.45 0.580469 0.448958 0.580469 0.447917 0.579687 0.445833 0.579687 0.444792 0.578906 0.44375 0.578906 0.442708 0.578125 0.441667 0.578125 0.440625 0.577344 0.439583 0.577344 0.4375 0.575781 0.436458 0.575781 0.434375 0.574219 0.433333 0.574219 0.430208 0.571875 0.429167 0.571875 0.426042 0.569531 0.426042 0.577344 0.43125 0.58125 0.432292 0.58125 0.434375 0.582812 0.435417 0.582812 0.438542 0.585156 0.439583 0.585156 0.440625 0.585938 0.441667 0.585938 0.442708 0.586719 0.44375 0.586719 0.444792 0.5875 0.445833 0.5875 0.446875 0.588281 0.448958 0.588281 0.45 0.589062 0.451042 0.589062 0.452083 0.589844 0.453125 0.589844 0.454167 0.590625 0.455208 0.590625 0.45625 0.591406 0.459375 0.591406 0.460417 0.592187 0.461458 0.592187 0.4625 0.592969 0.464583 0.592969 0.465625 0.59375 0.467708 0.59375 0.46875 0.594531 0.472917 0.594531 0.473958 0.595312 0.478125 0.595312 0.479167 0.596094 0.482292 0.596094 0.483333 0.596875 0.4875 0.596875 0.488542 0.597656 0.498958 0.597656 0.5 0.598437 0.535417 0.598437 0.536458 0.597656 0.544792 0.597656 0.545833 0.596875 0.551042 0.596875 0.552083 0.596094 0.555208 0.596094 0.55625 0.595312 0.560417 0.595312 0.561458 0.594531 0.565625 0.594531 0.566667 0.59375 0.56875 0.59375 0.569792 0.592969 0.571875 0.592969 0.572917 0.592187 0.575 0.592187 0.576042 0.591406 0.578125 0.591406 0.579167 0.590625 0.58125 0.590625 0.582292 0.589844 0.583333 0.589844 0.584375 0.589062 0.585417 0.589062 0.586458 0.588281 0.5875 0.588281 0.588542 0.5875 0.589583 0.5875 0.590625 0.586719 0.591667 0.586719 0.59375 0.585156 0.594792 0.585156 0.597917 0.582812 0.598958 0.582812 0.602083 0.580469 0.602083 0.579687 0.605208 0.577344 0.605208 0.576562 0.60625 0.575781 0.946104
0 0.691667 0.529687 0.691667 0.538281 0.695833 0.541406 0.696875 0.541406 0.7 0.54375 0.701042 0.54375 0.702083 0.544531 0.703125 0.544531 0.704167 0.545312 0.705208 0.545312 0.707292 0.546875 0.708333 0.546875 0.709375 0.547656 0.711458 0.547656 0.7125 0.548437 0.713542 0.548437 0.714583 0.549219 0.715625 0.549219 0.716667 0.55 0.71875 0.55 0.719792 0.550781 0.722917 0.550781 0.723958 0.551562 0.725 0.551562 0.726042 0.552344 0.728125 0.552344 0.729167 0.553125 0.73125 0.553125 0.732292 0.553906 0.735417 0.553906 0.736458 0.554688 0.739583 0.554688 0.740625 0.555469 0.741667 0.555469 0.742708 0.55625 0.746875 0.55625 0.747917 0.557031 0.752083 0.557031 0.753125 0.557812 0.75625 0.557812 0.757292 0.558594 0.760417 0.558594 0.761458 0.559375 0.76875 0.559375 0.769792 0.560156 0.780208 0.560156 0.78125 0.560937 0.790625 0.560937 0.791667 0.561719 0.826042 0.561719 0.827083 0.560937 0.833333 0.560937 0.834375 0.560156 0.841667 0.560156 0.842708 0.559375 0.848958 0.559375 0.85 0.558594 0.852083 0.558594 0.853125 0.557812 0.855208 0.557812 0.85625 0.557031 0.860417 0.557031 0.861458 0.55625 0.864583 0.55625 0.866667 0.554688 0.867708 0.554688 0.86875 0.553906 0.869792 0.553906 0.870833 0.553125 0.871875 0.553125 0.872917 0.552344 0.873958 0.552344 0.875 0.551562 0.876042 0.551562 0.878125 0.55 0.879167 0.55 0.880208 0.549219 0.88125 0.549219 0.883333 0.547656 0.883333 0.5375 0.882292 0.538281 0.88125 0.538281 0.878125 0.540625 0.877083 0.540625 0.876042 0.541406 0.875 0.541406 0.873958 0.542187 0.872917 0.542187 0.871875 0.542969 0.870833 0.542969 0.869792 0.54375 0.86875 0.54375 0.867708 0.544531 0.865625 0.544531 0.864583 0.545312 0.861458 0.545312 0.860417 0.546094 0.858333 0.546094 0.857292 0.546875 0.854167 0.546875 0.853125 0.547656 0.847917 0.547656 0.846875 0.548437 0.840625 0.548437 0.839583 0.549219 0.833333 0.549219 0.832292 0.55 0.821875 0.55 0.820833 0.550781 0.802083 0.550781 0.801042 0.55 0.789583 0.55 0.788542 0.549219 0.780208 0.549219 0.779167 0.548437 0.767708 0.548437 0.766667 0.547656 0.760417 0.547656 0.759375 0.546875 0.75625 0.546875 0.755208 0.546094 0.752083 0.546094 0.751042 0.545312 0.744792 0.545312 0.74375 0.544531 0.740625 0.544531 0.739583 0.54375 0.738542 0.54375 0.7375 0.542969 0.735417 0.542969 0.734375 0.542187 0.730208 0.542187 0.729167 0.541406 0.726042 0.541406 0.725 0.540625 0.723958 0.540625 0.722917 0.539844 0.720833 0.539844 0.719792 0.539062 0.717708 0.539062 0.716667 0.538281 0.715625 0.538281 0.714583 0.5375 0.713542 0.5375 0.7125 0.536719 0.711458 0.536719 0.710417 0.535937 0.709375 0.535937 0.708333 0.535156 0.70625 0.535156 0.704167 0.533594 0.703125 0.533594 0.702083 0.532812 0.701042 0.532812 0.7 0.532031 0.698958 0.532031 0.695833 0.529687 0.941434
0 0.379167 0.539844 0.36875 0.547656 0.367708 0.547656 0.366667 0.548437 0.365625 0.548437 0.363542 0.55 0.3625 0.55 0.360417 0.551562 0.359375 0.551562 0.358333 0.552344 0.357292 0.552344 0.35625 0.553125 0.355208 0.553125 0.354167 0.553906 0.353125 0.553906 0.352083 0.554688 0.35 0.554688 0.348958 0.555469 0.347917 0.555469 0.346875 0.55625 0.345833 0.55625 0.344792 0.557031 0.34375 0.557031 0.342708 0.557812 0.339583 0.557812 0.338542 0.558594 0.336458 0.558594 0.335417 0.559375 0.334375 0.559375 0.333333 0.560156 0.330208 0.560156 0.329167 0.560937 0.323958 0.560937 0.322917 0.561719 0.319792 0.561719 0.31875 0.5625 0.316667 0.5625 0.315625 0.563281 0.311458 0.563281 0.310417 0.564062 0.302083 0.564062 0.301042 0.564844 0.294792 0.564844 0.29375 0.565625 0.2875 0.565625 0.286458 0.566406 0.241667 0.566406 0.240625 0.565625 0.235417 0.565625 0.234375 0.564844 0.228125 0.564844 0.227083 0.564062 0.219792 0.564062 0.21875 0.563281 0.216667 0.563281 0.215625 0.5625 0.214583 0.5625 0.213542 0.561719 0.210417 0.561719 0.209375 0.560937 0.205208 0.560937 0.204167 0.560156 0.203125 0.560156 0.202083 0.559375 0.201042 0.559375 0.2 0.558594 0.198958 0.558594 0.197917 0.557812 0.196875 0.557812 0.19375 0.555469 0.19375 0.564844 0.195833 0.566406 0.196875 0.566406 0.197917 0.567187 0.198958 0.567187 0.202083 0.569531 0.204167 0.569531 0.205208 0.570312 0.20625 0.570312 0.208333 0.571875 0.209375 0.571875 0.210417 0.572656 0.215625 0.572656 0.216667 0.573437 0.219792 0.573437 0.220833 0.574219 0.221875 0.574219 0.222917 0.575 0.225 0.575 0.226042 0.575781 0.233333 0.575781 0.234375 0.576562 0.240625 0.576562 0.241667 0.577344 0.291667 0.577344 0.292708 0.576562 0.3 0.576562 0.301042 0.575781 0.309375 0.575781 0.310417 0.575 0.313542 0.575 0.314583 0.574219 0.316667 0.574219 0.317708 0.573437 0.320833 0.573437 0.321875 0.572656 0.328125 0.572656 0.329167 0.571875 0.33125 0.571875 0.332292 0.571094 0.334375 0.571094 0.335417 0.570312 0.3375 0.570312 0.338542 0.569531 0.341667 0.569531 0.342708 0.56875 0.344792 0.56875 0.345833 0.567969 0.346875 0.567969 0.347917 0.567187 0.348958 0.567187 0.35 0.566406 0.352083 0.566406 0.353125 0.565625 0.354167 0.565625 0.355208 0.564844 0.35625 0.564844 0.357292 0.564062 0.358333 0.564062 0.359375 0.563281 0.360417 0.563281 0.3625 0.561719 0.363542 0.561719 0.365625 0.560156 0.367708 0.560156 0.376042 0.553906 0.377083 0.553906 0.378125 0.553125 0.378125 0.552344 0.380208 0.550781 0.380208 0.539844 0.938976
0 0.680208 0.554688 0.680208 0.569531 0.684375 0.572656 0.685417 0.572656 0.688542 0.575 0.689583 0.575 0.691667 0.576562 0.692708 0.576562 0.694792 0.578125 0.695833 0.578125 0.696875 0.578906 0.697917 0.578906 0.698958 0.579687 0.7 0.579687 0.702083 0.58125 0.703125 0.58125 0.704167 0.582031 0.70625 0.582031 0.707292 0.582812 0.708333 0.582812 0.709375 0.583594 0.710417 0.583594 0.711458 0.584375 0.7125 0.584375 0.713542 0.585156 0.716667 0.585156 0.717708 0.585938 0.71875 0.585938 0.719792 0.586719 0.720833 0.586719 0.721875 0.5875 0.723958 0.5875 0.725 0.588281 0.728125 0.588281 0.729167 0.589062 0.732292 0.589062 0.733333 0.589844 0.734375 0.589844 0.735417 0.590625 0.738542 0.590625 0.739583 0.591406 0.745833 0.591406 0.746875 0.592187 0.75 0.592187 0.751042 0.592969 0.754167 0.592969 0.755208 0.59375 0.758333 0.59375 0.759375 0.594531 0.769792 0.594531 0.770833 0.595312 0.779167 0.595312 0.780208 0.596094 0.791667 0.596094 0.792708 0.596875 0.805208 0.596875 0.80625 0.596094 0.816667 0.596094 0.817708 0.595312 0.823958 0.595312 0.825 0.594531 0.834375 0.594531 0.835417 0.59375 0.838542 0.59375 0.839583 0.592969 0.840625 0.592969 0.841667 0.592187 0.844792 0.592187 0.845833 0.591406 0.848958 0.591406 0.85 0.590625 0.852083 0.590625 0.853125 0.589844 0.854167 0.589844 0.855208 0.589062 0.85625 0.589062 0.857292 0.588281 0.859375 0.588281 0.861458 0.586719 0.8625 0.586719 0.864583 0.585156 0.865625 0.585156 0.867708 0.583594 0.86875 0.583594 0.869792 0.582812 0.869792 0.575 0.86875 0.575781 0.866667 0.575781 0.865625 0.576562 0.864583 0.576562 0.8625 0.578125 0.861458 0.578125 0.860417 0.578906 0.858333 0.578906 0.857292 0.579687 0.855208 0.579687 0.854167 0.580469 0.852083 0.580469 0.851042 0.58125 0.85 0.58125 0.848958 0.582031 0.846875 0.582031 0.845833 0.582812 0.8375 0.582812 0.836458 0.583594 0.833333 0.583594 0.832292 0.584375 0.828125 0.584375 0.827083 0.585156 0.815625 0.585156 0.814583 0.585938 0.794792 0.585938 0.79375 0.585156 0.778125 0.585156 0.777083 0.584375 0.770833 0.584375 0.769792 0.583594 0.764583 0.583594 0.763542 0.582812 0.754167 0.582812 0.753125 0.582031 0.75 0.582031 0.748958 0.58125 0.746875 0.58125 0.745833 0.580469 0.742708 0.580469 0.741667 0.579687 0.7375 0.579687 0.736458 0.578906 0.733333 0.578906 0.732292 0.578125 0.73125 0.578125 0.730208 0.577344 0.728125 0.577344 0.727083 0.576562 0.722917 0.576562 0.721875 0.575781 0.720833 0.575781 0.719792 0.575 0.71875 0.575 0.717708 0.574219 0.715625 0.574219 0.714583 0.573437 0.7125 0.573437 0.711458 0.572656 0.710417 0.572656 0.709375 0.571875 0.708333 0.571875 0.707292 0.571094 0.70625 0.571094 0.705208 0.570312 0.704167 0.570312 0.703125 0.569531 0.702083 0.569531 0.701042 0.56875 0.7 0.56875 0.697917 0.567187 0.696875 0.567187 0.695833 0.566406 0.694792 0.566406 0.690625 0.563281 0.689583 0.563281 0.682292 0.557812 0.682292 0.557031 0.680208 0.555469 0.93855
0 0.384375 0.558594 0.384375 0.560156 0.383333 0.560937 0.383333 0.561719 0.38125 0.563281 0.38125 0.564062 0.370833 0.571875 0.369792 0.571875 0.367708 0.573437 0.366667 0.573437 0.365625 0.574219 0.364583 0.574219 0.3625 0.575781 0.361458 0.575781 0.360417 0.576562 0.359375 0.576562 0.358333 0.577344 0.357292 0.577344 0.355208 0.578906 0.353125 0.578906 0.352083 0.579687 0.35 0.579687 0.348958 0.580469 0.347917 0.580469 0.346875 0.58125 0.345833 0.58125 0.344792 0.582031 0.342708 0.582031 0.341667 0.582812 0.338542 0.582812 0.3375 0.583594 0.335417 0.583594 0.334375 0.584375 0.332292 0.584375 0.33125 0.585156 0.328125 0.585156 0.327083 0.585938 0.321875 0.585938 0.320833 0.586719 0.317708 0.586719 0.316667 0.5875 0.313542 0.5875 0.3125 0.588281 0.307292 0.588281 0.30625 0.589062 0.297917 0.589062 0.296875 0.589844 0.289583 0.589844 0.288542 0.590625 0.251042 0.590625 0.25 0.589844 0.240625 0.589844 0.239583 0.589062 0.232292 0.589062 0.23125 0.588281 0.226042 0.588281 0.225 0.5875 0.223958 0.5875 0.222917 0.586719 0.219792 0.586719 0.21875 0.585938 0.214583 0.585938 0.213542 0.585156 0.2125 0.585156 0.211458 0.584375 0.210417 0.584375 0.209375 0.583594 0.207292 0.583594 0.20625 0.582812 0.205208 0.582812 0.203125 0.58125 0.202083 0.58125 0.201042 0.580469 0.201042 0.589844 0.202083 0.590625 0.203125 0.590625 0.204167 0.591406 0.205208 0.591406 0.207292 0.592969 0.208333 0.592969 0.209375 0.59375 0.210417 0.59375 0.211458 0.594531 0.2125 0.594531 0.213542 0.595312 0.214583 0.595312 0.215625 0.596094 0.216667 0.596094 0.217708 0.596875 0.219792 0.596875 0.220833 0.597656 0.225 0.597656 0.226042 0.598437 0.228125 0.598437 0.229167 0.599219 0.23125 0.599219 0.232292 0.6 0.236458 0.6 0.2375 0.600781 0.246875 0.600781 0.247917 0.601562 0.255208 0.601562 0.25625 0.602344 0.288542 0.602344 0.289583 0.601562 0.297917 0.601562 0.298958 0.600781 0.309375 0.600781 0.310417 0.6 0.315625 0.6 0.316667 0.599219 0.319792 0.599219 0.320833 0.598437 0.323958 0.598437 0.325 0.597656 0.329167 0.597656 0.330208 0.596875 0.333333 0.596875 0.334375 0.596094 0.336458 0.596094 0.3375 0.595312 0.339583 0.595312 0.340625 0.594531 0.34375 0.594531 0.344792 0.59375 0.346875 0.59375 0.347917 0.592969 0.348958 0.592969 0.35 0.592187 0.351042 0.592187 0.352083 0.591406 0.354167 0.591406 0.355208 0.590625 0.357292 0.590625 0.358333 0.589844 0.359375 0.589844 0.361458 0.588281 0.363542 0.588281 0.366667 0.585938 0.367708 0.585938 0.369792 0.584375 0.370833 0.584375 0.375 0.58125 0.376042 0.58125 0.382292 0.576562 0.382292 0.575781 0.384375 0.574219 0.384375 0.573437 0.386458 0.571875 0.386458 0.560156 0.385417 0.559375 0.385417 0.558594 0.938302
0 0.682292 0.544531 0.682292 0.558594 0.685417 0.560937 0.686458 0.560937 0.690625 0.564062 0.691667 0.564062 0.694792 0.566406 0.695833 0.566406 0.696875 0.567187 0.697917 0.567187 0.698958 0.567969 0.7 0.567969 0.701042 0.56875 0.702083 0.56875 0.703125 0.569531 0.705208 0.569531 0.707292 0.571094 0.708333 0.571094 0.709375 0.571875 0.710417 0.571875 0.711458 0.572656 0.714583 0.572656 0.715625 0.573437 0.717708 0.573437 0.71875 0.574219 0.719792 0.574219 0.720833 0.575 0.721875 0.575 0.722917 0.575781 0.726042 0.575781 0.727083 0.576562 0.729167 0.576562 0.730208 0.577344 0.732292 0.577344 0.733333 0.578125 0.734375 0.578125 0.735417 0.578906 0.740625 0.578906 0.741667 0.579687 0.744792 0.579687 0.745833 0.580469 0.748958 0.580469 0.75 0.58125 0.753125 0.58125 0.754167 0.582031 0.760417 0.582031 0.761458 0.582812 0.767708 0.582812 0.76875 0.583594 0.773958 0.583594 0.775 0.584375 0.784375 0.584375 0.785417 0.585156 0.820833 0.585156 0.821875 0.584375 0.829167 0.584375 0.830208 0.583594 0.833333 0.583594 0.834375 0.582812 0.8375 0.582812 0.838542 0.582031 0.845833 0.582031 0.846875 0.58125 0.848958 0.58125 0.85 0.580469 0.851042 0.580469 0.852083 0.579687 0.854167 0.579687 0.855208 0.578906 0.857292 0.578906 0.858333 0.578125 0.860417 0.578125 0.8625 0.576562 0.863542 0.576562 0.864583 0.575781 0.865625 0.575781 0.866667 0.575 0.867708 0.575 0.86875 0.574219 0.869792 0.574219 0.872917 0.571875 0.873958 0.571875 0.873958 0.563281 0.872917 0.564062 0.871875 0.564062 0.869792 0.565625 0.86875 0.565625 0.867708 0.566406 0.866667 0.566406 0.865625 0.567187 0.864583 0.567187 0.863542 0.567969 0.861458 0.567969 0.860417 0.56875 0.858333 0.56875 0.857292 0.569531 0.85625 0.569531 0.855208 0.570312 0.85 0.570312 0.848958 0.571094 0.845833 0.571094 0.844792 0.571875 0.840625 0.571875 0.839583 0.572656 0.833333 0.572656 0.832292 0.573437 0.817708 0.573437 0.816667 0.574219 0.790625 0.574219 0.789583 0.573437 0.776042 0.573437 0.775 0.572656 0.76875 0.572656 0.767708 0.571875 0.763542 0.571875 0.7625 0.571094 0.757292 0.571094 0.75625 0.570312 0.751042 0.570312 0.75 0.569531 0.746875 0.569531 0.745833 0.56875 0.74375 0.56875 0.742708 0.567969 0.738542 0.567969 0.7375 0.567187 0.734375 0.567187 0.733333 0.566406 0.730208 0.566406 0.729167 0.565625 0.728125 0.565625 0.727083 0.564844 0.725 0.564844 0.723958 0.564062 0.721875 0.564062 0.720833 0.563281 0.71875 0.563281 0.717708 0.5625 0.716667 0.5625 0.715625 0.561719 0.714583 0.561719 0.713542 0.560937 0.711458 0.560937 0.710417 0.560156 0.709375 0.560156 0.708333 0.559375 0.707292 0.559375 0.70625 0.558594 0.705208 0.558594 0.704167 0.557812 0.703125 0.557812 0.702083 0.557031 0.701042 0.557031 0.698958 0.555469 0.697917 0.555469 0.695833 0.553906 0.694792 0.553906 0.689583 0.55 0.688542 0.55 0.686458 0.548437 0.686458 0.547656 0.684375 0.546094 0.683333 0.546094 0.682292 0.545312 0.93723
0 0.373958 0.496094 0.370833 0.498437 0.369792 0.498437 0.366667 0.500781 0.365625 0.500781 0.363542 0.502344 0.3625 0.502344 0.361458 0.503125 0.360417 0.503125 0.359375 0.503906 0.358333 0.503906 0.357292 0.504687 0.355208 0.504687 0.353125 0.50625 0.351042 0.50625 0.35 0.507031 0.348958 0.507031 0.347917 0.507812 0.344792 0.507812 0.34375 0.508594 0.341667 0.508594 0.340625 0.509375 0.339583 0.509375 0.338542 0.510156 0.336458 0.510156 0.335417 0.510937 0.33125 0.510937 0.330208 0.511719 0.328125 0.511719 0.327083 0.5125 0.325 0.5125 0.323958 0.513281 0.320833 0.513281 0.319792 0.514062 0.313542 0.514062 0.3125 0.514844 0.307292 0.514844 0.30625 0.515625 0.301042 0.515625 0.3 0.516406 0.292708 0.516406 0.291667 0.517188 0.272917 0.517188 0.271875 0.517969 0.240625 0.517969 0.239583 0.517188 0.226042 0.517188 0.225 0.516406 0.220833 0.516406 0.219792 0.515625 0.216667 0.515625 0.215625 0.514844 0.211458 0.514844 0.210417 0.514062 0.20625 0.514062 0.205208 0.513281 0.203125 0.513281 0.202083 0.5125 0.2 0.5125 0.198958 0.511719 0.197917 0.511719 0.196875 0.510937 0.19375 0.510937 0.192708 0.510156 0.191667 0.510156 0.190625 0.509375 0.189583 0.509375 0.189583 0.51875 0.190625 0.519531 0.191667 0.519531 0.192708 0.520312 0.19375 0.520312 0.194792 0.521094 0.195833 0.521094 0.196875 0.521875 0.197917 0.521875 0.198958 0.522656 0.202083 0.522656 0.203125 0.523438 0.204167 0.523438 0.205208 0.524219 0.20625 0.524219 0.207292 0.525 0.209375 0.525 0.210417 0.525781 0.215625 0.525781 0.216667 0.526562 0.220833 0.526562 0.221875 0.527344 0.225 0.527344 0.226042 0.528125 0.297917 0.528125 0.298958 0.527344 0.303125 0.527344 0.304167 0.526562 0.308333 0.526562 0.309375 0.525781 0.316667 0.525781 0.317708 0.525 0.321875 0.525 0.322917 0.524219 0.325 0.524219 0.326042 0.523438 0.328125 0.523438 0.329167 0.522656 0.333333 0.522656 0.334375 0.521875 0.336458 0.521875 0.3375 0.521094 0.339583 0.521094 0.340625 0.520312 0.342708 0.520312 0.34375 0.519531 0.346875 0.519531 0.347917 0.51875 0.348958 0.51875 0.35 0.517969 0.351042 0.517969 0.352083 0.517188 0.353125 0.517188 0.354167 0.516406 0.35625 0.516406 0.357292 0.515625 0.358333 0.515625 0.359375 0.514844 0.360417 0.514844 0.3625 0.513281 0.363542 0.513281 0.364583 0.5125 0.365625 0.5125 0.36875 0.510156 0.369792 0.510156 0.373958 0.507031 0.375 0.507031 0.376042 0.50625 0.376042 0.496094 0.928226
0 0.38125 0.550781 0.380208 0.551562 0.380208 0.552344 0.371875 0.558594 0.370833 0.558594 0.367708 0.560937 0.366667 0.560937 0.365625 0.561719 0.364583 0.561719 0.3625 0.563281 0.361458 0.563281 0.360417 0.564062 0.359375 0.564062 0.357292 0.565625 0.35625 0.565625 0.355208 0.566406 0.353125 0.566406 0.352083 0.567187 0.351042 0.567187 0.35 0.567969 0.347917 0.567969 0.346875 0.56875 0.345833 0.56875 0.344792 0.569531 0.34375 0.569531 0.342708 0.570312 0.339583 0.570312 0.338542 0.571094 0.335417 0.571094 0.334375 0.571875 0.333333 0.571875 0.332292 0.572656 0.330208 0.572656 0.329167 0.573437 0.323958 0.573437 0.322917 0.574219 0.31875 0.574219 0.317708 0.575 0.315625 0.575 0.314583 0.575781 0.310417 0.575781 0.309375 0.576562 0.302083 0.576562 0.301042 0.577344 0.29375 0.577344 0.292708 0.578125 0.285417 0.578125 0.284375 0.578906 0.248958 0.578906 0.247917 0.578125 0.240625 0.578125 0.239583 0.577344 0.233333 0.577344 0.232292 0.576562 0.226042 0.576562 0.225 0.575781 0.221875 0.575781 0.220833 0.575 0.219792 0.575 0.21875 0.574219 0.216667 0.574219 0.215625 0.573437 0.210417 0.573437 0.209375 0.572656 0.208333 0.572656 0.207292 0.571875 0.20625 0.571875 0.205208 0.571094 0.204167 0.571094 0.203125 0.570312 0.202083 0.570312 0.201042 0.569531 0.2 0.569531 0.196875 0.567187 0.195833 0.567187 0.195833 0.577344 0.196875 0.577344 0.197917 0.578125 0.198958 0.578125 0.2 0.578906 0.201042 0.578906 0.204167 0.58125 0.205208 0.58125 0.20625 0.582031 0.207292 0.582031 0.208333 0.582812 0.210417 0.582812 0.211458 0.583594 0.2125 0.583594 0.213542 0.584375 0.215625 0.584375 0.216667 0.585156 0.219792 0.585156 0.220833 0.585938 0.222917 0.585938 0.223958 0.586719 0.226042 0.586719 0.227083 0.5875 0.23125 0.5875 0.232292 0.588281 0.240625 0.588281 0.241667 0.589062 0.247917 0.589062 0.248958 0.589844 0.259375 0.589844 0.260417 0.590625 0.28125 0.590625 0.282292 0.589844 0.290625 0.589844 0.291667 0.589062 0.297917 0.589062 0.298958 0.588281 0.307292 0.588281 0.308333 0.5875 0.313542 0.5875 0.314583 0.586719 0.316667 0.586719 0.317708 0.585938 0.320833 0.585938 0.321875 0.585156 0.328125 0.585156 0.329167 0.584375 0.33125 0.584375 0.332292 0.583594 0.334375 0.583594 0.335417 0.582812 0.3375 0.582812 0.338542 0.582031 0.341667 0.582031 0.342708 0.58125 0.34375 0.58125 0.344792 0.580469 0.345833 0.580469 0.346875 0.579687 0.348958 0.579687 0.35 0.578906 0.352083 0.578906 0.353125 0.578125 0.354167 0.578125 0.355208 0.577344 0.35625 0.577344 0.357292 0.576562 0.358333 0.576562 0.359375 0.575781 0.360417 0.575781 0.364583 0.572656 0.366667 0.572656 0.36875 0.571094 0.369792 0.571094 0.373958 0.567969 0.375 0.567969 0.376042 0.567187 0.376042 0.566406 0.380208 0.563281 0.380208 0.5625 0.38125 0.561719 0.92821
0 0.376042 0.528906 0.376042 0.529687 0.36875 0.535156 0.367708 0.535156 0.365625 0.536719 0.364583 0.536719 0.3625 0.538281 0.361458 0.538281 0.360417 0.539062 0.359375 0.539062 0.357292 0.540625 0.35625 0.540625 0.355208 0.541406 0.354167 0.541406 0.353125 0.542187 0.352083 0.542187 0.351042 0.542969 0.35 0.542969 0.348958 0.54375 0.346875 0.54375 0.345833 0.544531 0.34375 0.544531 0.342708 0.545312 0.340625 0.545312 0.339583 0.546094 0.3375 0.546094 0.336458 0.546875 0.335417 0.546875 0.334375 0.547656 0.33125 0.547656 0.330208 0.548437 0.326042 0.548437 0.325 0.549219 0.321875 0.549219 0.320833 0.55 0.31875 0.55 0.317708 0.550781 0.313542 0.550781 0.3125 0.551562 0.30625 0.551562 0.305208 0.552344 0.3 0.552344 0.298958 0.553125 0.29375 0.553125 0.292708 0.553906 0.282292 0.553906 0.28125 0.554688 0.24375 0.554688 0.242708 0.553906 0.232292 0.553906 0.23125 0.553125 0.226042 0.553125 0.225 0.552344 0.220833 0.552344 0.219792 0.551562 0.214583 0.551562 0.213542 0.550781 0.210417 0.550781 0.209375 0.55 0.208333 0.55 0.207292 0.549219 0.205208 0.549219 0.204167 0.548437 0.201042 0.548437 0.2 0.547656 0.197917 0.547656 0.196875 0.546875 0.195833 0.546875 0.19375 0.545312 0.192708 0.545312 0.192708 0.554688 0.19375 0.554688 0.196875 0.557031 0.197917 0.557031 0.198958 0.557812 0.2 0.557812 0.201042 0.558594 0.202083 0.558594 0.203125 0.559375 0.205208 0.559375 0.20625 0.560156 0.210417 0.560156 0.211458 0.560937 0.213542 0.560937 0.214583 0.561719 0.215625 0.561719 0.216667 0.5625 0.219792 0.5625 0.220833 0.563281 0.228125 0.563281 0.229167 0.564062 0.235417 0.564062 0.236458 0.564844 0.241667 0.564844 0.242708 0.565625 0.285417 0.565625 0.286458 0.564844 0.292708 0.564844 0.29375 0.564062 0.301042 0.564062 0.302083 0.563281 0.310417 0.563281 0.311458 0.5625 0.314583 0.5625 0.315625 0.561719 0.317708 0.561719 0.31875 0.560937 0.321875 0.560937 0.322917 0.560156 0.329167 0.560156 0.330208 0.559375 0.332292 0.559375 0.333333 0.558594 0.335417 0.558594 0.336458 0.557812 0.338542 0.557812 0.339583 0.557031 0.342708 0.557031 0.34375 0.55625 0.344792 0.55625 0.345833 0.555469 0.346875 0.555469 0.347917 0.554688 0.348958 0.554688 0.35 0.553906 0.352083 0.553906 0.353125 0.553125 0.354167 0.553125 0.355208 0.552344 0.35625 0.552344 0.357292 0.551562 0.358333 0.551562 0.359375 0.550781 0.360417 0.550781 0.3625 0.549219 0.363542 0.549219 0.365625 0.547656 0.366667 0.547656 0.36875 0.546094 0.369792 0.546094 0.376042 0.541406 0.376042 0.540625 0.377083 0.539844 0.377083 0.528906 0.928169
0 0.691667 0.521875 0.691667 0.526562 0.69375 0.528125 0.694792 0.528125 0.696875 0.529687 0.697917 0.529687 0.701042 0.532031 0.702083 0.532031 0.703125 0.532812 0.704167 0.532812 0.705208 0.533594 0.70625 0.533594 0.707292 0.534375 0.708333 0.534375 0.709375 0.535156 0.710417 0.535156 0.711458 0.535937 0.7125 0.535937 0.713542 0.536719 0.714583 0.536719 0.715625 0.5375 0.716667 0.5375 0.717708 0.538281 0.719792 0.538281 0.720833 0.539062 0.722917 0.539062 0.723958 0.539844 0.725 0.539844 0.726042 0.540625 0.728125 0.540625 0.729167 0.541406 0.734375 0.541406 0.735417 0.542187 0.736458 0.542187 0.7375 0.542969 0.739583 0.542969 0.740625 0.54375 0.742708 0.54375 0.74375 0.544531 0.748958 0.544531 0.75 0.545312 0.754167 0.545312 0.755208 0.546094 0.758333 0.546094 0.759375 0.546875 0.763542 0.546875 0.764583 0.547656 0.777083 0.547656 0.778125 0.548437 0.785417 0.548437 0.786458 0.549219 0.794792 0.549219 0.795833 0.55 0.827083 0.55 0.828125 0.549219 0.834375 0.549219 0.835417 0.548437 0.840625 0.548437 0.841667 0.547656 0.848958 0.547656 0.85 0.546875 0.855208 0.546875 0.85625 0.546094 0.858333 0.546094 0.859375 0.545312 0.861458 0.545312 0.8625 0.544531 0.864583 0.544531 0.865625 0.54375 0.867708 0.54375 0.86875 0.542969 0.869792 0.542969 0.870833 0.542187 0.871875 0.542187 0.872917 0.541406 0.873958 0.541406 0.875 0.540625 0.876042 0.540625 0.877083 0.539844 0.878125 0.539844 0.880208 0.538281 0.88125 0.538281 0.885417 0.535156 0.885417 0.523438 0.878125 0.528906 0.877083 0.528906 0.876042 0.529687 0.875 0.529687 0.873958 0.530469 0.872917 0.530469 0.871875 0.53125 0.870833 0.53125 0.869792 0.532031 0.86875 0.532031 0.867708 0.532812 0.864583 0.532812 0.863542 0.533594 0.861458 0.533594 0.860417 0.534375 0.859375 0.534375 0.858333 0.535156 0.855208 0.535156 0.854167 0.535937 0.848958 0.535937 0.847917 0.536719 0.841667 0.536719 0.840625 0.5375 0.835417 0.5375 0.834375 0.538281 0.822917 0.538281 0.821875 0.539062 0.796875 0.539062 0.795833 0.538281 0.783333 0.538281 0.782292 0.5375 0.775 0.5375 0.773958 0.536719 0.764583 0.536719 0.763542 0.535937 0.75625 0.535937 0.755208 0.535156 0.752083 0.535156 0.751042 0.534375 0.747917 0.534375 0.746875 0.533594 0.742708 0.533594 0.741667 0.532812 0.7375 0.532812 0.736458 0.532031 0.733333 0.532031 0.732292 0.53125 0.73125 0.53125 0.730208 0.530469 0.726042 0.530469 0.725 0.529687 0.721875 0.529687 0.720833 0.528906 0.71875 0.528906 0.717708 0.528125 0.716667 0.528125 0.715625 0.527344 0.714583 0.527344 0.713542 0.526562 0.711458 0.526562 0.710417 0.525781 0.708333 0.525781 0.70625 0.524219 0.705208 0.524219 0.704167 0.523438 0.702083 0.523438 0.701042 0.522656 0.7 0.522656 0.698958 0.521875 0.925133
0 0.678125 0.567187 0.678125 0.578906 0.680208 0.580469 0.680208 0.58125 0.683333 0.583594 0.684375 0.583594 0.688542 0.586719 0.689583 0.586719 0.691667 0.588281 0.692708 0.588281 0.694792 0.589844 0.695833 0.589844 0.697917 0.591406 0.698958 0.591406 0.7 0.592187 0.701042 0.592187 0.702083 0.592969 0.703125 0.592969 0.704167 0.59375 0.705208 0.59375 0.70625 0.594531 0.707292 0.594531 0.708333 0.595312 0.709375 0.595312 0.710417 0.596094 0.7125 0.596094 0.713542 0.596875 0.715625 0.596875 0.716667 0.597656 0.717708 0.597656 0.71875 0.598437 0.720833 0.598437 0.721875 0.599219 0.722917 0.599219 0.723958 0.6 0.726042 0.6 0.727083 0.600781 0.73125 0.600781 0.732292 0.601562 0.734375 0.601562 0.735417 0.602344 0.7375 0.602344 0.738542 0.603125 0.741667 0.603125 0.742708 0.603906 0.747917 0.603906 0.748958 0.604687 0.752083 0.604687 0.753125 0.605469 0.75625 0.605469 0.757292 0.60625 0.7625 0.60625 0.763542 0.607031 0.779167 0.607031 0.780208 0.607812 0.808333 0.607812 0.809375 0.607031 0.822917 0.607031 0.823958 0.60625 0.829167 0.60625 0.830208 0.605469 0.833333 0.605469 0.834375 0.604687 0.8375 0.604687 0.838542 0.603906 0.842708 0.603906 0.84375 0.603125 0.845833 0.603125 0.846875 0.602344 0.847917 0.602344 0.848958 0.601562 0.851042 0.601562 0.852083 0.600781 0.853125 0.600781 0.854167 0.6 0.855208 0.6 0.85625 0.599219 0.857292 0.599219 0.859375 0.597656 0.860417 0.597656 0.864583 0.594531 0.865625 0.594531 0.867708 0.592969 0.867708 0.585156 0.865625 0.586719 0.864583 0.586719 0.8625 0.588281 0.861458 0.588281 0.860417 0.589062 0.858333 0.589062 0.857292 0.589844 0.85625 0.589844 0.855208 0.590625 0.854167 0.590625 0.853125 0.591406 0.852083 0.591406 0.851042 0.592187 0.846875 0.592187 0.845833 0.592969 0.842708 0.592969 0.841667 0.59375 0.839583 0.59375 0.838542 0.594531 0.835417 0.594531 0.834375 0.595312 0.825 0.595312 0.823958 0.596094 0.815625 0.596094 0.814583 0.596875 0.783333 0.596875 0.782292 0.596094 0.773958 0.596094 0.772917 0.595312 0.7625 0.595312 0.761458 0.594531 0.755208 0.594531 0.754167 0.59375 0.751042 0.59375 0.75 0.592969 0.747917 0.592969 0.746875 0.592187 0.741667 0.592187 0.740625 0.591406 0.736458 0.591406 0.735417 0.590625 0.733333 0.590625 0.732292 0.589844 0.730208 0.589844 0.729167 0.589062 0.726042 0.589062 0.725 0.588281 0.722917 0.588281 0.721875 0.5875 0.720833 0.5875 0.719792 0.586719 0.71875 0.586719 0.717708 0.585938 0.714583 0.585938 0.713542 0.585156 0.7125 0.585156 0.711458 0.584375 0.710417 0.584375 0.709375 0.583594 0.708333 0.583594 0.707292 0.582812 0.705208 0.582812 0.704167 0.582031 0.703125 0.582031 0.702083 0.58125 0.701042 0.58125 0.698958 0.579687 0.696875 0.579687 0.694792 0.578125 0.69375 0.578125 0.690625 0.575781 0.689583 0.575781 0.685417 0.572656 0.684375 0.572656 0.682292 0.571094 0.682292 0.570312 0.680208 0.56875 0.680208 0.567969 0.679167 0.567187 0.92287
0 0.365625 0.447656 0.364583 0.448437 0.364583 0.453906 0.363542 0.454687 0.363542 0.45625 0.3625 0.457031 0.3625 0.457812 0.361458 0.458594 0.361458 0.459375 0.35625 0.463281 0.355208 0.463281 0.354167 0.464062 0.353125 0.464062 0.351042 0.465625 0.35 0.465625 0.348958 0.466406 0.347917 0.466406 0.346875 0.467187 0.344792 0.467187 0.34375 0.467969 0.342708 0.467969 0.341667 0.46875 0.340625 0.46875 0.339583 0.469531 0.3375 0.469531 0.336458 0.470312 0.334375 0.470312 0.333333 0.471094 0.330208 0.471094 0.329167 0.471875 0.327083 0.471875 0.326042 0.472656 0.323958 0.472656 0.322917 0.473437 0.317708 0.473437 0.316667 0.474219 0.313542 0.474219 0.3125 0.475 0.309375 0.475 0.308333 0.475781 0.303125 0.475781 0.302083 0.476562 0.295833 0.476562 0.294792 0.477344 0.2875 0.477344 0.286458 0.478125 0.278125 0.478125 0.277083 0.478906 0.260417 0.478906 0.259375 0.479687 0.23125 0.479687 0.230208 0.478906 0.213542 0.478906 0.2125 0.478125 0.204167 0.478125 0.203125 0.477344 0.197917 0.477344 0.196875 0.476562 0.192708 0.476562 0.191667 0.475781 0.188542 0.475781 0.1875 0.475 0.186458 0.475 0.186458 0.483594 0.1875 0.483594 0.188542 0.484375 0.189583 0.484375 0.190625 0.485156 0.191667 0.485156 0.192708 0.485937 0.19375 0.485937 0.194792 0.486719 0.196875 0.486719 0.197917 0.4875 0.201042 0.4875 0.202083 0.488281 0.204167 0.488281 0.205208 0.489062 0.207292 0.489062 0.208333 0.489844 0.211458 0.489844 0.2125 0.490625 0.21875 0.490625 0.219792 0.491406 0.227083 0.491406 0.228125 0.492187 0.292708 0.492187 0.29375 0.491406 0.301042 0.491406 0.302083 0.490625 0.310417 0.490625 0.311458 0.489844 0.315625 0.489844 0.316667 0.489062 0.320833 0.489062 0.321875 0.488281 0.326042 0.488281 0.327083 0.4875 0.33125 0.4875 0.332292 0.486719 0.335417 0.486719 0.336458 0.485937 0.338542 0.485937 0.339583 0.485156 0.341667 0.485156 0.342708 0.484375 0.345833 0.484375 0.346875 0.483594 0.347917 0.483594 0.348958 0.482812 0.35 0.482812 0.351042 0.482031 0.353125 0.482031 0.354167 0.48125 0.355208 0.48125 0.35625 0.480469 0.357292 0.480469 0.358333 0.479687 0.359375 0.479687 0.360417 0.478906 0.361458 0.478906 0.3625 0.478125 0.363542 0.478125 0.365625 0.476562 0.366667 0.476562 0.36875 0.475 0.369792 0.475 0.377083 0.469531 0.377083 0.467969 0.378125 0.467187 0.378125 0.45625 0.377083 0.455469 0.377083 0.453906 0.375 0.452344 0.375 0.451562 0.373958 0.450781 0.373958 0.45 0.370833 0.447656 0.922399
0 0.371875 0.509375 0.36875 0.511719 0.367708 0.511719 0.364583 0.514062 0.363542 0.514062 0.3625 0.514844 0.361458 0.514844 0.359375 0.516406 0.357292 0.516406 0.35625 0.517188 0.355208 0.517188 0.354167 0.517969 0.353125 0.517969 0.352083 0.51875 0.351042 0.51875 0.35 0.519531 0.347917 0.519531 0.346875 0.520312 0.34375 0.520312 0.342708 0.521094 0.341667 0.521094 0.340625 0.521875 0.338542 0.521875 0.3375 0.522656 0.334375 0.522656 0.333333 0.523438 0.329167 0.523438 0.328125 0.524219 0.326042 0.524219 0.325 0.525 0.322917 0.525 0.321875 0.525781 0.317708 0.525781 0.316667 0.526562 0.308333 0.526562 0.307292 0.527344 0.303125 0.527344 0.302083 0.528125 0.297917 0.528125 0.296875 0.528906 0.285417 0.528906 0.284375 0.529687 0.239583 0.529687 0.238542 0.528906 0.227083 0.528906 0.226042 0.528125 0.221875 0.528125 0.220833 0.527344 0.21875 0.527344 0.217708 0.526562 0.2125 0.526562 0.211458 0.525781 0.207292 0.525781 0.20625 0.525 0.205208 0.525 0.204167 0.524219 0.203125 0.524219 0.202083 0.523438 0.197917 0.523438 0.196875 0.522656 0.195833 0.522656 0.194792 0.521875 0.19375 0.521875 0.192708 0.521094 0.191667 0.521094 0.190625 0.520312 0.190625 0.530469 0.191667 0.53125 0.192708 0.53125 0.19375 0.532031 0.194792 0.532031 0.196875 0.533594 0.198958 0.533594 0.2 0.534375 0.201042 0.534375 0.202083 0.535156 0.204167 0.535156 0.205208 0.535937 0.20625 0.535937 0.207292 0.536719 0.209375 0.536719 0.210417 0.5375 0.213542 0.5375 0.214583 0.538281 0.21875 0.538281 0.219792 0.539062 0.221875 0.539062 0.222917 0.539844 0.226042 0.539844 0.227083 0.540625 0.234375 0.540625 0.235417 0.541406 0.29375 0.541406 0.294792 0.540625 0.302083 0.540625 0.303125 0.539844 0.30625 0.539844 0.307292 0.539062 0.310417 0.539062 0.311458 0.538281 0.317708 0.538281 0.31875 0.5375 0.322917 0.5375 0.323958 0.536719 0.325 0.536719 0.326042 0.535937 0.328125 0.535937 0.329167 0.535156 0.333333 0.535156 0.334375 0.534375 0.336458 0.534375 0.3375 0.533594 0.339583 0.533594 0.340625 0.532812 0.341667 0.532812 0.342708 0.532031 0.345833 0.532031 0.346875 0.53125 0.348958 0.53125 0.35 0.530469 0.351042 0.530469 0.352083 0.529687 0.353125 0.529687 0.354167 0.528906 0.355208 0.528906 0.35625 0.528125 0.357292 0.528125 0.358333 0.527344 0.359375 0.527344 0.360417 0.526562 0.361458 0.526562 0.363542 0.525 0.364583 0.525 0.367708 0.522656 0.36875 0.522656 0.372917 0.519531 0.373958 0.519531 0.376042 0.517969 0.376042 0.509375 0.920661
0 0.6875 0.538281 0.6875 0.548437 0.688542 0.548437 0.689583 0.549219 0.689583 0.55 0.690625 0.55 0.694792 0.553125 0.695833 0.553125 0.697917 0.554688 0.698958 0.554688 0.701042 0.55625 0.702083 0.55625 0.703125 0.557031 0.704167 0.557031 0.705208 0.557812 0.70625 0.557812 0.708333 0.559375 0.709375 0.559375 0.710417 0.560156 0.7125 0.560156 0.713542 0.560937 0.715625 0.560937 0.717708 0.5625 0.719792 0.5625 0.720833 0.563281 0.722917 0.563281 0.723958 0.564062 0.726042 0.564062 0.727083 0.564844 0.728125 0.564844 0.729167 0.565625 0.73125 0.565625 0.732292 0.566406 0.736458 0.566406 0.7375 0.567187 0.741667 0.567187 0.742708 0.567969 0.744792 0.567969 0.745833 0.56875 0.748958 0.56875 0.75 0.569531 0.755208 0.569531 0.75625 0.570312 0.761458 0.570312 0.7625 0.571094 0.765625 0.571094 0.766667 0.571875 0.772917 0.571875 0.773958 0.572656 0.785417 0.572656 0.786458 0.573437 0.826042 0.573437 0.827083 0.572656 0.8375 0.572656 0.838542 0.571875 0.842708 0.571875 0.84375 0.571094 0.845833 0.571094 0.846875 0.570312 0.85 0.570312 0.851042 0.569531 0.855208 0.569531 0.85625 0.56875 0.858333 0.56875 0.859375 0.567969 0.860417 0.567969 0.861458 0.567187 0.8625 0.567187 0.863542 0.566406 0.865625 0.566406 0.866667 0.565625 0.867708 0.565625 0.86875 0.564844 0.869792 0.564844 0.870833 0.564062 0.871875 0.564062 0.873958 0.5625 0.875 0.5625 0.878125 0.560156 0.879167 0.560156 0.879167 0.550781 0.878125 0.550781 0.876042 0.552344 0.875 0.552344 0.872917 0.553906 0.871875 0.553906 0.870833 0.554688 0.86875 0.554688 0.867708 0.555469 0.866667 0.555469 0.865625 0.55625 0.864583 0.55625 0.863542 0.557031 0.859375 0.557031 0.858333 0.557812 0.855208 0.557812 0.854167 0.558594 0.852083 0.558594 0.851042 0.559375 0.848958 0.559375 0.847917 0.560156 0.838542 0.560156 0.8375 0.560937 0.830208 0.560937 0.829167 0.561719 0.81875 0.561719 0.817708 0.5625 0.798958 0.5625 0.797917 0.561719 0.786458 0.561719 0.785417 0.560937 0.773958 0.560937 0.772917 0.560156 0.7625 0.560156 0.761458 0.559375 0.758333 0.559375 0.757292 0.558594 0.754167 0.558594 0.753125 0.557812 0.748958 0.557812 0.747917 0.557031 0.74375 0.557031 0.742708 0.55625 0.740625 0.55625 0.739583 0.555469 0.738542 0.555469 0.7375 0.554688 0.734375 0.554688 0.733333 0.553906 0.730208 0.553906 0.729167 0.553125 0.727083 0.553125 0.726042 0.552344 0.723958 0.552344 0.722917 0.551562 0.720833 0.551562 0.719792 0.550781 0.717708 0.550781 0.716667 0.55 0.715625 0.55 0.714583 0.549219 0.713542 0.549219 0.7125 0.548437 0.710417 0.548437 0.709375 0.547656 0.708333 0.547656 0.70625 0.546094 0.705208 0.546094 0.704167 0.545312 0.703125 0.545312 0.702083 0.544531 0.701042 0.544531 0.7 0.54375 0.698958 0.54375 0.695833 0.541406 0.694792 0.541406 0.690625 0.538281 0.91696
0 0.369792 0.486719 0.367708 0.488281 0.366667 0.488281 0.364583 0.489844 0.363542 0.489844 0.3625 0.490625 0.361458 0.490625 0.359375 0.492187 0.357292 0.492187 0.35625 0.492969 0.355208 0.492969 0.354167 0.49375 0.353125 0.49375 0.352083 0.494531 0.35 0.494531 0.348958 0.495312 0.346875 0.495312 0.345833 0.496094 0.344792 0.496094 0.34375 0.496875 0.341667 0.496875 0.340625 0.497656 0.3375 0.497656 0.336458 0.498437 0.333333 0.498437 0.332292 0.499219 0.330208 0.499219 0.329167 0.5 0.327083 0.5 0.326042 0.500781 0.319792 0.500781 0.31875 0.501562 0.314583 0.501562 0.313542 0.502344 0.309375 0.502344 0.308333 0.503125 0.302083 0.503125 0.301042 0.503906 0.2875 0.503906 0.286458 0.504687 0.275 0.504687 0.273958 0.505469 0.270833 0.505469 0.269792 0.504687 0.260417 0.504687 0.259375 0.503906 0.25625 0.503906 0.255208 0.503125 0.251042 0.503125 0.248958 0.504687 0.238542 0.504687 0.2375 0.503906 0.21875 0.503906 0.217708 0.503125 0.2125 0.503125 0.211458 0.502344 0.209375 0.502344 0.208333 0.501562 0.204167 0.501562 0.203125 0.500781 0.2 0.500781 0.198958 0.5 0.196875 0.5 0.195833 0.499219 0.194792 0.499219 0.19375 0.498437 0.189583 0.498437 0.1875 0.496875 0.1875 0.507031 0.188542 0.507031 0.189583 0.507812 0.190625 0.507812 0.191667 0.508594 0.192708 0.508594 0.19375 0.509375 0.194792 0.509375 0.195833 0.510156 0.197917 0.510156 0.198958 0.510937 0.201042 0.510937 0.202083 0.511719 0.204167 0.511719 0.205208 0.5125 0.20625 0.5125 0.207292 0.513281 0.211458 0.513281 0.2125 0.514062 0.215625 0.514062 0.216667 0.514844 0.219792 0.514844 0.220833 0.515625 0.302083 0.515625 0.303125 0.514844 0.307292 0.514844 0.308333 0.514062 0.313542 0.514062 0.314583 0.513281 0.319792 0.513281 0.320833 0.5125 0.323958 0.5125 0.325 0.511719 0.327083 0.511719 0.328125 0.510937 0.330208 0.510937 0.33125 0.510156 0.335417 0.510156 0.336458 0.509375 0.3375 0.509375 0.338542 0.508594 0.340625 0.508594 0.341667 0.507812 0.34375 0.507812 0.344792 0.507031 0.346875 0.507031 0.347917 0.50625 0.348958 0.50625 0.35 0.505469 0.352083 0.505469 0.353125 0.504687 0.354167 0.504687 0.355208 0.503906 0.35625 0.503906 0.357292 0.503125 0.358333 0.503125 0.359375 0.502344 0.360417 0.502344 0.361458 0.501562 0.3625 0.501562 0.364583 0.5 0.365625 0.5 0.367708 0.498437 0.36875 0.498437 0.370833 0.496875 0.371875 0.496875 0.373958 0.495312 0.373958 0.494531 0.375 0.49375 0.375 0.486719 0.915517
0 0.370833 0.521875 0.367708 0.524219 0.366667 0.524219 0.363542 0.526562 0.3625 0.526562 0.361458 0.527344 0.360417 0.527344 0.359375 0.528125 0.358333 0.528125 0.357292 0.528906 0.35625 0.528906 0.355208 0.529687 0.353125 0.529687 0.352083 0.530469 0.351042 0.530469 0.348958 0.532031 0.347917 0.532031 0.346875 0.532812 0.342708 0.532812 0.341667 0.533594 0.340625 0.533594 0.339583 0.534375 0.3375 0.534375 0.336458 0.535156 0.332292 0.535156 0.33125 0.535937 0.329167 0.535937 0.328125 0.536719 0.325 0.536719 0.323958 0.5375 0.322917 0.5375 0.321875 0.538281 0.316667 0.538281 0.315625 0.539062 0.310417 0.539062 0.309375 0.539844 0.30625 0.539844 0.305208 0.540625 0.3 0.540625 0.298958 0.541406 0.2875 0.541406 0.286458 0.542187 0.24375 0.542187 0.242708 0.541406 0.23125 0.541406 0.230208 0.540625 0.225 0.540625 0.223958 0.539844 0.220833 0.539844 0.219792 0.539062 0.214583 0.539062 0.213542 0.538281 0.210417 0.538281 0.209375 0.5375 0.207292 0.5375 0.20625 0.536719 0.205208 0.536719 0.204167 0.535937 0.203125 0.535937 0.202083 0.535156 0.2 0.535156 0.198958 0.534375 0.197917 0.534375 0.196875 0.533594 0.195833 0.533594 0.194792 0.532812 0.19375 0.532812 0.191667 0.53125 0.190625 0.53125 0.189583 0.530469 0.189583 0.542969 0.190625 0.54375 0.191667 0.54375 0.192708 0.544531 0.19375 0.544531 0.194792 0.545312 0.195833 0.545312 0.196875 0.546094 0.197917 0.546094 0.198958 0.546875 0.2 0.546875 0.201042 0.547656 0.204167 0.547656 0.205208 0.548437 0.207292 0.548437 0.208333 0.549219 0.209375 0.549219 0.210417 0.55 0.213542 0.55 0.214583 0.550781 0.219792 0.550781 0.220833 0.551562 0.225 0.551562 0.226042 0.552344 0.229167 0.552344 0.230208 0.553125 0.294792 0.553125 0.295833 0.552344 0.3 0.552344 0.301042 0.551562 0.30625 0.551562 0.307292 0.550781 0.314583 0.550781 0.315625 0.55 0.31875 0.55 0.319792 0.549219 0.321875 0.549219 0.322917 0.548437 0.326042 0.548437 0.327083 0.547656 0.33125 0.547656 0.332292 0.546875 0.335417 0.546875 0.336458 0.546094 0.3375 0.546094 0.338542 0.545312 0.340625 0.545312 0.341667 0.544531 0.34375 0.544531 0.344792 0.54375 0.346875 0.54375 0.347917 0.542969 0.348958 0.542969 0.35 0.542187 0.351042 0.542187 0.352083 0.541406 0.353125 0.541406 0.354167 0.540625 0.35625 0.540625 0.359375 0.538281 0.360417 0.538281 0.361458 0.5375 0.3625 0.5375 0.364583 0.535937 0.365625 0.535937 0.367708 0.534375 0.36875 0.534375 0.376042 0.528906 0.376042 0.521875 0.900237
0 0.605208 0.553125 0.605208 0.554688 0.604167 0.555469 0.604167 0.55625 0.6 0.559375 0.6 0.560156 0.597917 0.561719 0.596875 0.561719 0.59375 0.564062 0.592708 0.564062 0.590625 0.565625 0.589583 0.565625 0.588542 0.566406 0.5875 0.566406 0.586458 0.567187 0.585417 0.567187 0.584375 0.567969 0.583333 0.567969 0.582292 0.56875 0.58125 0.56875 0.580208 0.569531 0.578125 0.569531 0.577083 0.570312 0.576042 0.570312 0.575 0.571094 0.572917 0.571094 0.571875 0.571875 0.569792 0.571875 0.56875 0.572656 0.565625 0.572656 0.564583 0.573437 0.561458 0.573437 0.560417 0.574219 0.557292 0.574219 0.55625 0.575 0.552083 0.575 0.551042 0.575781 0.544792 0.575781 0.54375 0.576562 0.534375 0.576562 0.533333 0.577344 0.494792 0.577344 0.49375 0.576562 0.484375 0.576562 0.483333 0.575781 0.476042 0.575781 0.475 0.575 0.470833 0.575 0.469792 0.574219 0.465625 0.574219 0.464583 0.573437 0.461458 0.573437 0.460417 0.572656 0.45625 0.572656 0.455208 0.571875 0.453125 0.571875 0.452083 0.571094 0.45 0.571094 0.448958 0.570312 0.446875 0.570312 0.445833 0.569531 0.444792 0.569531 0.44375 0.56875 0.442708 0.56875 0.441667 0.567969 0.440625 0.567969 0.439583 0.567187 0.438542 0.567187 0.4375 0.566406 0.436458 0.566406 0.435417 0.565625 0.434375 0.565625 0.433333 0.564844 0.432292 0.564844 0.430208 0.563281 0.429167 0.563281 0.427083 0.561719 0.427083 0.56875 0.43125 0.571875 0.432292 0.571875 0.434375 0.573437 0.435417 0.573437 0.438542 0.575781 0.439583 0.575781 0.440625 0.576562 0.441667 0.576562 0.442708 0.577344 0.44375 0.577344 0.444792 0.578125 0.445833 0.578125 0.446875 0.578906 0.448958 0.578906 0.45 0.579687 0.452083 0.579687 0.453125 0.580469 0.454167 0.580469 0.455208 0.58125 0.457292 0.58125 0.458333 0.582031 0.460417 0.582031 0.461458 0.582812 0.465625 0.582812 0.466667 0.583594 0.46875 0.583594 0.469792 0.584375 0.472917 0.584375 0.473958 0.585156 0.479167 0.585156 0.480208 0.585938 0.4875 0.585938 0.488542 0.586719 0.54375 0.586719 0.544792 0.585938 0.551042 0.585938 0.552083 0.585156 0.557292 0.585156 0.558333 0.584375 0.561458 0.584375 0.5625 0.583594 0.564583 0.583594 0.565625 0.582812 0.56875 0.582812 0.569792 0.582031 0.572917 0.582031 0.573958 0.58125 0.576042 0.58125 0.577083 0.580469 0.579167 0.580469 0.580208 0.579687 0.58125 0.579687 0.582292 0.578906 0.583333 0.578906 0.584375 0.578125 0.585417 0.578125 0.586458 0.577344 0.5875 0.577344 0.588542 0.576562 0.589583 0.576562 0.591667 0.575 0.592708 0.575 0.59375 0.574219 0.594792 0.574219 0.604167 0.567187 0.604167 0.566406 0.60625 0.564844 0.60625 0.564062 0.607292 0.563281 0.607292 0.561719 0.608333 0.560937 0.608333 0.554688 0.607292 0.553906 0.607292 0.553125 0.898898
0 0.690625 0.510937 0.690625 0.515625 0.694792 0.51875 0.695833 0.51875 0.697917 0.520312 0.698958 0.520312 0.701042 0.521875 0.702083 0.521875 0.703125 0.522656 0.705208 0.522656 0.707292 0.524219 0.708333 0.524219 0.709375 0.525 0.710417 0.525 0.711458 0.525781 0.713542 0.525781 0.714583 0.526562 0.716667 0.526562 0.717708 0.527344 0.71875 0.527344 0.719792 0.528125 0.721875 0.528125 0.722917 0.528906 0.726042 0.528906 0.727083 0.529687 0.730208 0.529687 0.73125 0.530469 0.733333 0.530469 0.734375 0.53125 0.736458 0.53125 0.7375 0.532031 0.741667 0.532031 0.742708 0.532812 0.746875 0.532812 0.747917 0.533594 0.751042 0.533594 0.752083 0.534375 0.755208 0.534375 0.75625 0.535156 0.7625 0.535156 0.763542 0.535937 0.771875 0.535937 0.772917 0.536719 0.779167 0.536719 0.780208 0.5375 0.836458 0.5375 0.8375 0.536719 0.841667 0.536719 0.842708 0.535937 0.848958 0.535937 0.85 0.535156 0.855208 0.535156 0.85625 0.534375 0.858333 0.534375 0.859375 0.533594 0.861458 0.533594 0.8625 0.532812 0.863542 0.532812 0.864583 0.532031 0.867708 0.532031 0.86875 0.53125 0.869792 0.53125 0.870833 0.530469 0.871875 0.530469 0.872917 0.529687 0.873958 0.529687 0.875 0.528906 0.876042 0.528906 0.878125 0.527344 0.879167 0.527344 0.883333 0.524219 0.883333 0.513281 0.88125 0.514844 0.880208 0.514844 0.877083 0.517188 0.876042 0.517188 0.875 0.517969 0.873958 0.517969 0.872917 0.51875 0.871875 0.51875 0.870833 0.519531 0.86875 0.519531 0.867708 0.520312 0.865625 0.520312 0.864583 0.521094 0.8625 0.521094 0.861458 0.521875 0.859375 0.521875 0.858333 0.522656 0.853125 0.522656 0.852083 0.523438 0.846875 0.523438 0.845833 0.524219 0.841667 0.524219 0.840625 0.525 0.832292 0.525 0.83125 0.525781 0.7875 0.525781 0.786458 0.525 0.773958 0.525 0.772917 0.524219 0.767708 0.524219 0.766667 0.523438 0.760417 0.523438 0.759375 0.522656 0.751042 0.522656 0.75 0.521875 0.745833 0.521875 0.744792 0.521094 0.742708 0.521094 0.741667 0.520312 0.7375 0.520312 0.736458 0.519531 0.733333 0.519531 0.732292 0.51875 0.730208 0.51875 0.729167 0.517969 0.728125 0.517969 0.727083 0.517188 0.722917 0.517188 0.721875 0.516406 0.71875 0.516406 0.717708 0.515625 0.716667 0.515625 0.715625 0.514844 0.714583 0.514844 0.713542 0.514062 0.711458 0.514062 0.710417 0.513281 0.708333 0.513281 0.707292 0.5125 0.70625 0.5125 0.705208 0.511719 0.704167 0.511719 0.703125 0.510937 0.895623
0 0.692708 0.489062 0.692708 0.494531 0.69375 0.494531 0.696875 0.496875 0.698958 0.496875 0.7 0.497656 0.701042 0.497656 0.702083 0.498437 0.703125 0.498437 0.705208 0.5 0.70625 0.5 0.707292 0.500781 0.709375 0.500781 0.710417 0.501562 0.711458 0.501562 0.7125 0.502344 0.713542 0.502344 0.714583 0.503125 0.716667 0.503125 0.717708 0.503906 0.720833 0.503906 0.721875 0.504687 0.723958 0.504687 0.725 0.505469 0.726042 0.505469 0.727083 0.50625 0.730208 0.50625 0.73125 0.507031 0.735417 0.507031 0.736458 0.507812 0.738542 0.507812 0.739583 0.508594 0.742708 0.508594 0.74375 0.509375 0.748958 0.509375 0.75 0.510156 0.755208 0.510156 0.75625 0.510937 0.759375 0.510937 0.760417 0.511719 0.7625 0.511719 0.763542 0.5125 0.770833 0.5125 0.771875 0.513281 0.786458 0.513281 0.7875 0.514062 0.802083 0.514062 0.803125 0.514844 0.815625 0.514844 0.816667 0.514062 0.827083 0.514062 0.828125 0.513281 0.8375 0.513281 0.838542 0.5125 0.847917 0.5125 0.848958 0.511719 0.853125 0.511719 0.854167 0.510937 0.85625 0.510937 0.857292 0.510156 0.860417 0.510156 0.861458 0.509375 0.866667 0.509375 0.867708 0.508594 0.869792 0.508594 0.870833 0.507812 0.871875 0.507812 0.872917 0.507031 0.873958 0.507031 0.875 0.50625 0.877083 0.50625 0.878125 0.505469 0.879167 0.505469 0.88125 0.503906 0.882292 0.503906 0.883333 0.503125 0.884375 0.503125 0.888542 0.5 0.888542 0.499219 0.889583 0.498437 0.889583 0.489062 0.888542 0.489062 0.888542 0.489844 0.885417 0.492187 0.884375 0.492187 0.88125 0.494531 0.880208 0.494531 0.879167 0.495312 0.876042 0.495312 0.875 0.496094 0.873958 0.496094 0.872917 0.496875 0.870833 0.496875 0.869792 0.497656 0.867708 0.497656 0.866667 0.498437 0.861458 0.498437 0.860417 0.499219 0.858333 0.499219 0.857292 0.5 0.85625 0.5 0.855208 0.500781 0.848958 0.500781 0.847917 0.501562 0.833333 0.501562 0.832292 0.502344 0.826042 0.502344 0.825 0.503125 0.794792 0.503125 0.79375 0.502344 0.783333 0.502344 0.782292 0.501562 0.763542 0.501562 0.7625 0.500781 0.757292 0.500781 0.75625 0.5 0.754167 0.5 0.753125 0.499219 0.75 0.499219 0.748958 0.498437 0.742708 0.498437 0.741667 0.497656 0.7375 0.497656 0.736458 0.496875 0.734375 0.496875 0.733333 0.496094 0.73125 0.496094 0.730208 0.495312 0.725 0.495312 0.723958 0.494531 0.721875 0.494531 0.720833 0.49375 0.719792 0.49375 0.71875 0.492969 0.716667 0.492969 0.715625 0.492187 0.710417 0.492187 0.709375 0.491406 0.708333 0.491406 0.707292 0.490625 0.70625 0.490625 0.705208 0.489844 0.704167 0.489844 0.703125 0.489062 0.883331
0 0.385417 0.573437 0.384375 0.574219 0.384375 0.575 0.38125 0.577344 0.38125 0.578125 0.378125 0.580469 0.377083 0.580469 0.370833 0.585156 0.369792 0.585156 0.366667 0.5875 0.365625 0.5875 0.363542 0.589062 0.361458 0.589062 0.359375 0.590625 0.358333 0.590625 0.357292 0.591406 0.35625 0.591406 0.355208 0.592187 0.352083 0.592187 0.351042 0.592969 0.35 0.592969 0.348958 0.59375 0.347917 0.59375 0.346875 0.594531 0.344792 0.594531 0.34375 0.595312 0.340625 0.595312 0.339583 0.596094 0.3375 0.596094 0.336458 0.596875 0.335417 0.596875 0.334375 0.597656 0.33125 0.597656 0.330208 0.598437 0.325 0.598437 0.323958 0.599219 0.320833 0.599219 0.319792 0.6 0.317708 0.6 0.316667 0.600781 0.311458 0.600781 0.310417 0.601562 0.3 0.601562 0.298958 0.602344 0.290625 0.602344 0.289583 0.603125 0.255208 0.603125 0.254167 0.602344 0.245833 0.602344 0.244792 0.601562 0.236458 0.601562 0.235417 0.600781 0.23125 0.600781 0.230208 0.6 0.228125 0.6 0.227083 0.599219 0.223958 0.599219 0.222917 0.598437 0.219792 0.598437 0.21875 0.597656 0.216667 0.597656 0.214583 0.596094 0.2125 0.596094 0.211458 0.595312 0.210417 0.595312 0.209375 0.594531 0.208333 0.594531 0.20625 0.592969 0.205208 0.592969 0.204167 0.592187 0.203125 0.592187 0.202083 0.591406 0.201042 0.591406 0.2 0.590625 0.2 0.599219 0.202083 0.600781 0.203125 0.600781 0.207292 0.603906 0.208333 0.603906 0.210417 0.605469 0.211458 0.605469 0.2125 0.60625 0.213542 0.60625 0.214583 0.607031 0.215625 0.607031 0.216667 0.607812 0.21875 0.607812 0.219792 0.608594 0.220833 0.608594 0.221875 0.609375 0.223958 0.609375 0.225 0.610156 0.227083 0.610156 0.228125 0.610937 0.230208 0.610937 0.23125 0.611719 0.234375 0.611719 0.235417 0.6125 0.239583 0.6125 0.240625 0.613281 0.245833 0.613281 0.246875 0.614062 0.254167 0.614062 0.255208 0.614844 0.3 0.614844 0.301042 0.614062 0.309375 0.614062 0.310417 0.613281 0.316667 0.613281 0.317708 0.6125 0.321875 0.6125 0.322917 0.611719 0.326042 0.611719 0.327083 0.610937 0.329167 0.610937 0.330208 0.610156 0.333333 0.610156 0.334375 0.609375 0.3375 0.609375 0.338542 0.608594 0.340625 0.608594 0.341667 0.607812 0.34375 0.607812 0.344792 0.607031 0.346875 0.607031 0.347917 0.60625 0.348958 0.60625 0.35 0.605469 0.351042 0.605469 0.352083 0.604687 0.353125 0.604687 0.354167 0.603906 0.35625 0.603906 0.357292 0.603125 0.358333 0.603125 0.359375 0.602344 0.360417 0.602344 0.361458 0.601562 0.3625 0.601562 0.363542 0.600781 0.364583 0.600781 0.366667 0.599219 0.367708 0.599219 0.369792 0.597656 0.370833 0.597656 0.373958 0.595312 0.375 0.595312 0.384375 0.588281 0.384375 0.5875 0.386458 0.585938 0.386458 0.573437 0.877447
0 0.691667 0.477344 0.691667 0.483594 0.692708 0.484375 0.69375 0.484375 0.694792 0.485156 0.696875 0.485156 0.698958 0.486719 0.7 0.486719 0.701042 0.4875 0.702083 0.4875 0.703125 0.488281 0.704167 0.488281 0.705208 0.489062 0.707292 0.489062 0.708333 0.489844 0.709375 0.489844 0.710417 0.490625 0.713542 0.490625 0.714583 0.491406 0.717708 0.491406 0.71875 0.492187 0.719792 0.492187 0.720833 0.492969 0.721875 0.492969 0.722917 0.49375 0.725 0.49375 0.726042 0.494531 0.730208 0.494531 0.73125 0.495312 0.733333 0.495312 0.734375 0.496094 0.736458 0.496094 0.7375 0.496875 0.741667 0.496875 0.742708 0.497656 0.748958 0.497656 0.75 0.498437 0.753125 0.498437 0.754167 0.499219 0.757292 0.499219 0.758333 0.5 0.763542 0.5 0.764583 0.500781 0.778125 0.500781 0.779167 0.501562 0.835417 0.501562 0.836458 0.500781 0.847917 0.500781 0.848958 0.5 0.854167 0.5 0.855208 0.499219 0.857292 0.499219 0.858333 0.498437 0.860417 0.498437 0.861458 0.497656 0.864583 0.497656 0.865625 0.496875 0.86875 0.496875 0.869792 0.496094 0.871875 0.496094 0.872917 0.495312 0.873958 0.495312 0.875 0.494531 0.877083 0.494531 0.878125 0.49375 0.879167 0.49375 0.880208 0.492969 0.88125 0.492969 0.883333 0.491406 0.884375 0.491406 0.888542 0.488281 0.888542 0.478125 0.8875 0.478125 0.885417 0.479687 0.884375 0.479687 0.88125 0.482031 0.880208 0.482031 0.879167 0.482812 0.877083 0.482812 0.876042 0.483594 0.875 0.483594 0.873958 0.484375 0.872917 0.484375 0.871875 0.485156 0.86875 0.485156 0.867708 0.485937 0.861458 0.485937 0.860417 0.486719 0.858333 0.486719 0.857292 0.4875 0.85625 0.4875 0.855208 0.488281 0.848958 0.488281 0.847917 0.489062 0.834375 0.489062 0.833333 0.489844 0.820833 0.489844 0.819792 0.490625 0.798958 0.490625 0.797917 0.489844 0.7875 0.489844 0.786458 0.489062 0.769792 0.489062 0.76875 0.488281 0.759375 0.488281 0.758333 0.4875 0.755208 0.4875 0.754167 0.486719 0.751042 0.486719 0.75 0.485937 0.742708 0.485937 0.741667 0.485156 0.7375 0.485156 0.736458 0.484375 0.733333 0.484375 0.732292 0.483594 0.729167 0.483594 0.728125 0.482812 0.723958 0.482812 0.722917 0.482031 0.719792 0.482031 0.71875 0.48125 0.717708 0.48125 0.716667 0.480469 0.715625 0.480469 0.714583 0.479687 0.710417 0.479687 0.709375 0.478906 0.707292 0.478906 0.70625 0.478125 0.705208 0.478125 0.704167 0.477344 0.863242
0 0.692708 0.451562 0.692708 0.460156 0.69375 0.460156 0.694792 0.460937 0.695833 0.460937 0.697917 0.4625 0.7 0.4625 0.701042 0.463281 0.702083 0.463281 0.703125 0.464062 0.704167 0.464062 0.705208 0.464844 0.70625 0.464844 0.707292 0.465625 0.708333 0.465625 0.709375 0.466406 0.714583 0.466406 0.715625 0.467187 0.716667 0.467187 0.717708 0.467969 0.71875 0.467969 0.719792 0.46875 0.721875 0.46875 0.722917 0.469531 0.728125 0.469531 0.729167 0.470312 0.733333 0.470312 0.734375 0.471094 0.736458 0.471094 0.7375 0.471875 0.740625 0.471875 0.741667 0.472656 0.75 0.472656 0.751042 0.473437 0.755208 0.473437 0.75625 0.474219 0.760417 0.474219 0.761458 0.475 0.767708 0.475 0.76875 0.475781 0.790625 0.475781 0.791667 0.476562 0.832292 0.476562 0.833333 0.475781 0.847917 0.475781 0.848958 0.475 0.854167 0.475 0.855208 0.474219 0.857292 0.474219 0.858333 0.473437 0.861458 0.473437 0.8625 0.472656 0.86875 0.472656 0.869792 0.471875 0.872917 0.471875 0.875 0.470312 0.876042 0.470312 0.877083 0.469531 0.879167 0.469531 0.880208 0.46875 0.88125 0.46875 0.882292 0.467969 0.883333 0.467969 0.885417 0.466406 0.886458 0.466406 0.8875 0.465625 0.888542 0.465625 0.891667 0.463281 0.891667 0.451562 0.8875 0.451562 0.884375 0.453906 0.883333 0.453906 0.882292 0.454687 0.88125 0.454687 0.880208 0.455469 0.879167 0.455469 0.878125 0.45625 0.876042 0.45625 0.875 0.457031 0.873958 0.457031 0.872917 0.457812 0.870833 0.457812 0.869792 0.458594 0.867708 0.458594 0.866667 0.459375 0.863542 0.459375 0.8625 0.460156 0.857292 0.460156 0.85625 0.460937 0.85 0.460937 0.848958 0.461719 0.841667 0.461719 0.840625 0.4625 0.829167 0.4625 0.828125 0.463281 0.786458 0.463281 0.785417 0.4625 0.772917 0.4625 0.771875 0.461719 0.763542 0.461719 0.7625 0.460937 0.753125 0.460937 0.752083 0.460156 0.744792 0.460156 0.74375 0.459375 0.739583 0.459375 0.738542 0.458594 0.734375 0.458594 0.733333 0.457812 0.728125 0.457812 0.727083 0.457031 0.722917 0.457031 0.721875 0.45625 0.719792 0.45625 0.71875 0.455469 0.715625 0.455469 0.714583 0.454687 0.7125 0.454687 0.711458 0.453906 0.708333 0.453906 0.707292 0.453125 0.705208 0.453125 0.704167 0.452344 0.702083 0.452344 0.701042 0.451562 0.851389
0 0.691667 0.465625 0.691667 0.471875 0.692708 0.472656 0.69375 0.472656 0.694792 0.473437 0.695833 0.473437 0.697917 0.475 0.7 0.475 0.701042 0.475781 0.702083 0.475781 0.703125 0.476562 0.704167 0.476562 0.705208 0.477344 0.70625 0.477344 0.707292 0.478125 0.709375 0.478125 0.710417 0.478906 0.714583 0.478906 0.715625 0.479687 0.716667 0.479687 0.717708 0.480469 0.71875 0.480469 0.719792 0.48125 0.722917 0.48125 0.723958 0.482031 0.728125 0.482031 0.729167 0.482812 0.73125 0.482812 0.732292 0.483594 0.735417 0.483594 0.736458 0.484375 0.740625 0.484375 0.741667 0.485156 0.747917 0.485156 0.748958 0.485937 0.753125 0.485937 0.754167 0.486719 0.757292 0.486719 0.758333 0.4875 0.764583 0.4875 0.765625 0.488281 0.778125 0.488281 0.779167 0.489062 0.838542 0.489062 0.839583 0.488281 0.848958 0.488281 0.85 0.4875 0.855208 0.4875 0.85625 0.486719 0.858333 0.486719 0.859375 0.485937 0.8625 0.485937 0.863542 0.485156 0.867708 0.485156 0.86875 0.484375 0.871875 0.484375 0.872917 0.483594 0.873958 0.483594 0.875 0.482812 0.876042 0.482812 0.877083 0.482031 0.878125 0.482031 0.879167 0.48125 0.880208 0.48125 0.882292 0.479687 0.883333 0.479687 0.885417 0.478125 0.886458 0.478125 0.888542 0.476562 0.888542 0.465625 0.886458 0.467187 0.885417 0.467187 0.883333 0.46875 0.882292 0.46875 0.88125 0.469531 0.880208 0.469531 0.879167 0.470312 0.877083 0.470312 0.876042 0.471094 0.875 0.471094 0.873958 0.471875 0.872917 0.471875 0.871875 0.472656 0.869792 0.472656 0.86875 0.473437 0.860417 0.473437 0.859375 0.474219 0.857292 0.474219 0.85625 0.475 0.853125 0.475 0.852083 0.475781 0.842708 0.475781 0.841667 0.476562 0.826042 0.476562 0.825 0.477344 0.796875 0.477344 0.795833 0.476562 0.778125 0.476562 0.777083 0.475781 0.764583 0.475781 0.763542 0.475 0.759375 0.475 0.758333 0.474219 0.755208 0.474219 0.754167 0.473437 0.744792 0.473437 0.74375 0.472656 0.738542 0.472656 0.7375 0.471875 0.734375 0.471875 0.733333 0.471094 0.730208 0.471094 0.729167 0.470312 0.723958 0.470312 0.722917 0.469531 0.720833 0.469531 0.719792 0.46875 0.717708 0.46875 0.716667 0.467969 0.715625 0.467969 0.714583 0.467187 0.709375 0.467187 0.708333 0.466406 0.707292 0.466406 0.70625 0.465625 0.843794
0 0.834375 0.507031 0.832292 0.507031 0.83125 0.50625 0.81875 0.50625 0.817708 0.505469 0.780208 0.505469 0.778125 0.507031 0.779167 0.507812 0.785417 0.507812 0.786458 0.508594 0.820833 0.508594 0.821875 0.507812 0.832292 0.507812 0.833333 0.507031 0.834375 0.507031 0.871875 0.503125 0.873958 0.501562 0.873958 0.500781 0.879167 0.499219 0.880208 0.5 0.88125 0.5 0.884375 0.503125 0.882292 0.504687 0.88125 0.504687 0.880208 0.505469 0.879167 0.505469 0.876042 0.507812 0.871875 0.507812 0.870833 0.508594 0.867708 0.508594 0.866667 0.509375 0.860417 0.509375 0.859375 0.510156 0.858333 0.510156 0.857292 0.510937 0.85625 0.510937 0.855208 0.511719 0.852083 0.511719 0.851042 0.5125 0.846875 0.5125 0.845833 0.513281 0.835417 0.513281 0.834375 0.514062 0.821875 0.514062 0.820833 0.514844 0.8 0.514844 0.798958 0.514062 0.778125 0.514062 0.777083 0.513281 0.766667 0.513281 0.765625 0.5125 0.7625 0.5125 0.761458 0.511719 0.759375 0.511719 0.758333 0.510937 0.754167 0.510937 0.753125 0.510156 0.746875 0.510156 0.745833 0.509375 0.741667 0.509375 0.740625 0.508594 0.738542 0.508594 0.7375 0.507812 0.732292 0.507812 0.73125 0.507031 0.729167 0.507031 0.728125 0.50625 0.726042 0.50625 0.725 0.505469 0.722917 0.505469 0.721875 0.504687 0.717708 0.504687 0.716667 0.503906 0.713542 0.503906 0.711458 0.502344 0.710417 0.502344 0.709375 0.501562 0.70625 0.501562 0.704167 0.5 0.703125 0.5 0.701042 0.498437 0.698958 0.498437 0.697917 0.497656 0.690625 0.497656 0.690625 0.504687 0.69375 0.507031 0.694792 0.507031 0.695833 0.507812 0.696875 0.507812 0.697917 0.508594 0.698958 0.508594 0.7 0.509375 0.701042 0.509375 0.703125 0.510937 0.704167 0.510937 0.705208 0.511719 0.70625 0.511719 0.707292 0.5125 0.709375 0.5125 0.710417 0.513281 0.711458 0.513281 0.7125 0.514062 0.714583 0.514062 0.715625 0.514844 0.716667 0.514844 0.717708 0.515625 0.720833 0.515625 0.721875 0.516406 0.725 0.516406 0.726042 0.517188 0.727083 0.517188 0.728125 0.517969 0.730208 0.517969 0.73125 0.51875 0.734375 0.51875 0.735417 0.519531 0.739583 0.519531 0.740625 0.520312 0.74375 0.520312 0.744792 0.521094 0.747917 0.521094 0.748958 0.521875 0.754167 0.521875 0.755208 0.522656 0.7625 0.522656 0.763542 0.523438 0.767708 0.523438 0.76875 0.524219 0.773958 0.524219 0.775 0.525 0.783333 0.525 0.784375 0.525781 0.830208 0.525781 0.83125 0.525 0.839583 0.525 0.840625 0.524219 0.844792 0.524219 0.845833 0.523438 0.85 0.523438 0.851042 0.522656 0.857292 0.522656 0.858333 0.521875 0.860417 0.521875 0.861458 0.521094 0.863542 0.521094 0.864583 0.520312 0.865625 0.520312 0.866667 0.519531 0.869792 0.519531 0.870833 0.51875 0.871875 0.51875 0.872917 0.517969 0.873958 0.517969 0.876042 0.516406 0.877083 0.516406 0.878125 0.515625 0.879167 0.515625 0.88125 0.514062 0.882292 0.514062 0.884375 0.5125 0.884375 0.503125 0.88125 0.5 0.88125 0.499219 0.882292 0.498437 0.882292 0.497656 0.879167 0.497656 0.879167 0.499219 0.873958 0.500781 0.871875 0.500781 0.871875 0.503125 0.842684
0 0.609375 0.564062 0.609375 0.572656 0.608333 0.573437 0.608333 0.575 0.607292 0.575781 0.607292 0.576562 0.605208 0.578125 0.605208 0.578906 0.596875 0.585156 0.595833 0.585156 0.59375 0.586719 0.592708 0.586719 0.591667 0.5875 0.590625 0.5875 0.588542 0.589062 0.586458 0.589062 0.585417 0.589844 0.584375 0.589844 0.583333 0.590625 0.582292 0.590625 0.58125 0.591406 0.579167 0.591406 0.578125 0.592187 0.576042 0.592187 0.575 0.592969 0.572917 0.592969 0.571875 0.59375 0.569792 0.59375 0.56875 0.594531 0.566667 0.594531 0.565625 0.595312 0.561458 0.595312 0.560417 0.596094 0.557292 0.596094 0.55625 0.596875 0.552083 0.596875 0.551042 0.597656 0.546875 0.597656 0.545833 0.598437 0.536458 0.598437 0.535417 0.599219 0.498958 0.599219 0.497917 0.598437 0.488542 0.598437 0.4875 0.597656 0.482292 0.597656 0.48125 0.596875 0.478125 0.596875 0.477083 0.596094 0.472917 0.596094 0.471875 0.595312 0.467708 0.595312 0.466667 0.594531 0.464583 0.594531 0.463542 0.59375 0.4625 0.59375 0.461458 0.592969 0.459375 0.592969 0.458333 0.592187 0.45625 0.592187 0.455208 0.591406 0.453125 0.591406 0.452083 0.590625 0.451042 0.590625 0.45 0.589844 0.447917 0.589844 0.446875 0.589062 0.445833 0.589062 0.444792 0.588281 0.44375 0.588281 0.442708 0.5875 0.441667 0.5875 0.440625 0.586719 0.439583 0.586719 0.4375 0.585156 0.436458 0.585156 0.434375 0.583594 0.433333 0.583594 0.433333 0.5875 0.434375 0.588281 0.434375 0.589062 0.435417 0.589062 0.4375 0.590625 0.4375 0.591406 0.438542 0.592187 0.439583 0.592187 0.44375 0.595312 0.444792 0.595312 0.446875 0.596875 0.447917 0.596875 0.45 0.598437 0.451042 0.598437 0.452083 0.599219 0.453125 0.599219 0.454167 0.6 0.455208 0.6 0.45625 0.600781 0.457292 0.600781 0.458333 0.601562 0.460417 0.601562 0.461458 0.602344 0.4625 0.602344 0.463542 0.603125 0.465625 0.603125 0.466667 0.603906 0.46875 0.603906 0.469792 0.604687 0.471875 0.604687 0.472917 0.605469 0.475 0.605469 0.476042 0.60625 0.479167 0.60625 0.480208 0.607031 0.484375 0.607031 0.485417 0.607812 0.489583 0.607812 0.490625 0.608594 0.495833 0.608594 0.496875 0.609375 0.55625 0.609375 0.557292 0.608594 0.5625 0.608594 0.563542 0.607812 0.567708 0.607812 0.56875 0.607031 0.571875 0.607031 0.572917 0.60625 0.575 0.60625 0.576042 0.605469 0.578125 0.605469 0.579167 0.604687 0.58125 0.604687 0.582292 0.603906 0.584375 0.603906 0.585417 0.603125 0.586458 0.603125 0.5875 0.602344 0.588542 0.602344 0.589583 0.601562 0.590625 0.601562 0.591667 0.600781 0.59375 0.600781 0.595833 0.599219 0.596875 0.599219 0.597917 0.598437 0.598958 0.598437 0.601042 0.596875 0.602083 0.596875 0.611458 0.589844 0.611458 0.589062 0.6125 0.588281 0.6125 0.5875 0.613542 0.586719 0.613542 0.585938 0.614583 0.585156 0.614583 0.564844 0.613542 0.564062 0.806479
0 0.677083 0.578125 0.677083 0.590625 0.678125 0.591406 0.678125 0.592187 0.685417 0.597656 0.686458 0.597656 0.689583 0.6 0.690625 0.6 0.692708 0.601562 0.69375 0.601562 0.696875 0.603906 0.697917 0.603906 0.698958 0.604687 0.7 0.604687 0.701042 0.605469 0.702083 0.605469 0.704167 0.607031 0.70625 0.607031 0.707292 0.607812 0.708333 0.607812 0.709375 0.608594 0.710417 0.608594 0.711458 0.609375 0.7125 0.609375 0.713542 0.610156 0.715625 0.610156 0.716667 0.610937 0.717708 0.610937 0.71875 0.611719 0.720833 0.611719 0.721875 0.6125 0.723958 0.6125 0.725 0.613281 0.728125 0.613281 0.729167 0.614062 0.73125 0.614062 0.732292 0.614844 0.735417 0.614844 0.736458 0.615625 0.738542 0.615625 0.739583 0.616406 0.74375 0.616406 0.744792 0.617188 0.747917 0.617188 0.748958 0.617969 0.753125 0.617969 0.754167 0.61875 0.759375 0.61875 0.760417 0.619531 0.770833 0.619531 0.771875 0.620312 0.8125 0.620312 0.813542 0.619531 0.822917 0.619531 0.823958 0.61875 0.829167 0.61875 0.830208 0.617969 0.832292 0.617969 0.833333 0.617188 0.835417 0.617188 0.836458 0.616406 0.839583 0.616406 0.840625 0.615625 0.842708 0.615625 0.84375 0.614844 0.844792 0.614844 0.845833 0.614062 0.847917 0.614062 0.848958 0.613281 0.85 0.613281 0.851042 0.6125 0.852083 0.6125 0.854167 0.610937 0.855208 0.610937 0.85625 0.610156 0.857292 0.610156 0.860417 0.607812 0.861458 0.607812 0.864583 0.605469 0.864583 0.604687 0.866667 0.603125 0.866667 0.602344 0.867708 0.601562 0.867708 0.6 0.86875 0.599219 0.86875 0.594531 0.867708 0.59375 0.864583 0.596094 0.863542 0.596094 0.860417 0.598437 0.859375 0.598437 0.857292 0.6 0.85625 0.6 0.855208 0.600781 0.854167 0.600781 0.853125 0.601562 0.852083 0.601562 0.851042 0.602344 0.848958 0.602344 0.847917 0.603125 0.846875 0.603125 0.845833 0.603906 0.84375 0.603906 0.842708 0.604687 0.838542 0.604687 0.8375 0.605469 0.833333 0.605469 0.832292 0.60625 0.829167 0.60625 0.828125 0.607031 0.822917 0.607031 0.821875 0.607812 0.808333 0.607812 0.807292 0.608594 0.78125 0.608594 0.780208 0.607812 0.764583 0.607812 0.763542 0.607031 0.758333 0.607031 0.757292 0.60625 0.753125 0.60625 0.752083 0.605469 0.748958 0.605469 0.747917 0.604687 0.742708 0.604687 0.741667 0.603906 0.738542 0.603906 0.7375 0.603125 0.735417 0.603125 0.734375 0.602344 0.732292 0.602344 0.73125 0.601562 0.727083 0.601562 0.726042 0.600781 0.723958 0.600781 0.722917 0.6 0.721875 0.6 0.720833 0.599219 0.71875 0.599219 0.717708 0.598437 0.715625 0.598437 0.714583 0.597656 0.713542 0.597656 0.7125 0.596875 0.710417 0.596875 0.709375 0.596094 0.708333 0.596094 0.707292 0.595312 0.70625 0.595312 0.705208 0.594531 0.704167 0.594531 0.703125 0.59375 0.702083 0.59375 0.701042 0.592969 0.7 0.592969 0.698958 0.592187 0.697917 0.592187 0.694792 0.589844 0.69375 0.589844 0.691667 0.588281 0.690625 0.588281 0.688542 0.586719 0.6875 0.586719 0.677083 0.578906 0.711457
0 0.184375 0.477344 0.184375 0.49375 0.186458 0.495312 0.1875 0.495312 0.188542 0.496094 0.189583 0.496094 0.190625 0.496875 0.192708 0.496875 0.19375 0.497656 0.194792 0.497656 0.195833 0.498437 0.196875 0.498437 0.197917 0.499219 0.198958 0.499219 0.2 0.5 0.204167 0.5 0.205208 0.500781 0.208333 0.500781 0.209375 0.501562 0.211458 0.501562 0.2125 0.502344 0.215625 0.502344 0.216667 0.503125 0.223958 0.503125 0.225 0.503906 0.233333 0.503906 0.234375 0.504687 0.284375 0.504687 0.285417 0.503906 0.298958 0.503906 0.3 0.503125 0.307292 0.503125 0.308333 0.502344 0.311458 0.502344 0.3125 0.501562 0.316667 0.501562 0.317708 0.500781 0.323958 0.500781 0.325 0.5 0.328125 0.5 0.329167 0.499219 0.33125 0.499219 0.332292 0.498437 0.334375 0.498437 0.335417 0.497656 0.338542 0.497656 0.339583 0.496875 0.341667 0.496875 0.342708 0.496094 0.34375 0.496094 0.344792 0.495312 0.345833 0.495312 0.346875 0.494531 0.348958 0.494531 0.35 0.49375 0.352083 0.49375 0.353125 0.492969 0.354167 0.492969 0.355208 0.492187 0.35625 0.492187 0.357292 0.491406 0.359375 0.491406 0.360417 0.490625 0.361458 0.490625 0.363542 0.489062 0.364583 0.489062 0.366667 0.4875 0.367708 0.4875 0.371875 0.484375 0.372917 0.484375 0.372917 0.477344 0.365625 0.477344 0.363542 0.478906 0.3625 0.478906 0.361458 0.479687 0.360417 0.479687 0.359375 0.480469 0.358333 0.480469 0.35625 0.482031 0.354167 0.482031 0.353125 0.482812 0.351042 0.482812 0.35 0.483594 0.348958 0.483594 0.347917 0.484375 0.345833 0.484375 0.344792 0.485156 0.342708 0.485156 0.341667 0.485937 0.338542 0.485937 0.3375 0.486719 0.335417 0.486719 0.334375 0.4875 0.332292 0.4875 0.33125 0.488281 0.327083 0.488281 0.326042 0.489062 0.31875 0.489062 0.317708 0.489844 0.315625 0.489844 0.314583 0.490625 0.309375 0.490625 0.308333 0.491406 0.296875 0.491406 0.295833 0.492187 0.286458 0.492187 0.285417 0.492969 0.269792 0.492969 0.26875 0.49375 0.259375 0.49375 0.258333 0.492969 0.239583 0.492969 0.238542 0.492187 0.23125 0.492187 0.230208 0.491406 0.23125 0.490625 0.23125 0.489062 0.230208 0.488281 0.226042 0.488281 0.225 0.4875 0.223958 0.4875 0.222917 0.486719 0.210417 0.486719 0.209375 0.485937 0.209375 0.485156 0.210417 0.484375 0.210417 0.482812 0.209375 0.482031 0.208333 0.482031 0.205208 0.479687 0.203125 0.479687 0.202083 0.478906 0.198958 0.478906 0.197917 0.478125 0.194792 0.478125 0.19375 0.477344 0.629616
0 0.385417 0.573437 0.384375 0.574219 0.384375 0.575 0.38125 0.577344 0.38125 0.578125 0.378125 0.580469 0.377083 0.580469 0.370833 0.585156 0.369792 0.585156 0.367708 0.586719 0.366667 0.586719 0.363542 0.589062 0.361458 0.589062 0.359375 0.590625 0.358333 0.590625 0.357292 0.591406 0.35625 0.591406 0.355208 0.592187 0.352083 0.592187 0.351042 0.592969 0.35 0.592969 0.348958 0.59375 0.347917 0.59375 0.346875 0.594531 0.344792 0.594531 0.34375 0.595312 0.340625 0.595312 0.339583 0.596094 0.3375 0.596094 0.336458 0.596875 0.334375 0.596875 0.333333 0.597656 0.33125 0.597656 0.330208 0.598437 0.325 0.598437 0.323958 0.599219 0.320833 0.599219 0.319792 0.6 0.316667 0.6 0.315625 0.600781 0.310417 0.600781 0.309375 0.601562 0.298958 0.601562 0.297917 0.602344 0.288542 0.602344 0.2875 0.603125 0.25625 0.603125 0.255208 0.602344 0.245833 0.602344 0.244792 0.601562 0.236458 0.601562 0.235417 0.600781 0.232292 0.600781 0.23125 0.6 0.228125 0.6 0.227083 0.599219 0.223958 0.599219 0.222917 0.598437 0.219792 0.598437 0.21875 0.597656 0.217708 0.597656 0.216667 0.596875 0.215625 0.596875 0.214583 0.596094 0.2125 0.596094 0.211458 0.595312 0.210417 0.595312 0.208333 0.59375 0.207292 0.59375 0.20625 0.592969 0.205208 0.592969 0.204167 0.592187 0.203125 0.592187 0.202083 0.591406 0.201042 0.591406 0.2 0.590625 0.2 0.599219 0.203125 0.601562 0.204167 0.601562 0.207292 0.603906 0.208333 0.603906 0.210417 0.605469 0.211458 0.605469 0.2125 0.60625 0.213542 0.60625 0.214583 0.607031 0.215625 0.607031 0.216667 0.607812 0.21875 0.607812 0.219792 0.608594 0.220833 0.608594 0.221875 0.609375 0.223958 0.609375 0.225 0.610156 0.227083 0.610156 0.228125 0.610937 0.230208 0.610937 0.23125 0.611719 0.234375 0.611719 0.235417 0.6125 0.239583 0.6125 0.240625 0.613281 0.316667 0.613281 0.317708 0.6125 0.321875 0.6125 0.322917 0.611719 0.326042 0.611719 0.327083 0.610937 0.329167 0.610937 0.330208 0.610156 0.333333 0.610156 0.334375 0.609375 0.3375 0.609375 0.338542 0.608594 0.340625 0.608594 0.341667 0.607812 0.34375 0.607812 0.344792 0.607031 0.346875 0.607031 0.347917 0.60625 0.348958 0.60625 0.35 0.605469 0.351042 0.605469 0.352083 0.604687 0.353125 0.604687 0.354167 0.603906 0.35625 0.603906 0.357292 0.603125 0.358333 0.603125 0.359375 0.602344 0.360417 0.602344 0.361458 0.601562 0.3625 0.601562 0.363542 0.600781 0.364583 0.600781 0.366667 0.599219 0.367708 0.599219 0.369792 0.597656 0.370833 0.597656 0.373958 0.595312 0.375 0.595312 0.384375 0.588281 0.384375 0.5875 0.386458 0.585938 0.386458 0.573437 0.252785
