0 0.353125 0.317188 0.353125 0.346875 0.354688 0.348438 0.357813 0.348438 0.359375 0.35 0.360938 0.35 0.3625 0.351562 0.370313 0.351562 0.371875 0.353125 0.375 0.353125 0.376563 0.354688 0.379688 0.354688 0.38125 0.35625 0.3875 0.35625 0.389063 0.357813 0.40625 0.357813 0.407813 0.359375 0.41875 0.359375 0.420313 0.360938 0.440625 0.360938 0.442188 0.3625 0.50625 0.3625 0.507812 0.360938 0.521875 0.360938 0.523438 0.359375 0.5375 0.359375 0.539063 0.357813 0.548438 0.357813 0.55 0.35625 0.554688 0.35625 0.55625 0.354688 0.559375 0.354688 0.560938 0.353125 0.567188 0.353125 0.56875 0.351562 0.576563 0.351562 0.579688 0.348438 0.58125 0.348438 0.582813 0.346875 0.584375 0.346875 0.585938 0.345313 0.589063 0.345313 0.590625 0.34375 0.592188 0.34375 0.59375 0.342188 0.59375 0.326563 0.592188 0.326563 0.5875 0.33125 0.585938 0.33125 0.584375 0.332813 0.58125 0.332813 0.579688 0.334375 0.576563 0.334375 0.575 0.335938 0.571875 0.335938 0.570313 0.3375 0.567188 0.3375 0.565625 0.339063 0.551563 0.339063 0.55 0.340625 0.5375 0.340625 0.535938 0.342188 0.529688 0.342188 0.528125 0.34375 0.517188 0.34375 0.515625 0.345313 0.471875 0.345313 0.470313 0.346875 0.439063 0.346875 0.4375 0.345313 0.415625 0.345313 0.414062 0.34375 0.403125 0.34375 0.401563 0.342188 0.396875 0.342188 0.395313 0.340625 0.3875 0.340625 0.385938 0.339063 0.378125 0.339063 0.376563 0.3375 0.373438 0.3375 0.371875 0.335938 0.36875 0.335938 0.365625 0.332813 0.364063 0.332813 0.3625 0.33125 0.360938 0.33125 0.35625 0.326563 0.35625 0.323438 0.354688 0.321875 0.354688 0.320312 0.353125 0.31875 0.948921
0 0.357813 0.359375 0.357813 0.367188 0.359375 0.36875 0.359375 0.370313 0.3625 0.373438 0.3625 0.375 0.365625 0.378125 0.367188 0.378125 0.370313 0.38125 0.371875 0.38125 0.373438 0.382812 0.376563 0.382812 0.378125 0.384375 0.379688 0.384375 0.38125 0.385938 0.389063 0.385938 0.390625 0.3875 0.395313 0.3875 0.396875 0.389063 0.401563 0.389063 0.403125 0.390625 0.410938 0.390625 0.4125 0.392188 0.432813 0.392188 0.434375 0.39375 0.509375 0.39375 0.510938 0.392188 0.525 0.392188 0.526563 0.390625 0.532813 0.390625 0.534375 0.389063 0.542188 0.389063 0.54375 0.3875 0.554688 0.3875 0.55625 0.385938 0.565625 0.385938 0.567188 0.384375 0.570313 0.384375 0.571875 0.382812 0.575 0.382812 0.576563 0.38125 0.579688 0.38125 0.58125 0.379688 0.584375 0.379688 0.590625 0.373438 0.592188 0.373438 0.59375 0.371875 0.59375 0.370313 0.595313 0.36875 0.595313 0.359375 0.59375 0.359375 0.592188 0.360938 0.590625 0.360938 0.589063 0.3625 0.5875 0.3625 0.585938 0.364063 0.584375 0.364063 0.582813 0.365625 0.579688 0.365625 0.578125 0.367188 0.576563 0.367188 0.575 0.36875 0.573438 0.36875 0.571875 0.370313 0.564063 0.370313 0.5625 0.371875 0.554688 0.371875 0.553125 0.373438 0.548438 0.373438 0.546875 0.375 0.54375 0.375 0.542188 0.376563 0.529688 0.376563 0.528125 0.378125 0.510938 0.378125 0.509375 0.379688 0.49375 0.379688 0.492188 0.38125 0.465625 0.38125 0.464063 0.379688 0.435938 0.379688 0.434375 0.378125 0.414062 0.378125 0.4125 0.376563 0.396875 0.376563 0.395313 0.375 0.390625 0.375 0.389063 0.373438 0.385938 0.373438 0.384375 0.371875 0.379688 0.371875 0.378125 0.370313 0.373438 0.370313 0.371875 0.36875 0.370313 0.36875 0.365625 0.364063 0.364063 0.364063 0.3625 0.3625 0.360938 0.3625 0.359375 0.360938 0.359375 0.359375 0.943605
0 0.59375 0.342188 0.590625 0.345313 0.589063 0.345313 0.5875 0.346875 0.585938 0.346875 0.584375 0.348438 0.582813 0.348438 0.58125 0.35 0.579688 0.35 0.578125 0.351562 0.573438 0.351562 0.571875 0.353125 0.565625 0.353125 0.564063 0.354688 0.559375 0.354688 0.557813 0.35625 0.554688 0.35625 0.553125 0.357813 0.542188 0.357813 0.540625 0.359375 0.526563 0.359375 0.525 0.360938 0.515625 0.360938 0.514063 0.3625 0.479688 0.3625 0.478125 0.364063 0.459375 0.364063 0.457813 0.3625 0.45625 0.3625 0.454688 0.364063 0.453125 0.364063 0.451563 0.3625 0.421875 0.3625 0.420313 0.360938 0.409375 0.360938 0.407813 0.359375 0.395313 0.359375 0.39375 0.357813 0.382812 0.357813 0.38125 0.35625 0.376563 0.35625 0.375 0.354688 0.371875 0.354688 0.370313 0.353125 0.367188 0.353125 0.365625 0.351562 0.364063 0.351562 0.360938 0.348438 0.357813 0.348438 0.35625 0.346875 0.35625 0.345313 0.354688 0.34375 0.354688 0.35625 0.357813 0.359375 0.357813 0.360938 0.359375 0.360938 0.360938 0.3625 0.364063 0.3625 0.365625 0.364063 0.367188 0.364063 0.36875 0.365625 0.370313 0.365625 0.371875 0.367188 0.373438 0.367188 0.375 0.36875 0.378125 0.36875 0.379688 0.370313 0.3875 0.370313 0.389063 0.371875 0.39375 0.371875 0.395313 0.373438 0.404688 0.373438 0.40625 0.375 0.420313 0.375 0.421875 0.376563 0.435938 0.376563 0.4375 0.378125 0.465625 0.378125 0.467188 0.379688 0.495313 0.379688 0.496875 0.378125 0.5125 0.378125 0.514063 0.376563 0.532813 0.376563 0.534375 0.375 0.540625 0.375 0.542188 0.373438 0.546875 0.373438 0.548438 0.371875 0.554688 0.371875 0.55625 0.370313 0.564063 0.370313 0.565625 0.36875 0.571875 0.36875 0.573438 0.367188 0.575 0.367188 0.576563 0.365625 0.579688 0.365625 0.58125 0.364063 0.582813 0.364063 0.584375 0.3625 0.585938 0.3625 0.5875 0.360938 0.589063 0.360938 0.590625 0.359375 0.592188 0.359375 0.59375 0.357813 0.943432
0 0.359375 0.3875 0.359375 0.40625 0.3625 0.409375 0.365625 0.409375 0.367188 0.410938 0.36875 0.410938 0.370313 0.4125 0.373438 0.4125 0.375 0.414062 0.378125 0.414062 0.379688 0.415625 0.384375 0.415625 0.385938 0.417188 0.390625 0.417188 0.392188 0.41875 0.403125 0.41875 0.404688 0.420313 0.407813 0.420313 0.409375 0.421875 0.415625 0.421875 0.417188 0.423438 0.423438 0.423438 0.425 0.425 0.439063 0.425 0.440625 0.426563 0.496875 0.426563 0.498438 0.425 0.510938 0.425 0.5125 0.423438 0.51875 0.423438 0.520313 0.421875 0.525 0.421875 0.526563 0.420313 0.534375 0.420313 0.535938 0.41875 0.546875 0.41875 0.548438 0.417188 0.554688 0.417188 0.55625 0.415625 0.559375 0.415625 0.560938 0.414062 0.5625 0.414062 0.564063 0.4125 0.567188 0.4125 0.56875 0.410938 0.571875 0.410938 0.573438 0.409375 0.575 0.409375 0.578125 0.40625 0.579688 0.40625 0.58125 0.404688 0.582813 0.404688 0.584375 0.403125 0.585938 0.403125 0.5875 0.401563 0.5875 0.390625 0.584375 0.39375 0.582813 0.39375 0.58125 0.395313 0.579688 0.395313 0.578125 0.396875 0.576563 0.396875 0.575 0.398438 0.571875 0.398438 0.570313 0.4 0.567188 0.4 0.565625 0.401563 0.560938 0.401563 0.559375 0.403125 0.553125 0.403125 0.551563 0.404688 0.548438 0.404688 0.546875 0.40625 0.542188 0.40625 0.540625 0.407813 0.529688 0.407813 0.528125 0.409375 0.507812 0.409375 0.50625 0.410938 0.495313 0.410938 0.49375 0.4125 0.446875 0.4125 0.445312 0.410938 0.429688 0.410938 0.428125 0.409375 0.407813 0.409375 0.40625 0.407813 0.4 0.407813 0.398438 0.40625 0.39375 0.40625 0.392188 0.404688 0.385938 0.404688 0.384375 0.403125 0.379688 0.403125 0.378125 0.401563 0.376563 0.401563 0.375 0.4 0.373438 0.4 0.371875 0.398438 0.370313 0.398438 0.36875 0.396875 0.367188 0.396875 0.365625 0.395313 0.364063 0.395313 0.359375 0.390625 0.942357
0 0.589063 0.417188 0.584375 0.421875 0.584375 0.423438 0.582813 0.425 0.582813 0.426563 0.58125 0.428125 0.58125 0.43125 0.579688 0.432813 0.579688 0.434375 0.576563 0.4375 0.575 0.4375 0.573438 0.439063 0.571875 0.439063 0.56875 0.442188 0.567188 0.442188 0.565625 0.44375 0.5625 0.44375 0.560938 0.445312 0.557813 0.445312 0.55625 0.446875 0.553125 0.446875 0.551563 0.448438 0.55 0.448438 0.548438 0.45 0.542188 0.45 0.540625 0.451563 0.528125 0.451563 0.526563 0.453125 0.517188 0.453125 0.515625 0.454688 0.507812 0.454688 0.50625 0.45625 0.490625 0.45625 0.489063 0.457813 0.45625 0.457813 0.454688 0.45625 0.432813 0.45625 0.43125 0.454688 0.423438 0.454688 0.421875 0.453125 0.414062 0.453125 0.4125 0.451563 0.404688 0.451563 0.403125 0.45 0.4 0.45 0.398438 0.448438 0.395313 0.448438 0.39375 0.446875 0.392188 0.446875 0.390625 0.445312 0.3875 0.445312 0.385938 0.44375 0.382812 0.44375 0.38125 0.442188 0.379688 0.442188 0.376563 0.439063 0.375 0.439063 0.373438 0.4375 0.371875 0.4375 0.367188 0.432813 0.367188 0.43125 0.364063 0.428125 0.3625 0.428125 0.360938 0.426563 0.360938 0.4375 0.3625 0.439063 0.3625 0.440625 0.367188 0.445312 0.367188 0.446875 0.370313 0.45 0.371875 0.45 0.375 0.453125 0.376563 0.453125 0.378125 0.454688 0.379688 0.454688 0.38125 0.45625 0.382812 0.45625 0.384375 0.457813 0.3875 0.457813 0.389063 0.459375 0.392188 0.459375 0.39375 0.460938 0.395313 0.460938 0.396875 0.4625 0.4 0.4625 0.401563 0.464063 0.409375 0.464063 0.410938 0.465625 0.420313 0.465625 0.421875 0.467188 0.429688 0.467188 0.43125 0.46875 0.4375 0.46875 0.439063 0.470313 0.473438 0.470313 0.475 0.471875 0.48125 0.471875 0.482813 0.470313 0.4875 0.470313 0.489063 0.471875 0.490625 0.470313 0.507812 0.470313 0.509375 0.46875 0.517188 0.46875 0.51875 0.467188 0.525 0.467188 0.526563 0.465625 0.5375 0.465625 0.539063 0.464063 0.545313 0.464063 0.546875 0.4625 0.548438 0.4625 0.55 0.460938 0.553125 0.460938 0.554688 0.459375 0.559375 0.459375 0.560938 0.457813 0.564063 0.457813 0.565625 0.45625 0.567188 0.45625 0.56875 0.454688 0.570313 0.454688 0.571875 0.453125 0.573438 0.453125 0.575 0.451563 0.576563 0.451563 0.585938 0.442188 0.585938 0.440625 0.5875 0.439063 0.5875 0.4375 0.590625 0.434375 0.590625 0.41875 0.940385
0 0.359375 0.367188 0.359375 0.390625 0.364063 0.395313 0.367188 0.395313 0.36875 0.396875 0.373438 0.396875 0.378125 0.401563 0.385938 0.401563 0.3875 0.403125 0.39375 0.403125 0.395313 0.404688 0.398438 0.404688 0.4 0.40625 0.404688 0.40625 0.40625 0.407813 0.421875 0.407813 0.423438 0.409375 0.435938 0.409375 0.4375 0.410938 0.457813 0.410938 0.459375 0.4125 0.490625 0.4125 0.492188 0.410938 0.50625 0.410938 0.507812 0.409375 0.526563 0.409375 0.528125 0.407813 0.535938 0.407813 0.5375 0.40625 0.542188 0.40625 0.54375 0.404688 0.548438 0.404688 0.55 0.403125 0.554688 0.403125 0.55625 0.401563 0.564063 0.401563 0.565625 0.4 0.567188 0.4 0.56875 0.398438 0.571875 0.398438 0.573438 0.396875 0.576563 0.396875 0.578125 0.395313 0.579688 0.395313 0.58125 0.39375 0.582813 0.39375 0.584375 0.392188 0.585938 0.392188 0.590625 0.3875 0.592188 0.3875 0.592188 0.375 0.590625 0.375 0.589063 0.376563 0.5875 0.376563 0.5875 0.378125 0.584375 0.38125 0.579688 0.38125 0.578125 0.382812 0.573438 0.382812 0.571875 0.384375 0.56875 0.384375 0.567188 0.385938 0.5625 0.385938 0.560938 0.3875 0.553125 0.3875 0.551563 0.389063 0.5375 0.389063 0.535938 0.390625 0.529688 0.390625 0.528125 0.392188 0.525 0.392188 0.523438 0.39375 0.515625 0.39375 0.514063 0.395313 0.421875 0.395313 0.420313 0.39375 0.409375 0.39375 0.407813 0.392188 0.401563 0.392188 0.4 0.390625 0.39375 0.390625 0.392188 0.389063 0.384375 0.389063 0.382812 0.3875 0.379688 0.3875 0.378125 0.385938 0.376563 0.385938 0.373438 0.382812 0.371875 0.382812 0.370313 0.38125 0.36875 0.38125 0.367188 0.379688 0.367188 0.378125 0.365625 0.376563 0.365625 0.375 0.364063 0.373438 0.364063 0.371875 0.360938 0.36875 0.360938 0.367188 0.925392
0 0.589063 0.4375 0.589063 0.440625 0.576563 0.453125 0.575 0.453125 0.573438 0.454688 0.571875 0.454688 0.570313 0.45625 0.567188 0.45625 0.565625 0.457813 0.564063 0.457813 0.5625 0.459375 0.560938 0.459375 0.559375 0.460938 0.554688 0.460938 0.553125 0.4625 0.55 0.4625 0.548438 0.464063 0.545313 0.464063 0.54375 0.465625 0.5375 0.465625 0.535938 0.467188 0.526563 0.467188 0.525 0.46875 0.517188 0.46875 0.515625 0.470313 0.5 0.470313 0.498438 0.471875 0.448438 0.471875 0.446875 0.470313 0.432813 0.470313 0.43125 0.46875 0.421875 0.46875 0.420313 0.467188 0.4125 0.467188 0.410938 0.465625 0.403125 0.465625 0.401563 0.464063 0.398438 0.464063 0.396875 0.4625 0.39375 0.4625 0.392188 0.460938 0.390625 0.460938 0.389063 0.459375 0.3875 0.459375 0.385938 0.457813 0.382812 0.457813 0.38125 0.45625 0.379688 0.45625 0.375 0.451563 0.373438 0.451563 0.367188 0.445312 0.367188 0.44375 0.365625 0.442188 0.365625 0.440625 0.364063 0.440625 0.364063 0.453125 0.367188 0.45625 0.367188 0.457813 0.375 0.465625 0.376563 0.465625 0.378125 0.467188 0.379688 0.467188 0.38125 0.46875 0.382812 0.46875 0.384375 0.470313 0.385938 0.470313 0.3875 0.471875 0.389063 0.471875 0.390625 0.473438 0.392188 0.473438 0.39375 0.475 0.396875 0.475 0.398438 0.476562 0.403125 0.476562 0.404688 0.478125 0.409375 0.478125 0.410938 0.479688 0.415625 0.479688 0.417188 0.48125 0.426563 0.48125 0.428125 0.482813 0.442188 0.482813 0.44375 0.484375 0.459375 0.484375 0.460938 0.485938 0.50625 0.485938 0.507812 0.484375 0.514063 0.484375 0.515625 0.482813 0.520313 0.482813 0.521875 0.48125 0.529688 0.48125 0.53125 0.479688 0.535938 0.479688 0.5375 0.478125 0.54375 0.478125 0.545313 0.476562 0.548438 0.476562 0.55 0.475 0.553125 0.475 0.554688 0.473438 0.559375 0.473438 0.560938 0.471875 0.564063 0.471875 0.565625 0.470313 0.567188 0.470313 0.56875 0.46875 0.571875 0.46875 0.575 0.465625 0.576563 0.465625 0.579688 0.4625 0.58125 0.4625 0.590625 0.453125 0.590625 0.446875 0.592188 0.445312 0.590625 0.44375 0.590625 0.439063 0.915063
0 0.3625 0.451563 0.3625 0.482813 0.364063 0.484375 0.364063 0.485938 0.367188 0.489063 0.36875 0.489063 0.371875 0.492188 0.373438 0.492188 0.378125 0.496875 0.38125 0.496875 0.382812 0.498438 0.385938 0.498438 0.3875 0.5 0.389063 0.5 0.390625 0.501563 0.39375 0.501563 0.395313 0.503125 0.398438 0.503125 0.4 0.504688 0.401563 0.504688 0.403125 0.50625 0.407813 0.50625 0.409375 0.507812 0.415625 0.507812 0.417188 0.509375 0.423438 0.509375 0.425 0.510938 0.432813 0.510938 0.434375 0.5125 0.445312 0.5125 0.446875 0.514063 0.501563 0.514063 0.503125 0.5125 0.514063 0.5125 0.515625 0.510938 0.520313 0.510938 0.521875 0.509375 0.528125 0.509375 0.529688 0.507812 0.535938 0.507812 0.5375 0.50625 0.542188 0.50625 0.54375 0.504688 0.546875 0.504688 0.548438 0.503125 0.551563 0.503125 0.553125 0.501563 0.55625 0.501563 0.559375 0.498438 0.560938 0.498438 0.5625 0.496875 0.565625 0.496875 0.570313 0.492188 0.571875 0.492188 0.579688 0.484375 0.579688 0.48125 0.582813 0.478125 0.582813 0.475 0.584375 0.473438 0.584375 0.46875 0.582813 0.467188 0.582813 0.46875 0.58125 0.470313 0.579688 0.470313 0.573438 0.476562 0.571875 0.476562 0.565625 0.482813 0.564063 0.482813 0.5625 0.484375 0.560938 0.484375 0.559375 0.485938 0.557813 0.485938 0.55625 0.4875 0.554688 0.4875 0.553125 0.489063 0.546875 0.489063 0.545313 0.490625 0.540625 0.490625 0.539063 0.492188 0.535938 0.492188 0.534375 0.49375 0.529688 0.49375 0.528125 0.495313 0.521875 0.495313 0.520313 0.496875 0.50625 0.496875 0.504688 0.498438 0.490625 0.498438 0.489063 0.5 0.451563 0.5 0.45 0.498438 0.440625 0.498438 0.439063 0.496875 0.426563 0.496875 0.425 0.495313 0.414062 0.495313 0.4125 0.49375 0.407813 0.49375 0.40625 0.492188 0.403125 0.492188 0.401563 0.490625 0.398438 0.490625 0.396875 0.489063 0.39375 0.489063 0.392188 0.4875 0.390625 0.4875 0.3875 0.484375 0.385938 0.484375 0.384375 0.482813 0.382812 0.482813 0.38125 0.48125 0.379688 0.48125 0.371875 0.473438 0.371875 0.471875 0.36875 0.46875 0.36875 0.465625 0.367188 0.464063 0.367188 0.4625 0.365625 0.460938 0.365625 0.457813 0.364063 0.45625 0.364063 0.454688 0.3625 0.453125 0.911028
0 0.365625 0.498438 0.365625 0.514063 0.367188 0.515625 0.367188 0.517188 0.36875 0.51875 0.36875 0.521875 0.370313 0.523438 0.370313 0.525 0.371875 0.526563 0.371875 0.528125 0.378125 0.534375 0.379688 0.534375 0.385938 0.540625 0.389063 0.540625 0.390625 0.542188 0.392188 0.542188 0.39375 0.54375 0.395313 0.54375 0.396875 0.545313 0.398438 0.545313 0.4 0.546875 0.404688 0.546875 0.40625 0.548438 0.410938 0.548438 0.4125 0.55 0.415625 0.55 0.417188 0.551563 0.421875 0.551563 0.423438 0.553125 0.434375 0.553125 0.435938 0.554688 0.446875 0.554688 0.448438 0.55625 0.485938 0.55625 0.4875 0.557813 0.490625 0.557813 0.492188 0.55625 0.504688 0.55625 0.50625 0.554688 0.51875 0.554688 0.520313 0.553125 0.528125 0.553125 0.529688 0.551563 0.532813 0.551563 0.534375 0.55 0.539063 0.55 0.540625 0.548438 0.545313 0.548438 0.546875 0.546875 0.55 0.546875 0.551563 0.545313 0.553125 0.545313 0.554688 0.54375 0.557813 0.54375 0.559375 0.542188 0.560938 0.542188 0.5625 0.540625 0.565625 0.540625 0.56875 0.5375 0.570313 0.5375 0.573438 0.534375 0.575 0.534375 0.58125 0.528125 0.58125 0.526563 0.584375 0.523438 0.584375 0.517188 0.585938 0.515625 0.584375 0.514063 0.584375 0.507812 0.582813 0.509375 0.582813 0.510938 0.58125 0.5125 0.58125 0.514063 0.575 0.520313 0.573438 0.520313 0.570313 0.523438 0.56875 0.523438 0.565625 0.526563 0.5625 0.526563 0.560938 0.528125 0.559375 0.528125 0.557813 0.529688 0.55625 0.529688 0.554688 0.53125 0.551563 0.53125 0.55 0.532813 0.54375 0.532813 0.542188 0.534375 0.539063 0.534375 0.5375 0.535938 0.534375 0.535938 0.532813 0.5375 0.529688 0.5375 0.528125 0.539063 0.520313 0.539063 0.51875 0.540625 0.504688 0.540625 0.503125 0.542188 0.482813 0.542188 0.48125 0.54375 0.460938 0.54375 0.459375 0.542188 0.446875 0.542188 0.445312 0.540625 0.432813 0.540625 0.43125 0.539063 0.420313 0.539063 0.41875 0.5375 0.414062 0.5375 0.4125 0.535938 0.410938 0.535938 0.409375 0.534375 0.404688 0.534375 0.403125 0.532813 0.4 0.532813 0.398438 0.53125 0.395313 0.53125 0.39375 0.529688 0.392188 0.529688 0.385938 0.523438 0.384375 0.523438 0.378125 0.517188 0.378125 0.515625 0.373438 0.510938 0.373438 0.509375 0.365625 0.501563 0.909489
0 0.359375 0.40625 0.359375 0.421875 0.360938 0.423438 0.3625 0.423438 0.364063 0.425 0.36875 0.425 0.370313 0.426563 0.373438 0.426563 0.375 0.428125 0.378125 0.428125 0.379688 0.429688 0.38125 0.429688 0.382812 0.43125 0.384375 0.43125 0.385938 0.432813 0.395313 0.432813 0.396875 0.434375 0.403125 0.434375 0.404688 0.435938 0.409375 0.435938 0.410938 0.4375 0.415625 0.4375 0.417188 0.439063 0.432813 0.439063 0.434375 0.440625 0.507812 0.440625 0.509375 0.439063 0.521875 0.439063 0.523438 0.4375 0.529688 0.4375 0.53125 0.435938 0.5375 0.435938 0.539063 0.434375 0.545313 0.434375 0.546875 0.432813 0.553125 0.432813 0.554688 0.43125 0.559375 0.43125 0.560938 0.429688 0.5625 0.429688 0.564063 0.428125 0.567188 0.428125 0.56875 0.426563 0.571875 0.426563 0.575 0.423438 0.576563 0.423438 0.584375 0.415625 0.584375 0.414062 0.585938 0.4125 0.585938 0.410938 0.5875 0.409375 0.5875 0.40625 0.582813 0.40625 0.58125 0.407813 0.578125 0.407813 0.575 0.410938 0.573438 0.410938 0.571875 0.4125 0.570313 0.4125 0.56875 0.414062 0.564063 0.414062 0.5625 0.415625 0.559375 0.415625 0.557813 0.417188 0.554688 0.417188 0.553125 0.41875 0.55 0.41875 0.548438 0.420313 0.532813 0.420313 0.53125 0.421875 0.521875 0.421875 0.520313 0.423438 0.51875 0.423438 0.517188 0.425 0.510938 0.425 0.509375 0.426563 0.425 0.426563 0.423438 0.425 0.417188 0.425 0.415625 0.423438 0.410938 0.423438 0.409375 0.421875 0.403125 0.421875 0.401563 0.420313 0.389063 0.420313 0.3875 0.41875 0.384375 0.41875 0.382812 0.417188 0.379688 0.417188 0.378125 0.415625 0.375 0.415625 0.373438 0.414062 0.370313 0.414062 0.36875 0.4125 0.367188 0.4125 0.365625 0.410938 0.364063 0.410938 0.900111
0 0.3625 0.446875 0.3625 0.470313 0.364063 0.470313 0.371875 0.478125 0.373438 0.478125 0.378125 0.482813 0.379688 0.482813 0.38125 0.484375 0.384375 0.484375 0.385938 0.485938 0.3875 0.485938 0.389063 0.4875 0.392188 0.4875 0.39375 0.489063 0.398438 0.489063 0.4 0.490625 0.403125 0.490625 0.404688 0.492188 0.409375 0.492188 0.410938 0.49375 0.415625 0.49375 0.417188 0.495313 0.429688 0.495313 0.43125 0.496875 0.440625 0.496875 0.442188 0.498438 0.457813 0.498438 0.459375 0.5 0.4875 0.5 0.489063 0.498438 0.503125 0.498438 0.504688 0.496875 0.514063 0.496875 0.515625 0.495313 0.525 0.495313 0.526563 0.49375 0.529688 0.49375 0.53125 0.492188 0.535938 0.492188 0.5375 0.490625 0.54375 0.490625 0.545313 0.489063 0.55 0.489063 0.551563 0.4875 0.554688 0.4875 0.55625 0.485938 0.557813 0.485938 0.559375 0.484375 0.5625 0.484375 0.564063 0.482813 0.565625 0.482813 0.567188 0.48125 0.56875 0.48125 0.570313 0.479688 0.571875 0.479688 0.579688 0.471875 0.579688 0.470313 0.582813 0.467188 0.582813 0.465625 0.584375 0.464063 0.582813 0.4625 0.58125 0.464063 0.578125 0.464063 0.573438 0.46875 0.571875 0.46875 0.570313 0.470313 0.567188 0.470313 0.565625 0.471875 0.564063 0.471875 0.5625 0.473438 0.560938 0.473438 0.559375 0.475 0.55625 0.475 0.554688 0.476562 0.548438 0.476562 0.546875 0.478125 0.54375 0.478125 0.542188 0.479688 0.5375 0.479688 0.535938 0.48125 0.529688 0.48125 0.528125 0.482813 0.515625 0.482813 0.514063 0.484375 0.490625 0.484375 0.489063 0.485938 0.482813 0.485938 0.48125 0.484375 0.435938 0.484375 0.434375 0.482813 0.41875 0.482813 0.417188 0.48125 0.4125 0.48125 0.410938 0.479688 0.407813 0.479688 0.40625 0.478125 0.401563 0.478125 0.4 0.476562 0.395313 0.476562 0.39375 0.475 0.392188 0.475 0.390625 0.473438 0.389063 0.473438 0.385938 0.470313 0.384375 0.470313 0.382812 0.46875 0.38125 0.46875 0.371875 0.459375 0.371875 0.457813 0.370313 0.457813 0.36875 0.45625 0.36875 0.454688 0.365625 0.451563 0.365625 0.45 0.364063 0.448438 0.364063 0.446875 0.899376
0 0.364063 0.475 0.364063 0.492188 0.36875 0.496875 0.36875 0.498438 0.370313 0.5 0.370313 0.501563 0.378125 0.509375 0.379688 0.509375 0.38125 0.510938 0.382812 0.510938 0.384375 0.5125 0.385938 0.5125 0.3875 0.514063 0.389063 0.514063 0.390625 0.515625 0.39375 0.515625 0.395313 0.517188 0.398438 0.517188 0.4 0.51875 0.401563 0.51875 0.403125 0.520313 0.407813 0.520313 0.409375 0.521875 0.415625 0.521875 0.417188 0.523438 0.421875 0.523438 0.423438 0.525 0.432813 0.525 0.434375 0.526563 0.445312 0.526563 0.446875 0.528125 0.504688 0.528125 0.50625 0.526563 0.514063 0.526563 0.515625 0.525 0.521875 0.525 0.523438 0.523438 0.529688 0.523438 0.53125 0.521875 0.535938 0.521875 0.5375 0.520313 0.540625 0.520313 0.542188 0.51875 0.545313 0.51875 0.546875 0.517188 0.55 0.517188 0.551563 0.515625 0.554688 0.515625 0.55625 0.514063 0.559375 0.514063 0.560938 0.5125 0.5625 0.5125 0.564063 0.510938 0.565625 0.510938 0.567188 0.509375 0.56875 0.509375 0.570313 0.507812 0.571875 0.507812 0.576563 0.503125 0.578125 0.503125 0.578125 0.501563 0.579688 0.5 0.579688 0.498438 0.582813 0.495313 0.582813 0.49375 0.584375 0.492188 0.584375 0.484375 0.585938 0.482813 0.584375 0.48125 0.584375 0.475 0.582813 0.475 0.582813 0.48125 0.58125 0.482813 0.58125 0.484375 0.578125 0.4875 0.576563 0.4875 0.576563 0.489063 0.571875 0.49375 0.570313 0.49375 0.567188 0.496875 0.565625 0.496875 0.564063 0.498438 0.5625 0.498438 0.559375 0.501563 0.55625 0.501563 0.554688 0.503125 0.551563 0.503125 0.55 0.504688 0.546875 0.504688 0.545313 0.50625 0.54375 0.50625 0.542188 0.507812 0.535938 0.507812 0.534375 0.509375 0.526563 0.509375 0.525 0.510938 0.51875 0.510938 0.517188 0.5125 0.509375 0.5125 0.507812 0.514063 0.439063 0.514063 0.4375 0.5125 0.426563 0.5125 0.425 0.510938 0.41875 0.510938 0.417188 0.509375 0.410938 0.509375 0.409375 0.507812 0.403125 0.507812 0.401563 0.50625 0.398438 0.50625 0.396875 0.504688 0.395313 0.504688 0.39375 0.503125 0.392188 0.503125 0.390625 0.501563 0.3875 0.501563 0.385938 0.5 0.384375 0.5 0.382812 0.498438 0.38125 0.498438 0.378125 0.495313 0.378125 0.49375 0.373438 0.489063 0.373438 0.4875 0.365625 0.479688 0.365625 0.476562 0.894657
0 0.348438 0.289063 0.348438 0.292188 0.35 0.292188 0.351562 0.29375 0.354688 0.29375 0.35625 0.295313 0.35625 0.296875 0.354688 0.298438 0.351562 0.298438 0.351562 0.3 0.35 0.301563 0.35 0.310937 0.354688 0.315625 0.359375 0.315625 0.360938 0.317188 0.3625 0.317188 0.365625 0.320312 0.373438 0.320312 0.375 0.321875 0.38125 0.321875 0.382812 0.323438 0.389063 0.323438 0.390625 0.325 0.409375 0.325 0.410938 0.326563 0.43125 0.326563 0.432813 0.328125 0.440625 0.328125 0.442188 0.329688 0.457813 0.329688 0.459375 0.328125 0.50625 0.328125 0.507812 0.326563 0.5375 0.326563 0.539063 0.325 0.546875 0.325 0.548438 0.323438 0.554688 0.323438 0.55625 0.321875 0.5625 0.321875 0.564063 0.320312 0.570313 0.320312 0.571875 0.31875 0.576563 0.31875 0.578125 0.317188 0.579688 0.317188 0.58125 0.315625 0.582813 0.315625 0.584375 0.314063 0.585938 0.314063 0.585938 0.298438 0.582813 0.298438 0.58125 0.3 0.579688 0.3 0.578125 0.301563 0.571875 0.301563 0.570313 0.303125 0.5625 0.303125 0.560938 0.304688 0.554688 0.304688 0.553125 0.30625 0.545313 0.30625 0.54375 0.307813 0.526563 0.307813 0.525 0.309375 0.509375 0.309375 0.507812 0.310937 0.484375 0.310937 0.482813 0.3125 0.423438 0.3125 0.421875 0.310937 0.403125 0.310937 0.401563 0.309375 0.385938 0.309375 0.384375 0.307813 0.382812 0.307813 0.38125 0.30625 0.379688 0.30625 0.378125 0.304688 0.365625 0.304688 0.3625 0.301563 0.365625 0.298438 0.36875 0.298438 0.370313 0.296875 0.371875 0.296875 0.36875 0.29375 0.367188 0.29375 0.364063 0.290625 0.3625 0.290625 0.360938 0.289063 0.609865
0 0.360938 0.414062 0.360938 0.43125 0.3625 0.432813 0.3625 0.434375 0.364063 0.434375 0.365625 0.435938 0.367188 0.435938 0.36875 0.4375 0.370313 0.4375 0.371875 0.439063 0.373438 0.439063 0.375 0.440625 0.376563 0.440625 0.378125 0.442188 0.382812 0.442188 0.384375 0.44375 0.3875 0.44375 0.389063 0.445312 0.390625 0.445312 0.392188 0.446875 0.396875 0.446875 0.398438 0.448438 0.403125 0.448438 0.404688 0.45 0.4125 0.45 0.414062 0.451563 0.41875 0.451563 0.420313 0.453125 0.429688 0.453125 0.43125 0.454688 0.44375 0.454688 0.445312 0.45625 0.496875 0.45625 0.498438 0.454688 0.509375 0.454688 0.510938 0.453125 0.520313 0.453125 0.521875 0.451563 0.529688 0.451563 0.53125 0.45 0.542188 0.45 0.54375 0.448438 0.548438 0.448438 0.55 0.446875 0.553125 0.446875 0.554688 0.445312 0.557813 0.445312 0.559375 0.44375 0.564063 0.44375 0.565625 0.442188 0.567188 0.442188 0.56875 0.440625 0.571875 0.440625 0.575 0.4375 0.576563 0.4375 0.578125 0.435938 0.579688 0.435938 0.585938 0.429688 0.585938 0.428125 0.5875 0.426563 0.5875 0.417188 0.585938 0.415625 0.582813 0.415625 0.582813 0.417188 0.579688 0.420313 0.578125 0.420313 0.573438 0.425 0.571875 0.425 0.570313 0.426563 0.567188 0.426563 0.565625 0.428125 0.564063 0.428125 0.5625 0.429688 0.560938 0.429688 0.559375 0.43125 0.55625 0.43125 0.554688 0.432813 0.55 0.432813 0.548438 0.434375 0.539063 0.434375 0.5375 0.435938 0.529688 0.435938 0.528125 0.4375 0.523438 0.4375 0.521875 0.439063 0.510938 0.439063 0.509375 0.440625 0.432813 0.440625 0.43125 0.439063 0.415625 0.439063 0.414062 0.4375 0.407813 0.4375 0.40625 0.435938 0.403125 0.435938 0.401563 0.434375 0.392188 0.434375 0.390625 0.432813 0.3875 0.432813 0.385938 0.43125 0.382812 0.43125 0.38125 0.429688 0.379688 0.429688 0.378125 0.428125 0.376563 0.428125 0.375 0.426563 0.371875 0.426563 0.370313 0.425 0.36875 0.425 0.365625 0.421875 0.365625 0.420313 0.3625 0.417188 0.3625 0.415625 0.585011
0 0.582813 0.496875 0.582813 0.5 0.58125 0.501563 0.58125 0.503125 0.579688 0.504688 0.578125 0.504688 0.576563 0.50625 0.575 0.50625 0.571875 0.509375 0.570313 0.509375 0.565625 0.514063 0.5625 0.514063 0.560938 0.515625 0.557813 0.515625 0.55625 0.517188 0.553125 0.517188 0.551563 0.51875 0.55 0.51875 0.548438 0.520313 0.542188 0.520313 0.540625 0.521875 0.535938 0.521875 0.534375 0.523438 0.53125 0.523438 0.529688 0.525 0.523438 0.525 0.521875 0.526563 0.514063 0.526563 0.5125 0.528125 0.498438 0.528125 0.496875 0.529688 0.45625 0.529688 0.454688 0.528125 0.435938 0.528125 0.434375 0.526563 0.421875 0.526563 0.420313 0.525 0.415625 0.525 0.414062 0.523438 0.410938 0.523438 0.409375 0.521875 0.40625 0.521875 0.404688 0.520313 0.398438 0.520313 0.396875 0.51875 0.39375 0.51875 0.390625 0.515625 0.389063 0.515625 0.3875 0.514063 0.38125 0.514063 0.378125 0.510938 0.378125 0.509375 0.376563 0.507812 0.373438 0.507812 0.371875 0.50625 0.371875 0.501563 0.370313 0.5 0.370313 0.504688 0.371875 0.50625 0.371875 0.507812 0.376563 0.5125 0.376563 0.515625 0.378125 0.515625 0.384375 0.521875 0.385938 0.521875 0.390625 0.526563 0.392188 0.526563 0.39375 0.528125 0.395313 0.528125 0.396875 0.529688 0.398438 0.529688 0.4 0.53125 0.401563 0.53125 0.403125 0.532813 0.40625 0.532813 0.407813 0.534375 0.410938 0.534375 0.4125 0.535938 0.417188 0.535938 0.41875 0.5375 0.425 0.5375 0.426563 0.539063 0.440625 0.539063 0.442188 0.540625 0.453125 0.540625 0.454688 0.542188 0.495313 0.542188 0.496875 0.540625 0.507812 0.540625 0.509375 0.539063 0.51875 0.539063 0.520313 0.5375 0.528125 0.5375 0.529688 0.535938 0.534375 0.535938 0.535938 0.534375 0.539063 0.534375 0.540625 0.532813 0.542188 0.532813 0.54375 0.53125 0.546875 0.53125 0.548438 0.529688 0.553125 0.529688 0.554688 0.528125 0.557813 0.528125 0.559375 0.526563 0.560938 0.526563 0.5625 0.525 0.564063 0.525 0.565625 0.523438 0.567188 0.523438 0.56875 0.521875 0.570313 0.521875 0.575 0.517188 0.576563 0.517188 0.578125 0.515625 0.578125 0.514063 0.579688 0.5125 0.579688 0.510938 0.58125 0.509375 0.58125 0.507812 0.582813 0.50625 0.582813 0.503125 0.584375 0.501563 0.582813 0.5 0.513319
0 0.576563 0.25 0.575 0.251563 0.570313 0.251563 0.56875 0.253125 0.551563 0.253125 0.55 0.254688 0.54375 0.254688 0.542188 0.25625 0.534375 0.25625 0.532813 0.257812 0.525 0.257812 0.523438 0.259375 0.451563 0.259375 0.45 0.260938 0.446875 0.260938 0.445312 0.2625 0.435938 0.2625 0.434375 0.264063 0.428125 0.264063 0.426563 0.265625 0.425 0.264063 0.415625 0.264063 0.414062 0.2625 0.403125 0.2625 0.401563 0.260938 0.395313 0.260938 0.39375 0.2625 0.384375 0.2625 0.382812 0.260938 0.379688 0.260938 0.378125 0.259375 0.35625 0.259375 0.354688 0.260938 0.354688 0.264063 0.351562 0.267188 0.35 0.267188 0.348438 0.26875 0.339063 0.26875 0.339063 0.276563 0.346875 0.276563 0.348438 0.278125 0.353125 0.278125 0.354688 0.279688 0.35625 0.279688 0.359375 0.282813 0.365625 0.282813 0.36875 0.285938 0.373438 0.285938 0.375 0.2875 0.385938 0.2875 0.3875 0.289063 0.398438 0.289063 0.4 0.290625 0.440625 0.290625 0.442188 0.292188 0.448438 0.292188 0.45 0.290625 0.453125 0.290625 0.454688 0.292188 0.496875 0.292188 0.498438 0.290625 0.50625 0.290625 0.507812 0.289063 0.517188 0.289063 0.51875 0.2875 0.526563 0.2875 0.528125 0.285938 0.55625 0.285938 0.557813 0.284375 0.565625 0.284375 0.567188 0.282813 0.564063 0.282813 0.5625 0.28125 0.545313 0.28125 0.54375 0.279688 0.53125 0.279688 0.529688 0.278125 0.528125 0.278125 0.526563 0.276563 0.528125 0.275 0.529688 0.275 0.53125 0.273438 0.540625 0.273438 0.542188 0.271875 0.55625 0.271875 0.557813 0.270313 0.564063 0.270313 0.56875 0.265625 0.570313 0.265625 0.571875 0.264063 0.573438 0.265625 0.575 0.265625 0.576563 0.267188 0.578125 0.267188 0.578125 0.25 0.312555
