0 0.5 0.148438 0.497917 0.15 0.491667 0.15 0.489583 0.151562 0.4875 0.151562 0.483333 0.154687 0.479167 0.154687 0.477083 0.15625 0.475 0.15625 0.472917 0.157812 0.470833 0.157812 0.466667 0.160937 0.464583 0.160937 0.460417 0.164062 0.458333 0.164062 0.441667 0.176562 0.441667 0.178125 0.4375 0.18125 0.4375 0.182812 0.435417 0.184375 0.435417 0.185937 0.433333 0.1875 0.433333 0.189062 0.43125 0.190625 0.43125 0.220312 0.433333 0.221875 0.433333 0.223437 0.435417 0.225 0.435417 0.226562 0.439583 0.229687 0.439583 0.232812 0.441667 0.234375 0.441667 0.235937 0.44375 0.2375 0.44375 0.239062 0.45 0.24375 0.45 0.245312 0.458333 0.251563 0.458333 0.253125 0.460417 0.253125 0.46875 0.259375 0.470833 0.259375 0.475 0.2625 0.477083 0.2625 0.48125 0.265625 0.483333 0.265625 0.485417 0.267187 0.4875 0.267187 0.489583 0.26875 0.49375 0.26875 0.497917 0.271875 0.502083 0.271875 0.504167 0.273438 0.5125 0.273438 0.514583 0.275 0.520833 0.275 0.522917 0.276562 0.527083 0.276562 0.529167 0.278125 0.533333 0.278125 0.535417 0.279687 0.589583 0.279687 0.591667 0.278125 0.597917 0.278125 0.6 0.276562 0.604167 0.276562 0.60625 0.275 0.610417 0.275 0.6125 0.273438 0.61875 0.273438 0.620833 0.271875 0.622917 0.271875 0.625 0.270312 0.627083 0.270312 0.63125 0.267187 0.633333 0.267187 0.635417 0.265625 0.6375 0.265625 0.64375 0.260937 0.645833 0.260937 0.647917 0.259375 0.647917 0.257812 0.65625 0.251563 0.65625 0.25 0.66875 0.240625 0.66875 0.2375 0.670833 0.235937 0.670833 0.232812 0.672917 0.23125 0.672917 0.228125 0.675 0.226562 0.675 0.204687 0.672917 0.203125 0.672917 0.201562 0.670833 0.2 0.670833 0.196875 0.66875 0.195312 0.66875 0.19375 0.666667 0.192187 0.666667 0.190625 0.664583 0.189062 0.664583 0.1875 0.654167 0.179688 0.654167 0.178125 0.65 0.175 0.647917 0.175 0.6375 0.167187 0.635417 0.167187 0.63125 0.164062 0.629167 0.164062 0.627083 0.1625 0.625 0.1625 0.622917 0.160937 0.620833 0.160937 0.61875 0.159375 0.616667 0.159375 0.614583 0.157812 0.6125 0.157812 0.610417 0.15625 0.608333 0.15625 0.60625 0.154687 0.602083 0.154687 0.6 0.153125 0.597917 0.153125 0.595833 0.151562 0.591667 0.151562 0.589583 0.15 0.583333 0.15 0.58125 0.148438 0.980486
0 0.4125 0.239062 0.410417 0.240625 0.410417 0.265625 0.4125 0.267187 0.4125 0.26875 0.414583 0.270312 0.414583 0.273438 0.416667 0.275 0.416667 0.279687 0.41875 0.28125 0.41875 0.282812 0.420833 0.284375 0.420833 0.285937 0.422917 0.2875 0.422917 0.289062 0.425 0.290625 0.425 0.292187 0.427083 0.29375 0.427083 0.295312 0.447917 0.310937 0.45 0.310937 0.45625 0.315625 0.458333 0.315625 0.460417 0.317187 0.4625 0.317187 0.464583 0.31875 0.466667 0.31875 0.470833 0.321875 0.475 0.321875 0.477083 0.323437 0.48125 0.323437 0.483333 0.325 0.485417 0.325 0.489583 0.328125 0.49375 0.328125 0.495833 0.329687 0.510417 0.329687 0.5125 0.33125 0.525 0.33125 0.527083 0.332812 0.55625 0.332812 0.558333 0.33125 0.570833 0.33125 0.572917 0.329687 0.585417 0.329687 0.5875 0.328125 0.589583 0.328125 0.591667 0.326562 0.59375 0.326562 0.595833 0.325 0.597917 0.325 0.6 0.323437 0.604167 0.323437 0.60625 0.321875 0.608333 0.321875 0.614583 0.317187 0.616667 0.317187 0.61875 0.315625 0.620833 0.315625 0.629167 0.309375 0.63125 0.309375 0.633333 0.307812 0.633333 0.30625 0.6375 0.303125 0.639583 0.303125 0.64375 0.3 0.64375 0.298437 0.645833 0.296875 0.645833 0.295312 0.647917 0.29375 0.647917 0.292187 0.65 0.290625 0.65 0.289062 0.652083 0.2875 0.652083 0.285937 0.654167 0.284375 0.654167 0.28125 0.65625 0.279687 0.65625 0.271875 0.654167 0.270312 0.652083 0.270312 0.65 0.271875 0.65 0.273438 0.647917 0.275 0.647917 0.276562 0.641667 0.28125 0.641667 0.282812 0.639583 0.284375 0.639583 0.285937 0.633333 0.290625 0.633333 0.292187 0.629167 0.295312 0.627083 0.295312 0.627083 0.296875 0.625 0.298437 0.622917 0.298437 0.61875 0.301562 0.616667 0.301562 0.610417 0.30625 0.608333 0.30625 0.60625 0.307812 0.604167 0.307812 0.6 0.310937 0.595833 0.310937 0.59375 0.3125 0.589583 0.3125 0.5875 0.314062 0.583333 0.314062 0.58125 0.315625 0.579167 0.315625 0.577083 0.317187 0.572917 0.317187 0.570833 0.31875 0.516667 0.31875 0.514583 0.317187 0.508333 0.317187 0.50625 0.315625 0.504167 0.315625 0.502083 0.314062 0.495833 0.314062 0.49375 0.3125 0.4875 0.3125 0.485417 0.310937 0.483333 0.310937 0.48125 0.309375 0.479167 0.309375 0.477083 0.307812 0.475 0.307812 0.472917 0.30625 0.470833 0.30625 0.46875 0.304688 0.466667 0.304688 0.4625 0.301562 0.460417 0.301562 0.452083 0.295312 0.45 0.295312 0.433333 0.282812 0.433333 0.28125 0.429167 0.278125 0.429167 0.276562 0.425 0.273438 0.425 0.270312 0.422917 0.26875 0.422917 0.265625 0.420833 0.264062 0.420833 0.260937 0.41875 0.259375 0.41875 0.254688 0.416667 0.253125 0.416667 0.246875 0.414583 0.245312 0.414583 0.240625 0.969966
0 0.633333 0.284375 0.6375 0.284375 0.6375 0.282812 0.635417 0.282812 0.633333 0.284375 0.63125 0.2875 0.627083 0.2875 0.625 0.289062 0.622917 0.289062 0.622917 0.290625 0.620833 0.292187 0.61875 0.292187 0.616667 0.29375 0.614583 0.29375 0.6125 0.295312 0.610417 0.295312 0.604167 0.3 0.602083 0.3 0.6 0.301562 0.591667 0.301562 0.589583 0.303125 0.579167 0.303125 0.577083 0.304688 0.570833 0.304688 0.56875 0.30625 0.533333 0.30625 0.53125 0.304688 0.525 0.304688 0.522917 0.303125 0.510417 0.303125 0.508333 0.301562 0.5 0.301562 0.497917 0.3 0.495833 0.3 0.49375 0.298437 0.491667 0.298437 0.489583 0.296875 0.485417 0.296875 0.483333 0.295312 0.479167 0.295312 0.477083 0.29375 0.475 0.29375 0.46875 0.289062 0.466667 0.289062 0.4625 0.285937 0.460417 0.285937 0.45625 0.282812 0.454167 0.282812 0.445833 0.276562 0.445833 0.275 0.44375 0.275 0.441667 0.273438 0.441667 0.271875 0.4375 0.26875 0.4375 0.267187 0.43125 0.2625 0.43125 0.260937 0.429167 0.259375 0.429167 0.254688 0.427083 0.253125 0.427083 0.246875 0.425 0.245312 0.425 0.2375 0.422917 0.235937 0.422917 0.229687 0.420833 0.229687 0.420833 0.2625 0.422917 0.264062 0.422917 0.265625 0.425 0.267187 0.425 0.26875 0.427083 0.270312 0.427083 0.273438 0.433333 0.278125 0.433333 0.279687 0.44375 0.2875 0.44375 0.289062 0.445833 0.290625 0.447917 0.290625 0.458333 0.298437 0.460417 0.298437 0.466667 0.303125 0.46875 0.303125 0.470833 0.304688 0.475 0.304688 0.477083 0.30625 0.479167 0.30625 0.483333 0.309375 0.4875 0.309375 0.489583 0.310937 0.497917 0.310937 0.5 0.3125 0.502083 0.3125 0.504167 0.314062 0.50625 0.314062 0.508333 0.315625 0.514583 0.315625 0.516667 0.317187 0.572917 0.317187 0.575 0.315625 0.577083 0.315625 0.579167 0.314062 0.58125 0.314062 0.583333 0.3125 0.585417 0.3125 0.5875 0.310937 0.59375 0.310937 0.595833 0.309375 0.6 0.309375 0.60625 0.304688 0.608333 0.304688 0.610417 0.303125 0.6125 0.303125 0.61875 0.298437 0.620833 0.298437 0.63125 0.290625 0.63125 0.2875 0.957224
0 0.408333 0.259375 0.408333 0.28125 0.410417 0.282812 0.410417 0.285937 0.4125 0.2875 0.4125 0.289062 0.414583 0.290625 0.414583 0.295312 0.416667 0.296875 0.416667 0.3 0.41875 0.301562 0.41875 0.303125 0.422917 0.30625 0.422917 0.307812 0.43125 0.314062 0.43125 0.315625 0.435417 0.31875 0.4375 0.31875 0.445833 0.325 0.447917 0.325 0.454167 0.329687 0.458333 0.329687 0.460417 0.33125 0.4625 0.33125 0.466667 0.334375 0.46875 0.334375 0.470833 0.335938 0.477083 0.335938 0.479167 0.3375 0.485417 0.3375 0.489583 0.340625 0.49375 0.340625 0.495833 0.342187 0.516667 0.342187 0.51875 0.34375 0.54375 0.34375 0.545833 0.342187 0.566667 0.342187 0.56875 0.340625 0.575 0.340625 0.577083 0.339062 0.579167 0.339062 0.58125 0.3375 0.583333 0.3375 0.585417 0.335938 0.595833 0.335938 0.604167 0.329687 0.608333 0.329687 0.610417 0.328125 0.6125 0.328125 0.61875 0.323437 0.620833 0.323437 0.622917 0.321875 0.625 0.321875 0.625 0.320312 0.635417 0.3125 0.635417 0.310937 0.6375 0.309375 0.6375 0.307812 0.635417 0.307812 0.635417 0.310937 0.633333 0.3125 0.629167 0.3125 0.627083 0.314062 0.625 0.314062 0.625 0.315625 0.622917 0.317187 0.620833 0.317187 0.616667 0.320312 0.614583 0.320312 0.608333 0.325 0.602083 0.325 0.6 0.326562 0.595833 0.326562 0.591667 0.329687 0.589583 0.329687 0.5875 0.33125 0.58125 0.33125 0.579167 0.332812 0.5625 0.332812 0.560417 0.334375 0.545833 0.334375 0.54375 0.335938 0.5375 0.335938 0.535417 0.334375 0.520833 0.334375 0.51875 0.332812 0.50625 0.332812 0.504167 0.33125 0.49375 0.33125 0.491667 0.329687 0.489583 0.329687 0.485417 0.326562 0.48125 0.326562 0.479167 0.325 0.472917 0.325 0.470833 0.323437 0.46875 0.323437 0.464583 0.320312 0.4625 0.320312 0.460417 0.31875 0.458333 0.31875 0.452083 0.314062 0.45 0.314062 0.447917 0.3125 0.445833 0.3125 0.43125 0.301562 0.43125 0.3 0.422917 0.29375 0.422917 0.292187 0.420833 0.290625 0.420833 0.289062 0.416667 0.285937 0.414583 0.285937 0.4125 0.284375 0.4125 0.267187 0.410417 0.265625 0.410417 0.2625 0.408333 0.260937 0.953489
0 0.410417 0.290625 0.410417 0.292187 0.408333 0.29375 0.408333 0.296875 0.410417 0.298437 0.410417 0.303125 0.414583 0.30625 0.414583 0.309375 0.416667 0.310937 0.416667 0.314062 0.41875 0.315625 0.41875 0.317187 0.427083 0.323437 0.427083 0.325 0.435417 0.33125 0.4375 0.33125 0.44375 0.335938 0.445833 0.335938 0.447917 0.3375 0.45 0.3375 0.454167 0.340625 0.45625 0.340625 0.458333 0.342187 0.460417 0.342187 0.4625 0.34375 0.464583 0.34375 0.466667 0.345312 0.46875 0.345312 0.470833 0.346875 0.475 0.346875 0.477083 0.348437 0.485417 0.348437 0.4875 0.35 0.491667 0.35 0.49375 0.351562 0.5 0.351562 0.502083 0.353125 0.508333 0.353125 0.510417 0.354687 0.539583 0.354687 0.541667 0.353125 0.554167 0.353125 0.55625 0.351562 0.560417 0.351562 0.5625 0.35 0.570833 0.35 0.572917 0.348437 0.579167 0.348437 0.58125 0.346875 0.583333 0.346875 0.5875 0.34375 0.59375 0.34375 0.595833 0.342187 0.6 0.342187 0.60625 0.3375 0.608333 0.3375 0.6125 0.334375 0.614583 0.334375 0.614583 0.33125 0.616667 0.329687 0.61875 0.329687 0.620833 0.328125 0.620833 0.326562 0.61875 0.326562 0.616667 0.328125 0.616667 0.329687 0.614583 0.33125 0.610417 0.33125 0.608333 0.332812 0.604167 0.332812 0.602083 0.334375 0.602083 0.335938 0.6 0.3375 0.595833 0.3375 0.59375 0.339062 0.583333 0.339062 0.58125 0.340625 0.579167 0.340625 0.575 0.34375 0.566667 0.34375 0.564583 0.345312 0.502083 0.345312 0.5 0.34375 0.49375 0.34375 0.491667 0.342187 0.489583 0.342187 0.4875 0.340625 0.483333 0.340625 0.48125 0.339062 0.472917 0.339062 0.470833 0.3375 0.46875 0.3375 0.466667 0.335938 0.464583 0.335938 0.460417 0.332812 0.45625 0.332812 0.454167 0.33125 0.452083 0.33125 0.445833 0.326562 0.44375 0.326562 0.435417 0.320312 0.433333 0.320312 0.429167 0.317187 0.429167 0.315625 0.420833 0.309375 0.420833 0.307812 0.41875 0.30625 0.414583 0.30625 0.4125 0.304688 0.4125 0.295312 0.410417 0.29375 0.410417 0.290625 0.40625 0.284375 0.40625 0.270312 0.40625 0.284375 0.944253
0 0.427083 0.21875 0.427083 0.220312 0.425 0.221875 0.425 0.246875 0.427083 0.248437 0.427083 0.251563 0.43125 0.254688 0.43125 0.257812 0.433333 0.259375 0.433333 0.260937 0.435417 0.2625 0.435417 0.264062 0.441667 0.26875 0.441667 0.270312 0.454167 0.279687 0.45625 0.279687 0.4625 0.284375 0.464583 0.284375 0.470833 0.289062 0.472917 0.289062 0.475 0.290625 0.477083 0.290625 0.479167 0.292187 0.483333 0.292187 0.4875 0.295312 0.491667 0.295312 0.49375 0.296875 0.497917 0.296875 0.5 0.298437 0.502083 0.298437 0.504167 0.3 0.514583 0.3 0.516667 0.301562 0.525 0.301562 0.527083 0.303125 0.541667 0.303125 0.54375 0.304688 0.545833 0.304688 0.547917 0.303125 0.577083 0.303125 0.579167 0.301562 0.5875 0.301562 0.589583 0.3 0.595833 0.3 0.597917 0.298437 0.6 0.298437 0.602083 0.296875 0.604167 0.296875 0.610417 0.292187 0.6125 0.292187 0.614583 0.290625 0.61875 0.290625 0.61875 0.289062 0.610417 0.289062 0.608333 0.290625 0.604167 0.290625 0.602083 0.292187 0.59375 0.292187 0.591667 0.29375 0.585417 0.29375 0.583333 0.295312 0.535417 0.295312 0.533333 0.29375 0.525 0.29375 0.522917 0.292187 0.51875 0.292187 0.516667 0.290625 0.510417 0.290625 0.508333 0.289062 0.502083 0.289062 0.5 0.2875 0.497917 0.2875 0.49375 0.284375 0.489583 0.284375 0.4875 0.282812 0.483333 0.282812 0.479167 0.279687 0.477083 0.279687 0.472917 0.276562 0.46875 0.276562 0.4625 0.271875 0.460417 0.271875 0.44375 0.259375 0.44375 0.257812 0.4375 0.253125 0.4375 0.25 0.435417 0.248437 0.435417 0.246875 0.433333 0.246875 0.43125 0.245312 0.43125 0.24375 0.429167 0.242187 0.429167 0.23125 0.427083 0.229687 0.927652
0 0.402083 0.26875 0.402083 0.271875 0.4 0.273438 0.4 0.3125 0.402083 0.314062 0.402083 0.315625 0.40625 0.31875 0.40625 0.320312 0.410417 0.323437 0.410417 0.325 0.41875 0.33125 0.41875 0.332812 0.420833 0.334375 0.422917 0.334375 0.427083 0.3375 0.427083 0.339062 0.429167 0.339062 0.433333 0.342187 0.435417 0.342187 0.4375 0.34375 0.4375 0.345312 0.439583 0.345312 0.44375 0.348437 0.447917 0.348437 0.452083 0.351562 0.454167 0.351562 0.45625 0.353125 0.458333 0.353125 0.460417 0.354687 0.464583 0.354687 0.466667 0.35625 0.46875 0.35625 0.470833 0.357812 0.475 0.357812 0.477083 0.359375 0.4875 0.359375 0.489583 0.360937 0.497917 0.360937 0.5 0.3625 0.508333 0.3625 0.510417 0.364062 0.529167 0.364062 0.53125 0.3625 0.541667 0.3625 0.54375 0.360937 0.554167 0.360937 0.55625 0.359375 0.564583 0.359375 0.566667 0.357812 0.56875 0.357812 0.572917 0.354687 0.577083 0.354687 0.579167 0.353125 0.583333 0.353125 0.585417 0.351562 0.585417 0.35 0.589583 0.346875 0.595833 0.346875 0.595833 0.345312 0.589583 0.345312 0.5875 0.346875 0.5875 0.348437 0.585417 0.35 0.583333 0.35 0.58125 0.351562 0.564583 0.351562 0.5625 0.353125 0.558333 0.353125 0.55625 0.354687 0.552083 0.354687 0.55 0.35625 0.539583 0.35625 0.5375 0.357812 0.514583 0.357812 0.5125 0.35625 0.50625 0.35625 0.504167 0.354687 0.502083 0.354687 0.5 0.353125 0.49375 0.353125 0.491667 0.351562 0.479167 0.351562 0.477083 0.35 0.472917 0.35 0.46875 0.346875 0.464583 0.346875 0.4625 0.345312 0.458333 0.345312 0.454167 0.342187 0.452083 0.342187 0.447917 0.339062 0.445833 0.339062 0.44375 0.3375 0.441667 0.3375 0.435417 0.332812 0.433333 0.332812 0.427083 0.328125 0.427083 0.326562 0.425 0.326562 0.420833 0.323437 0.420833 0.321875 0.414583 0.317187 0.414583 0.315625 0.4125 0.314062 0.4125 0.310937 0.410417 0.309375 0.410417 0.30625 0.408333 0.304688 0.408333 0.303125 0.40625 0.301562 0.40625 0.295312 0.404167 0.29375 0.404167 0.26875 0.909128
0 0.429167 0.214062 0.429167 0.234375 0.43125 0.235937 0.43125 0.240625 0.433333 0.242187 0.433333 0.245312 0.4375 0.248437 0.4375 0.25 0.441667 0.253125 0.441667 0.254688 0.452083 0.2625 0.452083 0.264062 0.454167 0.265625 0.45625 0.265625 0.460417 0.26875 0.460417 0.270312 0.4625 0.270312 0.464583 0.271875 0.466667 0.271875 0.46875 0.273438 0.470833 0.273438 0.475 0.276562 0.477083 0.276562 0.479167 0.278125 0.48125 0.278125 0.485417 0.28125 0.4875 0.28125 0.489583 0.282812 0.49375 0.282812 0.495833 0.284375 0.5 0.284375 0.502083 0.285937 0.50625 0.285937 0.508333 0.2875 0.510417 0.2875 0.5125 0.289062 0.51875 0.289062 0.520833 0.290625 0.529167 0.290625 0.53125 0.292187 0.54375 0.292187 0.545833 0.29375 0.564583 0.29375 0.566667 0.292187 0.583333 0.292187 0.585417 0.290625 0.602083 0.290625 0.604167 0.289062 0.60625 0.289062 0.608333 0.2875 0.610417 0.2875 0.6125 0.285937 0.616667 0.285937 0.61875 0.284375 0.620833 0.284375 0.622917 0.282812 0.625 0.282812 0.627083 0.28125 0.629167 0.28125 0.633333 0.278125 0.635417 0.278125 0.6375 0.276562 0.639583 0.276562 0.645833 0.271875 0.645833 0.270312 0.65 0.267187 0.652083 0.267187 0.654167 0.265625 0.654167 0.264062 0.65625 0.2625 0.65625 0.260937 0.658333 0.259375 0.660417 0.259375 0.660417 0.257812 0.6625 0.25625 0.6625 0.25 0.660417 0.251563 0.660417 0.253125 0.658333 0.254688 0.658333 0.25625 0.65625 0.257812 0.654167 0.257812 0.652083 0.259375 0.652083 0.260937 0.647917 0.264062 0.645833 0.264062 0.639583 0.26875 0.6375 0.26875 0.635417 0.270312 0.63125 0.270312 0.629167 0.271875 0.627083 0.271875 0.627083 0.273438 0.625 0.275 0.622917 0.275 0.620833 0.276562 0.6125 0.276562 0.610417 0.278125 0.604167 0.278125 0.6 0.28125 0.595833 0.28125 0.59375 0.282812 0.535417 0.282812 0.533333 0.28125 0.527083 0.28125 0.525 0.279687 0.522917 0.279687 0.520833 0.278125 0.516667 0.278125 0.514583 0.276562 0.504167 0.276562 0.502083 0.275 0.497917 0.275 0.49375 0.271875 0.491667 0.271875 0.489583 0.270312 0.485417 0.270312 0.483333 0.26875 0.48125 0.26875 0.475 0.264062 0.470833 0.264062 0.4625 0.257812 0.460417 0.257812 0.454167 0.253125 0.454167 0.251563 0.445833 0.245312 0.445833 0.24375 0.439583 0.239062 0.439583 0.2375 0.4375 0.235937 0.4375 0.23125 0.433333 0.228125 0.43125 0.228125 0.429167 0.226562 0.673516
0 0.579167 0.346875 0.5875 0.346875 0.589583 0.345312 0.59375 0.345312 0.59375 0.342187 0.595833 0.340625 0.602083 0.340625 0.604167 0.339062 0.604167 0.335938 0.597917 0.340625 0.59375 0.340625 0.591667 0.342187 0.5875 0.342187 0.583333 0.345312 0.58125 0.345312 0.579167 0.346875 0.570833 0.351562 0.522917 0.351562 0.520833 0.35 0.5125 0.35 0.510417 0.351562 0.495833 0.351562 0.49375 0.35 0.4875 0.35 0.485417 0.348437 0.483333 0.348437 0.479167 0.345312 0.475 0.345312 0.472917 0.34375 0.466667 0.34375 0.460417 0.339062 0.460417 0.3375 0.45625 0.3375 0.454167 0.335938 0.452083 0.335938 0.441667 0.328125 0.439583 0.328125 0.435417 0.325 0.435417 0.323437 0.433333 0.321875 0.43125 0.321875 0.429167 0.320312 0.427083 0.320312 0.422917 0.317187 0.422917 0.315625 0.41875 0.3125 0.416667 0.3125 0.414583 0.310937 0.414583 0.307812 0.4125 0.30625 0.4125 0.303125 0.410417 0.301562 0.410417 0.3 0.410417 0.310937 0.414583 0.310937 0.416667 0.3125 0.416667 0.317187 0.41875 0.31875 0.41875 0.320312 0.425 0.325 0.425 0.326562 0.427083 0.328125 0.429167 0.328125 0.433333 0.33125 0.433333 0.332812 0.4375 0.335938 0.439583 0.335938 0.445833 0.340625 0.447917 0.340625 0.45 0.342187 0.45625 0.342187 0.460417 0.345312 0.460417 0.346875 0.466667 0.346875 0.46875 0.348437 0.472917 0.348437 0.48125 0.354687 0.5 0.354687 0.502083 0.353125 0.508333 0.353125 0.510417 0.354687 0.520833 0.354687 0.522917 0.35625 0.525 0.35625 0.527083 0.357812 0.535417 0.357812 0.5375 0.35625 0.541667 0.35625 0.54375 0.354687 0.55 0.354687 0.552083 0.353125 0.564583 0.353125 0.566667 0.351562 0.570833 0.351562 0.0176028
0 0.433333 0.23125 0.433333 0.254688 0.439583 0.259375 0.439583 0.260937 0.441667 0.2625 0.441667 0.264062 0.445833 0.267187 0.445833 0.270312 0.447917 0.270312 0.454167 0.275 0.454167 0.276562 0.45625 0.276562 0.458333 0.278125 0.460417 0.278125 0.4625 0.279687 0.4625 0.28125 0.464583 0.282812 0.46875 0.282812 0.470833 0.284375 0.475 0.284375 0.479167 0.2875 0.479167 0.289062 0.489583 0.289062 0.491667 0.290625 0.49375 0.290625 0.5 0.295312 0.508333 0.295312 0.510417 0.296875 0.516667 0.296875 0.51875 0.298437 0.520833 0.298437 0.522917 0.3 0.522917 0.301562 0.583333 0.301562 0.5875 0.298437 0.589583 0.298437 0.591667 0.296875 0.595833 0.296875 0.597917 0.295312 0.602083 0.295312 0.60625 0.292187 0.608333 0.292187 0.610417 0.290625 0.614583 0.290625 0.616667 0.289062 0.61875 0.289062 0.61875 0.2875 0.622917 0.284375 0.627083 0.284375 0.633333 0.279687 0.635417 0.279687 0.645833 0.271875 0.645833 0.26875 0.65 0.265625 0.652083 0.265625 0.654167 0.264062 0.654167 0.259375 0.652083 0.260937 0.652083 0.2625 0.647917 0.265625 0.645833 0.265625 0.64375 0.267187 0.64375 0.26875 0.641667 0.270312 0.639583 0.270312 0.6375 0.271875 0.635417 0.271875 0.63125 0.275 0.629167 0.275 0.625 0.278125 0.61875 0.278125 0.616667 0.279687 0.616667 0.28125 0.614583 0.282812 0.614583 0.284375 0.6125 0.285937 0.60625 0.285937 0.604167 0.284375 0.54375 0.284375 0.541667 0.282812 0.527083 0.282812 0.525 0.28125 0.520833 0.28125 0.516667 0.278125 0.50625 0.278125 0.504167 0.276562 0.497917 0.276562 0.491667 0.271875 0.4875 0.271875 0.485417 0.270312 0.48125 0.270312 0.475 0.265625 0.470833 0.265625 0.46875 0.264062 0.466667 0.264062 0.4625 0.260937 0.4625 0.259375 0.460417 0.257812 0.458333 0.257812 0.454167 0.254688 0.454167 0.253125 0.445833 0.246875 0.445833 0.245312 0.439583 0.240625 0.439583 0.239062 0.4375 0.2375 0.4375 0.232812 0.435417 0.23125 0.0103456
