0 0.59375 0.628906 0.59375 0.629687 0.592708 0.630469 0.592708 0.632812 0.591667 0.633594 0.591667 0.635156 0.589583 0.636719 0.589583 0.6375 0.588542 0.638281 0.588542 0.639062 0.575 0.649219 0.573958 0.649219 0.571875 0.650781 0.570833 0.650781 0.569792 0.651562 0.56875 0.651562 0.567708 0.652344 0.566667 0.652344 0.564583 0.653906 0.563542 0.653906 0.5625 0.654687 0.561458 0.654687 0.560417 0.655469 0.559375 0.655469 0.558333 0.65625 0.557292 0.65625 0.55625 0.657031 0.555208 0.657031 0.554167 0.657812 0.551042 0.657812 0.548958 0.659375 0.546875 0.659375 0.545833 0.660156 0.54375 0.660156 0.542708 0.660937 0.539583 0.660937 0.538542 0.661719 0.5375 0.661719 0.536458 0.6625 0.534375 0.6625 0.533333 0.663281 0.528125 0.663281 0.527083 0.664062 0.519792 0.664062 0.51875 0.664844 0.514583 0.664844 0.513542 0.665625 0.508333 0.665625 0.507292 0.666406 0.497917 0.666406 0.496875 0.667187 0.460417 0.667187 0.459375 0.666406 0.447917 0.666406 0.446875 0.665625 0.440625 0.665625 0.439583 0.664844 0.435417 0.664844 0.434375 0.664062 0.428125 0.664062 0.427083 0.663281 0.422917 0.663281 0.421875 0.6625 0.419792 0.6625 0.41875 0.661719 0.416667 0.661719 0.415625 0.660937 0.4125 0.660937 0.411458 0.660156 0.409375 0.660156 0.408333 0.659375 0.40625 0.659375 0.405208 0.658594 0.404167 0.658594 0.403125 0.657812 0.401042 0.657812 0.4 0.657031 0.398958 0.657031 0.397917 0.65625 0.396875 0.65625 0.395833 0.655469 0.394792 0.655469 0.39375 0.654687 0.392708 0.654687 0.391667 0.653906 0.390625 0.653906 0.388542 0.652344 0.3875 0.652344 0.385417 0.650781 0.384375 0.650781 0.382292 0.649219 0.38125 0.649219 0.378125 0.646875 0.377083 0.646875 0.36875 0.640625 0.36875 0.639844 0.364583 0.636719 0.364583 0.635156 0.363542 0.634375 0.363542 0.633594 0.363542 0.648438 0.365625 0.65 0.365625 0.650781 0.366667 0.651562 0.366667 0.652344 0.369792 0.654687 0.369792 0.655469 0.379167 0.6625 0.380208 0.6625 0.384375 0.665625 0.385417 0.665625 0.386458 0.666406 0.3875 0.666406 0.389583 0.667969 0.390625 0.667969 0.391667 0.66875 0.392708 0.66875 0.39375 0.669531 0.394792 0.669531 0.395833 0.670312 0.396875 0.670312 0.398958 0.671875 0.4 0.671875 0.401042 0.672656 0.403125 0.672656 0.404167 0.673437 0.405208 0.673437 0.40625 0.674219 0.407292 0.674219 0.408333 0.675 0.410417 0.675 0.411458 0.675781 0.414583 0.675781 0.415625 0.676562 0.417708 0.676562 0.41875 0.677344 0.420833 0.677344 0.421875 0.678125 0.425 0.678125 0.426042 0.678906 0.43125 0.678906 0.432292 0.679688 0.4375 0.679688 0.438542 0.680469 0.442708 0.680469 0.44375 0.68125 0.5125 0.68125 0.513542 0.680469 0.517708 0.680469 0.51875 0.679688 0.522917 0.679688 0.523958 0.678906 0.529167 0.678906 0.530208 0.678125 0.532292 0.678125 0.533333 0.677344 0.535417 0.677344 0.536458 0.676562 0.539583 0.676562 0.540625 0.675781 0.54375 0.675781 0.544792 0.675 0.545833 0.675 0.546875 0.674219 0.547917 0.674219 0.548958 0.673437 0.551042 0.673437 0.552083 0.672656 0.553125 0.672656 0.554167 0.671875 0.555208 0.671875 0.55625 0.671094 0.557292 0.671094 0.558333 0.670312 0.559375 0.670312 0.560417 0.669531 0.561458 0.669531 0.5625 0.66875 0.563542 0.66875 0.564583 0.667969 0.565625 0.667969 0.567708 0.666406 0.56875 0.666406 0.570833 0.664844 0.571875 0.664844 0.575 0.6625 0.576042 0.6625 0.579167 0.660156 0.580208 0.660156 0.588542 0.653906 0.588542 0.653125 0.590625 0.651562 0.590625 0.650781 0.592708 0.649219 0.592708 0.648438 0.59375 0.647656 0.59375 0.646875 0.594792 0.646094 0.594792 0.644531 0.595833 0.64375 0.595833 0.629687 0.594792 0.629687 0.965198
0 0.359375 0.489062 0.359375 0.500781 0.360417 0.501562 0.360417 0.502344 0.3625 0.503906 0.3625 0.504687 0.365625 0.507031 0.365625 0.507812 0.371875 0.5125 0.372917 0.5125 0.375 0.514062 0.376042 0.514062 0.378125 0.515625 0.379167 0.515625 0.380208 0.516406 0.38125 0.516406 0.382292 0.517188 0.383333 0.517188 0.385417 0.51875 0.3875 0.51875 0.388542 0.519531 0.390625 0.519531 0.391667 0.520312 0.39375 0.520312 0.394792 0.521094 0.395833 0.521094 0.396875 0.521875 0.397917 0.521875 0.398958 0.522656 0.402083 0.522656 0.403125 0.523438 0.405208 0.523438 0.40625 0.524219 0.408333 0.524219 0.409375 0.525 0.4125 0.525 0.413542 0.525781 0.420833 0.525781 0.421875 0.526562 0.426042 0.526562 0.427083 0.527344 0.43125 0.527344 0.432292 0.528125 0.440625 0.528125 0.441667 0.528906 0.464583 0.528906 0.465625 0.529687 0.498958 0.529687 0.5 0.528906 0.516667 0.528906 0.517708 0.528125 0.529167 0.528125 0.530208 0.527344 0.535417 0.527344 0.536458 0.526562 0.540625 0.526562 0.541667 0.525781 0.55 0.525781 0.551042 0.525 0.554167 0.525 0.555208 0.524219 0.55625 0.524219 0.557292 0.523438 0.559375 0.523438 0.560417 0.522656 0.564583 0.522656 0.565625 0.521875 0.567708 0.521875 0.56875 0.521094 0.569792 0.521094 0.570833 0.520312 0.571875 0.520312 0.572917 0.519531 0.576042 0.519531 0.577083 0.51875 0.578125 0.51875 0.579167 0.517969 0.580208 0.517969 0.58125 0.517188 0.582292 0.517188 0.583333 0.516406 0.585417 0.516406 0.5875 0.514844 0.588542 0.514844 0.590625 0.513281 0.591667 0.513281 0.592708 0.5125 0.59375 0.5125 0.598958 0.508594 0.6 0.508594 0.604167 0.505469 0.604167 0.504687 0.605208 0.503906 0.605208 0.49375 0.603125 0.495312 0.602083 0.495312 0.602083 0.496094 0.6 0.497656 0.598958 0.497656 0.597917 0.498437 0.596875 0.498437 0.59375 0.500781 0.592708 0.500781 0.591667 0.501562 0.589583 0.501562 0.588542 0.502344 0.5875 0.502344 0.585417 0.503906 0.583333 0.503906 0.582292 0.504687 0.579167 0.504687 0.578125 0.505469 0.577083 0.505469 0.576042 0.50625 0.575 0.50625 0.573958 0.507031 0.570833 0.507031 0.569792 0.507812 0.566667 0.507812 0.565625 0.508594 0.563542 0.508594 0.5625 0.509375 0.560417 0.509375 0.559375 0.510156 0.554167 0.510156 0.553125 0.510937 0.545833 0.510937 0.544792 0.511719 0.541667 0.511719 0.540625 0.5125 0.535417 0.5125 0.534375 0.513281 0.526042 0.513281 0.525 0.514062 0.515625 0.514062 0.514583 0.514844 0.505208 0.514844 0.504167 0.515625 0.469792 0.515625 0.46875 0.514844 0.459375 0.514844 0.458333 0.514062 0.444792 0.514062 0.44375 0.513281 0.434375 0.513281 0.433333 0.5125 0.429167 0.5125 0.428125 0.511719 0.425 0.511719 0.423958 0.510937 0.416667 0.510937 0.415625 0.510156 0.411458 0.510156 0.410417 0.509375 0.408333 0.509375 0.407292 0.508594 0.405208 0.508594 0.404167 0.507812 0.4 0.507812 0.398958 0.507031 0.396875 0.507031 0.395833 0.50625 0.394792 0.50625 0.39375 0.505469 0.392708 0.505469 0.391667 0.504687 0.388542 0.504687 0.3875 0.503906 0.386458 0.503906 0.385417 0.503125 0.384375 0.503125 0.383333 0.502344 0.382292 0.502344 0.38125 0.501562 0.379167 0.501562 0.375 0.498437 0.373958 0.498437 0.367708 0.49375 0.367708 0.492969 0.364583 0.490625 0.364583 0.489062 0.948267
0 0.35625 0.507812 0.35625 0.510937 0.357292 0.511719 0.357292 0.513281 0.358333 0.514062 0.358333 0.515625 0.359375 0.516406 0.359375 0.517188 0.360417 0.517969 0.360417 0.51875 0.3625 0.520312 0.3625 0.521094 0.365625 0.523438 0.365625 0.524219 0.371875 0.528906 0.372917 0.528906 0.375 0.530469 0.376042 0.530469 0.378125 0.532031 0.379167 0.532031 0.380208 0.532812 0.38125 0.532812 0.382292 0.533594 0.383333 0.533594 0.385417 0.535156 0.388542 0.535156 0.389583 0.535937 0.391667 0.535937 0.39375 0.5375 0.395833 0.5375 0.396875 0.538281 0.401042 0.538281 0.402083 0.539062 0.404167 0.539062 0.405208 0.539844 0.407292 0.539844 0.408333 0.540625 0.411458 0.540625 0.4125 0.541406 0.417708 0.541406 0.41875 0.542187 0.423958 0.542187 0.425 0.542969 0.428125 0.542969 0.429167 0.54375 0.433333 0.54375 0.434375 0.544531 0.446875 0.544531 0.447917 0.545312 0.505208 0.545312 0.50625 0.544531 0.520833 0.544531 0.521875 0.54375 0.527083 0.54375 0.528125 0.542969 0.532292 0.542969 0.533333 0.542187 0.5375 0.542187 0.538542 0.541406 0.546875 0.541406 0.547917 0.540625 0.55 0.540625 0.551042 0.539844 0.553125 0.539844 0.554167 0.539062 0.557292 0.539062 0.558333 0.538281 0.561458 0.538281 0.5625 0.5375 0.564583 0.5375 0.565625 0.536719 0.566667 0.536719 0.567708 0.535937 0.56875 0.535937 0.569792 0.535156 0.572917 0.535156 0.573958 0.534375 0.575 0.534375 0.576042 0.533594 0.577083 0.533594 0.578125 0.532812 0.579167 0.532812 0.580208 0.532031 0.58125 0.532031 0.582292 0.53125 0.583333 0.53125 0.585417 0.529687 0.586458 0.529687 0.5875 0.528906 0.588542 0.528906 0.591667 0.526562 0.592708 0.526562 0.6 0.521094 0.6 0.520312 0.602083 0.51875 0.602083 0.508594 0.6 0.510156 0.598958 0.510156 0.594792 0.513281 0.59375 0.513281 0.592708 0.514062 0.591667 0.514062 0.589583 0.515625 0.588542 0.515625 0.5875 0.516406 0.586458 0.516406 0.585417 0.517188 0.584375 0.517188 0.583333 0.517969 0.582292 0.517969 0.58125 0.51875 0.580208 0.51875 0.579167 0.519531 0.578125 0.519531 0.577083 0.520312 0.575 0.520312 0.573958 0.521094 0.572917 0.521094 0.571875 0.521875 0.570833 0.521875 0.569792 0.522656 0.566667 0.522656 0.565625 0.523438 0.5625 0.523438 0.561458 0.524219 0.559375 0.524219 0.558333 0.525 0.55625 0.525 0.555208 0.525781 0.552083 0.525781 0.551042 0.526562 0.544792 0.526562 0.54375 0.527344 0.539583 0.527344 0.538542 0.528125 0.533333 0.528125 0.532292 0.528906 0.521875 0.528906 0.520833 0.529687 0.508333 0.529687 0.507292 0.530469 0.494792 0.530469 0.49375 0.53125 0.472917 0.53125 0.471875 0.530469 0.454167 0.530469 0.453125 0.529687 0.440625 0.529687 0.439583 0.528906 0.429167 0.528906 0.428125 0.528125 0.423958 0.528125 0.422917 0.527344 0.419792 0.527344 0.41875 0.526562 0.4125 0.526562 0.411458 0.525781 0.408333 0.525781 0.407292 0.525 0.405208 0.525 0.404167 0.524219 0.402083 0.524219 0.401042 0.523438 0.397917 0.523438 0.396875 0.522656 0.395833 0.522656 0.394792 0.521875 0.392708 0.521875 0.391667 0.521094 0.390625 0.521094 0.389583 0.520312 0.3875 0.520312 0.386458 0.519531 0.384375 0.519531 0.382292 0.517969 0.38125 0.517969 0.380208 0.517188 0.379167 0.517188 0.378125 0.516406 0.377083 0.516406 0.375 0.514844 0.373958 0.514844 0.371875 0.513281 0.370833 0.513281 0.364583 0.508594 0.364583 0.507812 0.947221
0 0.355208 0.573437 0.355208 0.580469 0.35625 0.58125 0.35625 0.584375 0.357292 0.585156 0.357292 0.586719 0.358333 0.5875 0.358333 0.589062 0.359375 0.589844 0.359375 0.590625 0.360417 0.591406 0.360417 0.592187 0.361458 0.592969 0.361458 0.59375 0.3625 0.594531 0.3625 0.595312 0.364583 0.596875 0.364583 0.597656 0.365625 0.598437 0.365625 0.599219 0.370833 0.603125 0.371875 0.603125 0.375 0.605469 0.376042 0.605469 0.377083 0.60625 0.378125 0.60625 0.379167 0.607031 0.380208 0.607031 0.382292 0.608594 0.383333 0.608594 0.384375 0.609375 0.385417 0.609375 0.386458 0.610156 0.388542 0.610156 0.390625 0.611719 0.391667 0.611719 0.392708 0.6125 0.39375 0.6125 0.394792 0.613281 0.396875 0.613281 0.397917 0.614062 0.4 0.614062 0.401042 0.614844 0.402083 0.614844 0.403125 0.615625 0.405208 0.615625 0.40625 0.616406 0.410417 0.616406 0.411458 0.617188 0.414583 0.617188 0.415625 0.617969 0.417708 0.617969 0.41875 0.61875 0.421875 0.61875 0.422917 0.619531 0.427083 0.619531 0.428125 0.620312 0.432292 0.620312 0.433333 0.621094 0.4375 0.621094 0.438542 0.621875 0.446875 0.621875 0.447917 0.622656 0.496875 0.622656 0.497917 0.621875 0.507292 0.621875 0.508333 0.621094 0.513542 0.621094 0.514583 0.620312 0.520833 0.620312 0.521875 0.619531 0.530208 0.619531 0.53125 0.61875 0.533333 0.61875 0.534375 0.617969 0.536458 0.617969 0.5375 0.617188 0.539583 0.617188 0.540625 0.616406 0.544792 0.616406 0.545833 0.615625 0.547917 0.615625 0.548958 0.614844 0.55 0.614844 0.552083 0.613281 0.555208 0.613281 0.55625 0.6125 0.557292 0.6125 0.558333 0.611719 0.559375 0.611719 0.560417 0.610937 0.561458 0.610937 0.5625 0.610156 0.564583 0.610156 0.566667 0.608594 0.567708 0.608594 0.56875 0.607812 0.569792 0.607812 0.570833 0.607031 0.571875 0.607031 0.573958 0.605469 0.575 0.605469 0.577083 0.603906 0.578125 0.603906 0.582292 0.600781 0.583333 0.600781 0.584375 0.6 0.584375 0.599219 0.5875 0.596875 0.5875 0.596094 0.589583 0.594531 0.589583 0.59375 0.591667 0.592187 0.591667 0.591406 0.59375 0.589844 0.59375 0.585938 0.59375 0.586719 0.591667 0.588281 0.589583 0.588281 0.586458 0.590625 0.584375 0.590625 0.582292 0.592187 0.58125 0.592187 0.579167 0.59375 0.578125 0.59375 0.577083 0.594531 0.576042 0.594531 0.575 0.595312 0.573958 0.595312 0.572917 0.596094 0.571875 0.596094 0.569792 0.597656 0.56875 0.597656 0.567708 0.598437 0.565625 0.598437 0.564583 0.599219 0.563542 0.599219 0.5625 0.6 0.560417 0.6 0.559375 0.600781 0.557292 0.600781 0.55625 0.601562 0.554167 0.601562 0.553125 0.602344 0.551042 0.602344 0.55 0.603125 0.547917 0.603125 0.546875 0.603906 0.54375 0.603906 0.542708 0.604687 0.539583 0.604687 0.538542 0.605469 0.535417 0.605469 0.534375 0.60625 0.530208 0.60625 0.529167 0.607031 0.523958 0.607031 0.522917 0.607812 0.514583 0.607812 0.513542 0.608594 0.50625 0.608594 0.505208 0.609375 0.494792 0.609375 0.49375 0.610156 0.461458 0.610156 0.460417 0.609375 0.448958 0.609375 0.447917 0.608594 0.441667 0.608594 0.440625 0.607812 0.432292 0.607812 0.43125 0.607031 0.427083 0.607031 0.426042 0.60625 0.422917 0.60625 0.421875 0.605469 0.419792 0.605469 0.41875 0.604687 0.414583 0.604687 0.413542 0.603906 0.410417 0.603906 0.409375 0.603125 0.408333 0.603125 0.407292 0.602344 0.405208 0.602344 0.404167 0.601562 0.402083 0.601562 0.401042 0.600781 0.398958 0.600781 0.397917 0.6 0.396875 0.6 0.395833 0.599219 0.394792 0.599219 0.39375 0.598437 0.391667 0.598437 0.390625 0.597656 0.389583 0.597656 0.3875 0.596094 0.386458 0.596094 0.385417 0.595312 0.384375 0.595312 0.383333 0.594531 0.382292 0.594531 0.380208 0.592969 0.379167 0.592969 0.377083 0.591406 0.376042 0.591406 0.367708 0.585156 0.367708 0.584375 0.365625 0.582812 0.365625 0.582031 0.364583 0.58125 0.364583 0.580469 0.363542 0.579687 0.363542 0.578906 0.3625 0.578125 0.3625 0.577344 0.361458 0.576562 0.361458 0.575 0.360417 0.574219 0.360417 0.573437 0.936964
0 0.358333 0.594531 0.358333 0.601562 0.359375 0.602344 0.359375 0.603906 0.360417 0.604687 0.360417 0.605469 0.361458 0.60625 0.361458 0.607031 0.3625 0.607812 0.3625 0.608594 0.364583 0.610156 0.364583 0.610937 0.367708 0.613281 0.367708 0.614062 0.36875 0.614844 0.36875 0.615625 0.369792 0.616406 0.370833 0.616406 0.373958 0.61875 0.375 0.61875 0.377083 0.620312 0.378125 0.620312 0.380208 0.621875 0.38125 0.621875 0.382292 0.622656 0.383333 0.622656 0.384375 0.623437 0.385417 0.623437 0.3875 0.625 0.388542 0.625 0.389583 0.625781 0.391667 0.625781 0.392708 0.626562 0.39375 0.626562 0.394792 0.627344 0.395833 0.627344 0.396875 0.628125 0.397917 0.628125 0.398958 0.628906 0.402083 0.628906 0.403125 0.629687 0.40625 0.629687 0.407292 0.630469 0.408333 0.630469 0.409375 0.63125 0.410417 0.63125 0.411458 0.632031 0.415625 0.632031 0.416667 0.632812 0.419792 0.632812 0.420833 0.633594 0.423958 0.633594 0.425 0.634375 0.428125 0.634375 0.429167 0.635156 0.436458 0.635156 0.4375 0.635937 0.44375 0.635937 0.444792 0.636719 0.451042 0.636719 0.452083 0.6375 0.494792 0.6375 0.495833 0.636719 0.503125 0.636719 0.504167 0.635937 0.511458 0.635937 0.5125 0.635156 0.520833 0.635156 0.521875 0.634375 0.526042 0.634375 0.527083 0.633594 0.529167 0.633594 0.530208 0.632812 0.533333 0.632812 0.534375 0.632031 0.538542 0.632031 0.539583 0.63125 0.541667 0.63125 0.542708 0.630469 0.54375 0.630469 0.544792 0.629687 0.546875 0.629687 0.547917 0.628906 0.551042 0.628906 0.552083 0.628125 0.554167 0.628125 0.555208 0.627344 0.55625 0.627344 0.557292 0.626562 0.558333 0.626562 0.559375 0.625781 0.561458 0.625781 0.5625 0.625 0.563542 0.625 0.565625 0.623437 0.566667 0.623437 0.567708 0.622656 0.56875 0.622656 0.569792 0.621875 0.570833 0.621875 0.573958 0.619531 0.575 0.619531 0.577083 0.617969 0.578125 0.617969 0.588542 0.610156 0.588542 0.609375 0.591667 0.607031 0.591667 0.60625 0.592708 0.605469 0.592708 0.604687 0.59375 0.603906 0.59375 0.594531 0.592708 0.594531 0.591667 0.595312 0.591667 0.596094 0.580208 0.604687 0.579167 0.604687 0.577083 0.60625 0.576042 0.60625 0.573958 0.607812 0.572917 0.607812 0.571875 0.608594 0.570833 0.608594 0.569792 0.609375 0.56875 0.609375 0.567708 0.610156 0.566667 0.610156 0.565625 0.610937 0.564583 0.610937 0.563542 0.611719 0.5625 0.611719 0.561458 0.6125 0.559375 0.6125 0.558333 0.613281 0.557292 0.613281 0.55625 0.614062 0.554167 0.614062 0.553125 0.614844 0.551042 0.614844 0.55 0.615625 0.548958 0.615625 0.547917 0.616406 0.545833 0.616406 0.544792 0.617188 0.541667 0.617188 0.540625 0.617969 0.538542 0.617969 0.5375 0.61875 0.535417 0.61875 0.534375 0.619531 0.532292 0.619531 0.53125 0.620312 0.523958 0.620312 0.522917 0.621094 0.516667 0.621094 0.515625 0.621875 0.509375 0.621875 0.508333 0.622656 0.496875 0.622656 0.495833 0.623437 0.447917 0.623437 0.446875 0.622656 0.4375 0.622656 0.436458 0.621875 0.432292 0.621875 0.43125 0.621094 0.428125 0.621094 0.427083 0.620312 0.422917 0.620312 0.421875 0.619531 0.417708 0.619531 0.416667 0.61875 0.414583 0.61875 0.413542 0.617969 0.411458 0.617969 0.410417 0.617188 0.40625 0.617188 0.405208 0.616406 0.403125 0.616406 0.402083 0.615625 0.401042 0.615625 0.4 0.614844 0.398958 0.614844 0.397917 0.614062 0.395833 0.614062 0.394792 0.613281 0.392708 0.613281 0.390625 0.611719 0.389583 0.611719 0.388542 0.610937 0.386458 0.610937 0.385417 0.610156 0.384375 0.610156 0.383333 0.609375 0.382292 0.609375 0.380208 0.607812 0.379167 0.607812 0.378125 0.607031 0.377083 0.607031 0.375 0.605469 0.373958 0.605469 0.364583 0.598437 0.364583 0.597656 0.361458 0.595312 0.361458 0.594531 0.931895
0 0.597917 0.595312 0.597917 0.596875 0.596875 0.597656 0.596875 0.6 0.595833 0.600781 0.595833 0.602344 0.594792 0.603125 0.594792 0.603906 0.59375 0.604687 0.59375 0.605469 0.592708 0.60625 0.592708 0.607031 0.590625 0.608594 0.590625 0.609375 0.579167 0.617969 0.578125 0.617969 0.575 0.620312 0.573958 0.620312 0.571875 0.621875 0.570833 0.621875 0.56875 0.623437 0.567708 0.623437 0.566667 0.624219 0.565625 0.624219 0.564583 0.625 0.563542 0.625 0.5625 0.625781 0.561458 0.625781 0.560417 0.626562 0.559375 0.626562 0.558333 0.627344 0.55625 0.627344 0.555208 0.628125 0.554167 0.628125 0.553125 0.628906 0.552083 0.628906 0.551042 0.629687 0.548958 0.629687 0.547917 0.630469 0.544792 0.630469 0.54375 0.63125 0.541667 0.63125 0.540625 0.632031 0.538542 0.632031 0.5375 0.632812 0.534375 0.632812 0.533333 0.633594 0.530208 0.633594 0.529167 0.634375 0.526042 0.634375 0.525 0.635156 0.520833 0.635156 0.519792 0.635937 0.514583 0.635937 0.513542 0.636719 0.503125 0.636719 0.502083 0.6375 0.491667 0.6375 0.490625 0.638281 0.45625 0.638281 0.455208 0.6375 0.445833 0.6375 0.444792 0.636719 0.436458 0.636719 0.435417 0.635937 0.430208 0.635937 0.429167 0.635156 0.426042 0.635156 0.425 0.634375 0.421875 0.634375 0.420833 0.633594 0.416667 0.633594 0.415625 0.632812 0.4125 0.632812 0.411458 0.632031 0.410417 0.632031 0.409375 0.63125 0.407292 0.63125 0.40625 0.630469 0.403125 0.630469 0.402083 0.629687 0.4 0.629687 0.398958 0.628906 0.397917 0.628906 0.396875 0.628125 0.395833 0.628125 0.394792 0.627344 0.392708 0.627344 0.391667 0.626562 0.390625 0.626562 0.389583 0.625781 0.388542 0.625781 0.3875 0.625 0.386458 0.625 0.385417 0.624219 0.384375 0.624219 0.383333 0.623437 0.382292 0.623437 0.380208 0.621875 0.379167 0.621875 0.377083 0.620312 0.376042 0.620312 0.371875 0.617188 0.370833 0.617188 0.364583 0.6125 0.364583 0.611719 0.363542 0.610937 0.363542 0.610156 0.3625 0.610937 0.3625 0.614844 0.363542 0.615625 0.363542 0.617188 0.364583 0.617969 0.364583 0.61875 0.365625 0.619531 0.365625 0.620312 0.366667 0.621094 0.366667 0.621875 0.367708 0.622656 0.367708 0.623437 0.370833 0.625781 0.370833 0.626562 0.379167 0.632812 0.380208 0.632812 0.383333 0.635156 0.384375 0.635156 0.3875 0.6375 0.388542 0.6375 0.389583 0.638281 0.390625 0.638281 0.391667 0.639062 0.392708 0.639062 0.394792 0.640625 0.395833 0.640625 0.396875 0.641406 0.398958 0.641406 0.4 0.642187 0.402083 0.642187 0.404167 0.64375 0.40625 0.64375 0.407292 0.644531 0.410417 0.644531 0.411458 0.645312 0.413542 0.645312 0.414583 0.646094 0.415625 0.646094 0.416667 0.646875 0.41875 0.646875 0.419792 0.647656 0.423958 0.647656 0.425 0.648438 0.429167 0.648438 0.430208 0.649219 0.432292 0.649219 0.433333 0.65 0.436458 0.65 0.4375 0.650781 0.444792 0.650781 0.445833 0.651562 0.455208 0.651562 0.45625 0.652344 0.503125 0.652344 0.504167 0.651562 0.5125 0.651562 0.513542 0.650781 0.521875 0.650781 0.522917 0.65 0.526042 0.65 0.527083 0.649219 0.529167 0.649219 0.530208 0.648438 0.533333 0.648438 0.534375 0.647656 0.540625 0.647656 0.541667 0.646875 0.54375 0.646875 0.544792 0.646094 0.546875 0.646094 0.547917 0.645312 0.548958 0.645312 0.55 0.644531 0.553125 0.644531 0.554167 0.64375 0.55625 0.64375 0.558333 0.642187 0.559375 0.642187 0.560417 0.641406 0.563542 0.641406 0.564583 0.640625 0.565625 0.640625 0.56875 0.638281 0.569792 0.638281 0.570833 0.6375 0.571875 0.6375 0.573958 0.635937 0.575 0.635937 0.577083 0.634375 0.578125 0.634375 0.58125 0.632031 0.582292 0.632031 0.588542 0.627344 0.588542 0.626562 0.595833 0.621094 0.595833 0.620312 0.596875 0.619531 0.596875 0.61875 0.597917 0.617969 0.597917 0.617188 0.598958 0.616406 0.598958 0.615625 0.6 0.614844 0.6 0.597656 0.597917 0.596094 0.930829
0 0.352083 0.546094 0.352083 0.558594 0.353125 0.559375 0.353125 0.560156 0.354167 0.560937 0.354167 0.561719 0.355208 0.5625 0.355208 0.564062 0.358333 0.566406 0.358333 0.567187 0.367708 0.574219 0.36875 0.574219 0.370833 0.575781 0.371875 0.575781 0.375 0.578125 0.376042 0.578125 0.378125 0.579687 0.379167 0.579687 0.38125 0.58125 0.382292 0.58125 0.383333 0.582031 0.385417 0.582031 0.386458 0.582812 0.3875 0.582812 0.388542 0.583594 0.389583 0.583594 0.390625 0.584375 0.391667 0.584375 0.392708 0.585156 0.395833 0.585156 0.396875 0.585938 0.398958 0.585938 0.4 0.586719 0.402083 0.586719 0.403125 0.5875 0.405208 0.5875 0.40625 0.588281 0.411458 0.588281 0.4125 0.589062 0.416667 0.589062 0.417708 0.589844 0.420833 0.589844 0.421875 0.590625 0.426042 0.590625 0.427083 0.591406 0.436458 0.591406 0.4375 0.592187 0.446875 0.592187 0.447917 0.592969 0.473958 0.592969 0.475 0.59375 0.478125 0.59375 0.479167 0.592969 0.494792 0.592969 0.495833 0.592187 0.504167 0.592187 0.505208 0.591406 0.5125 0.591406 0.513542 0.590625 0.519792 0.590625 0.520833 0.589844 0.525 0.589844 0.526042 0.589062 0.53125 0.589062 0.532292 0.588281 0.5375 0.588281 0.538542 0.5875 0.542708 0.5875 0.54375 0.586719 0.544792 0.586719 0.545833 0.585938 0.547917 0.585938 0.548958 0.585156 0.552083 0.585156 0.553125 0.584375 0.554167 0.584375 0.555208 0.583594 0.557292 0.583594 0.558333 0.582812 0.559375 0.582812 0.560417 0.582031 0.5625 0.582031 0.563542 0.58125 0.564583 0.58125 0.565625 0.580469 0.566667 0.580469 0.567708 0.579687 0.56875 0.579687 0.569792 0.578906 0.570833 0.578906 0.571875 0.578125 0.572917 0.578125 0.576042 0.575781 0.577083 0.575781 0.578125 0.575 0.579167 0.575 0.582292 0.572656 0.583333 0.572656 0.589583 0.567969 0.589583 0.567187 0.591667 0.565625 0.591667 0.564844 0.59375 0.563281 0.59375 0.555469 0.591667 0.557031 0.590625 0.557031 0.586458 0.560156 0.585417 0.560156 0.584375 0.560937 0.583333 0.560937 0.58125 0.5625 0.580208 0.5625 0.578125 0.564062 0.577083 0.564062 0.576042 0.564844 0.575 0.564844 0.573958 0.565625 0.572917 0.565625 0.571875 0.566406 0.570833 0.566406 0.569792 0.567187 0.567708 0.567187 0.566667 0.567969 0.565625 0.567969 0.564583 0.56875 0.5625 0.56875 0.561458 0.569531 0.560417 0.569531 0.559375 0.570312 0.557292 0.570312 0.55625 0.571094 0.553125 0.571094 0.552083 0.571875 0.55 0.571875 0.548958 0.572656 0.546875 0.572656 0.545833 0.573437 0.542708 0.573437 0.541667 0.574219 0.536458 0.574219 0.535417 0.575 0.532292 0.575 0.53125 0.575781 0.527083 0.575781 0.526042 0.576562 0.521875 0.576562 0.520833 0.577344 0.513542 0.577344 0.5125 0.578125 0.501042 0.578125 0.5 0.578906 0.459375 0.578906 0.458333 0.578125 0.447917 0.578125 0.446875 0.577344 0.435417 0.577344 0.434375 0.576562 0.427083 0.576562 0.426042 0.575781 0.421875 0.575781 0.420833 0.575 0.416667 0.575 0.415625 0.574219 0.411458 0.574219 0.410417 0.573437 0.407292 0.573437 0.40625 0.572656 0.404167 0.572656 0.403125 0.571875 0.401042 0.571875 0.4 0.571094 0.396875 0.571094 0.395833 0.570312 0.39375 0.570312 0.392708 0.569531 0.391667 0.569531 0.390625 0.56875 0.389583 0.56875 0.388542 0.567969 0.386458 0.567969 0.385417 0.567187 0.384375 0.567187 0.383333 0.566406 0.382292 0.566406 0.38125 0.565625 0.380208 0.565625 0.379167 0.564844 0.378125 0.564844 0.376042 0.563281 0.375 0.563281 0.373958 0.5625 0.372917 0.5625 0.369792 0.560156 0.36875 0.560156 0.360417 0.553906 0.360417 0.553125 0.359375 0.552344 0.359375 0.551562 0.357292 0.55 0.357292 0.548437 0.35625 0.547656 0.35625 0.546094 0.926694
0 0.444792 0.298437 0.44375 0.299219 0.439583 0.299219 0.438542 0.3 0.435417 0.3 0.434375 0.300781 0.430208 0.300781 0.429167 0.301562 0.425 0.301562 0.423958 0.302344 0.421875 0.302344 0.420833 0.303125 0.413542 0.303125 0.4125 0.303906 0.407292 0.303906 0.40625 0.304688 0.398958 0.304688 0.397917 0.305469 0.395833 0.305469 0.394792 0.30625 0.390625 0.30625 0.389583 0.307031 0.380208 0.307031 0.379167 0.307812 0.376042 0.307812 0.375 0.308594 0.371875 0.308594 0.370833 0.309375 0.369792 0.309375 0.36875 0.310156 0.367708 0.310156 0.366667 0.310937 0.365625 0.310937 0.364583 0.311719 0.363542 0.311719 0.361458 0.313281 0.361458 0.332031 0.3625 0.332031 0.363542 0.332812 0.364583 0.332812 0.366667 0.334375 0.367708 0.334375 0.36875 0.335156 0.371875 0.335156 0.372917 0.335938 0.375 0.335938 0.376042 0.336719 0.378125 0.336719 0.379167 0.3375 0.380208 0.3375 0.38125 0.338281 0.385417 0.338281 0.386458 0.339062 0.390625 0.339062 0.391667 0.339844 0.394792 0.339844 0.395833 0.340625 0.4 0.340625 0.401042 0.341406 0.409375 0.341406 0.410417 0.342187 0.423958 0.342187 0.425 0.342969 0.428125 0.342969 0.429167 0.342187 0.447917 0.342187 0.448958 0.342969 0.455208 0.342969 0.45625 0.34375 0.465625 0.34375 0.466667 0.344531 0.541667 0.344531 0.542708 0.34375 0.555208 0.34375 0.55625 0.342969 0.5625 0.342969 0.563542 0.342187 0.571875 0.342187 0.572917 0.341406 0.58125 0.341406 0.582292 0.340625 0.5875 0.340625 0.588542 0.339844 0.592708 0.339844 0.59375 0.339062 0.6 0.339062 0.601042 0.338281 0.605208 0.338281 0.60625 0.3375 0.609375 0.3375 0.610417 0.336719 0.6125 0.336719 0.613542 0.335938 0.616667 0.335938 0.617708 0.335156 0.619792 0.335156 0.620833 0.334375 0.622917 0.334375 0.623958 0.333594 0.626042 0.333594 0.627083 0.332812 0.629167 0.332812 0.632292 0.330469 0.633333 0.330469 0.634375 0.329687 0.634375 0.314062 0.627083 0.308594 0.626042 0.308594 0.625 0.307812 0.623958 0.307812 0.622917 0.307031 0.621875 0.307031 0.620833 0.30625 0.619792 0.30625 0.61875 0.305469 0.617708 0.305469 0.616667 0.304688 0.615625 0.304688 0.614583 0.303906 0.6125 0.303906 0.611458 0.303125 0.610417 0.303125 0.609375 0.302344 0.608333 0.302344 0.607292 0.301562 0.604167 0.301562 0.603125 0.300781 0.602083 0.300781 0.601042 0.3 0.598958 0.3 0.597917 0.299219 0.59375 0.299219 0.592708 0.298437 0.922121
0 0.35625 0.521875 0.35625 0.529687 0.360417 0.532812 0.360417 0.533594 0.361458 0.534375 0.361458 0.535156 0.3625 0.535937 0.3625 0.536719 0.365625 0.539062 0.365625 0.539844 0.371875 0.544531 0.372917 0.544531 0.376042 0.546875 0.377083 0.546875 0.378125 0.547656 0.380208 0.547656 0.38125 0.548437 0.382292 0.548437 0.384375 0.55 0.385417 0.55 0.386458 0.550781 0.389583 0.550781 0.390625 0.551562 0.391667 0.551562 0.392708 0.552344 0.394792 0.552344 0.395833 0.553125 0.397917 0.553125 0.398958 0.553906 0.402083 0.553906 0.403125 0.554688 0.405208 0.554688 0.40625 0.555469 0.408333 0.555469 0.409375 0.55625 0.4125 0.55625 0.413542 0.557031 0.419792 0.557031 0.420833 0.557812 0.425 0.557812 0.426042 0.558594 0.429167 0.558594 0.430208 0.559375 0.4375 0.559375 0.438542 0.560156 0.451042 0.560156 0.452083 0.560937 0.463542 0.560937 0.464583 0.561719 0.488542 0.561719 0.489583 0.560937 0.502083 0.560937 0.503125 0.560156 0.514583 0.560156 0.515625 0.559375 0.523958 0.559375 0.525 0.558594 0.529167 0.558594 0.530208 0.557812 0.534375 0.557812 0.535417 0.557031 0.541667 0.557031 0.542708 0.55625 0.546875 0.55625 0.547917 0.555469 0.55 0.555469 0.551042 0.554688 0.553125 0.554688 0.554167 0.553906 0.557292 0.553906 0.558333 0.553125 0.561458 0.553125 0.5625 0.552344 0.563542 0.552344 0.564583 0.551562 0.565625 0.551562 0.566667 0.550781 0.56875 0.550781 0.569792 0.55 0.571875 0.55 0.573958 0.548437 0.575 0.548437 0.576042 0.547656 0.578125 0.547656 0.579167 0.546875 0.580208 0.546875 0.582292 0.545312 0.583333 0.545312 0.586458 0.542969 0.5875 0.542969 0.6 0.533594 0.6 0.522656 0.598958 0.523438 0.597917 0.523438 0.596875 0.524219 0.596875 0.525 0.595833 0.525781 0.594792 0.525781 0.589583 0.529687 0.588542 0.529687 0.5875 0.530469 0.586458 0.530469 0.584375 0.532031 0.583333 0.532031 0.582292 0.532812 0.58125 0.532812 0.580208 0.533594 0.579167 0.533594 0.578125 0.534375 0.577083 0.534375 0.576042 0.535156 0.575 0.535156 0.573958 0.535937 0.571875 0.535937 0.570833 0.536719 0.56875 0.536719 0.567708 0.5375 0.566667 0.5375 0.565625 0.538281 0.564583 0.538281 0.563542 0.539062 0.560417 0.539062 0.559375 0.539844 0.55625 0.539844 0.555208 0.540625 0.553125 0.540625 0.552083 0.541406 0.55 0.541406 0.548958 0.542187 0.541667 0.542187 0.540625 0.542969 0.535417 0.542969 0.534375 0.54375 0.53125 0.54375 0.530208 0.544531 0.525 0.544531 0.523958 0.545312 0.511458 0.545312 0.510417 0.546094 0.494792 0.546094 0.49375 0.546875 0.460417 0.546875 0.459375 0.546094 0.441667 0.546094 0.440625 0.545312 0.432292 0.545312 0.43125 0.544531 0.427083 0.544531 0.426042 0.54375 0.422917 0.54375 0.421875 0.542969 0.417708 0.542969 0.416667 0.542187 0.411458 0.542187 0.410417 0.541406 0.407292 0.541406 0.40625 0.540625 0.404167 0.540625 0.403125 0.539844 0.401042 0.539844 0.4 0.539062 0.395833 0.539062 0.394792 0.538281 0.39375 0.538281 0.392708 0.5375 0.391667 0.5375 0.390625 0.536719 0.388542 0.536719 0.3875 0.535937 0.385417 0.535937 0.384375 0.535156 0.383333 0.535156 0.382292 0.534375 0.38125 0.534375 0.380208 0.533594 0.379167 0.533594 0.378125 0.532812 0.377083 0.532812 0.373958 0.530469 0.372917 0.530469 0.3625 0.522656 0.3625 0.521875 0.920753
0 0.359375 0.478906 0.359375 0.479687 0.360417 0.480469 0.360417 0.483594 0.361458 0.484375 0.361458 0.485156 0.363542 0.486719 0.363542 0.4875 0.364583 0.488281 0.364583 0.489062 0.365625 0.489844 0.365625 0.490625 0.375 0.497656 0.376042 0.497656 0.379167 0.5 0.380208 0.5 0.38125 0.500781 0.382292 0.500781 0.383333 0.501562 0.384375 0.501562 0.385417 0.502344 0.386458 0.502344 0.3875 0.503125 0.388542 0.503125 0.389583 0.503906 0.392708 0.503906 0.39375 0.504687 0.394792 0.504687 0.395833 0.505469 0.397917 0.505469 0.398958 0.50625 0.401042 0.50625 0.402083 0.507031 0.40625 0.507031 0.407292 0.507812 0.409375 0.507812 0.410417 0.508594 0.4125 0.508594 0.413542 0.509375 0.417708 0.509375 0.41875 0.510156 0.425 0.510156 0.426042 0.510937 0.429167 0.510937 0.430208 0.511719 0.434375 0.511719 0.435417 0.5125 0.444792 0.5125 0.445833 0.513281 0.460417 0.513281 0.461458 0.514062 0.473958 0.514062 0.475 0.514844 0.495833 0.514844 0.496875 0.514062 0.510417 0.514062 0.511458 0.513281 0.523958 0.513281 0.525 0.5125 0.533333 0.5125 0.534375 0.511719 0.538542 0.511719 0.539583 0.510937 0.54375 0.510937 0.544792 0.510156 0.551042 0.510156 0.552083 0.509375 0.55625 0.509375 0.557292 0.508594 0.560417 0.508594 0.561458 0.507812 0.564583 0.507812 0.565625 0.507031 0.56875 0.507031 0.569792 0.50625 0.571875 0.50625 0.572917 0.505469 0.573958 0.505469 0.575 0.504687 0.577083 0.504687 0.578125 0.503906 0.58125 0.503906 0.582292 0.503125 0.583333 0.503125 0.584375 0.502344 0.585417 0.502344 0.586458 0.501562 0.5875 0.501562 0.588542 0.500781 0.589583 0.500781 0.590625 0.5 0.591667 0.5 0.592708 0.499219 0.59375 0.499219 0.595833 0.497656 0.596875 0.497656 0.6 0.495312 0.601042 0.495312 0.609375 0.489062 0.609375 0.478906 0.608333 0.478906 0.604167 0.482031 0.603125 0.482031 0.601042 0.483594 0.6 0.483594 0.597917 0.485156 0.596875 0.485156 0.595833 0.485937 0.59375 0.485937 0.592708 0.486719 0.591667 0.486719 0.589583 0.488281 0.5875 0.488281 0.586458 0.489062 0.583333 0.489062 0.582292 0.489844 0.580208 0.489844 0.579167 0.490625 0.578125 0.490625 0.577083 0.491406 0.575 0.491406 0.573958 0.492187 0.56875 0.492187 0.567708 0.492969 0.566667 0.492969 0.565625 0.49375 0.5625 0.49375 0.561458 0.494531 0.55625 0.494531 0.555208 0.495312 0.547917 0.495312 0.546875 0.496094 0.54375 0.496094 0.542708 0.496875 0.538542 0.496875 0.5375 0.497656 0.527083 0.497656 0.526042 0.498437 0.496875 0.498437 0.495833 0.499219 0.483333 0.499219 0.482292 0.498437 0.444792 0.498437 0.44375 0.497656 0.435417 0.497656 0.434375 0.496875 0.43125 0.496875 0.430208 0.496094 0.427083 0.496094 0.426042 0.495312 0.419792 0.495312 0.41875 0.494531 0.414583 0.494531 0.413542 0.49375 0.411458 0.49375 0.410417 0.492969 0.408333 0.492969 0.407292 0.492187 0.402083 0.492187 0.401042 0.491406 0.398958 0.491406 0.397917 0.490625 0.396875 0.490625 0.395833 0.489844 0.394792 0.489844 0.39375 0.489062 0.389583 0.489062 0.388542 0.488281 0.3875 0.488281 0.386458 0.4875 0.385417 0.4875 0.383333 0.485937 0.38125 0.485937 0.380208 0.485156 0.379167 0.485156 0.376042 0.482812 0.375 0.482812 0.369792 0.478906 0.920695
0 0.597917 0.554688 0.597917 0.55625 0.596875 0.557031 0.596875 0.559375 0.595833 0.560156 0.595833 0.561719 0.594792 0.5625 0.594792 0.563281 0.59375 0.564062 0.59375 0.564844 0.589583 0.567969 0.589583 0.56875 0.583333 0.573437 0.582292 0.573437 0.579167 0.575781 0.578125 0.575781 0.576042 0.577344 0.575 0.577344 0.572917 0.578906 0.571875 0.578906 0.570833 0.579687 0.569792 0.579687 0.56875 0.580469 0.567708 0.580469 0.565625 0.582031 0.563542 0.582031 0.5625 0.582812 0.560417 0.582812 0.559375 0.583594 0.558333 0.583594 0.557292 0.584375 0.55625 0.584375 0.555208 0.585156 0.553125 0.585156 0.552083 0.585938 0.55 0.585938 0.548958 0.586719 0.546875 0.586719 0.545833 0.5875 0.544792 0.5875 0.54375 0.588281 0.540625 0.588281 0.539583 0.589062 0.534375 0.589062 0.533333 0.589844 0.530208 0.589844 0.529167 0.590625 0.525 0.590625 0.523958 0.591406 0.51875 0.591406 0.517708 0.592187 0.509375 0.592187 0.508333 0.592969 0.502083 0.592969 0.501042 0.59375 0.490625 0.59375 0.489583 0.594531 0.459375 0.594531 0.458333 0.59375 0.444792 0.59375 0.44375 0.592969 0.436458 0.592969 0.435417 0.592187 0.427083 0.592187 0.426042 0.591406 0.420833 0.591406 0.419792 0.590625 0.416667 0.590625 0.415625 0.589844 0.411458 0.589844 0.410417 0.589062 0.40625 0.589062 0.405208 0.588281 0.402083 0.588281 0.401042 0.5875 0.4 0.5875 0.398958 0.586719 0.396875 0.586719 0.395833 0.585938 0.392708 0.585938 0.391667 0.585156 0.390625 0.585156 0.389583 0.584375 0.388542 0.584375 0.3875 0.583594 0.385417 0.583594 0.384375 0.582812 0.383333 0.582812 0.382292 0.582031 0.38125 0.582031 0.380208 0.58125 0.379167 0.58125 0.377083 0.579687 0.376042 0.579687 0.373958 0.578125 0.372917 0.578125 0.370833 0.576562 0.369792 0.576562 0.367708 0.575 0.366667 0.575 0.364583 0.573437 0.364583 0.572656 0.3625 0.572656 0.361458 0.571875 0.361458 0.573437 0.3625 0.574219 0.3625 0.575781 0.363542 0.576562 0.363542 0.577344 0.364583 0.578125 0.364583 0.579687 0.366667 0.58125 0.366667 0.582031 0.36875 0.583594 0.36875 0.584375 0.377083 0.590625 0.378125 0.590625 0.380208 0.592187 0.38125 0.592187 0.383333 0.59375 0.384375 0.59375 0.385417 0.594531 0.386458 0.594531 0.3875 0.595312 0.388542 0.595312 0.389583 0.596094 0.390625 0.596094 0.391667 0.596875 0.392708 0.596875 0.39375 0.597656 0.394792 0.597656 0.395833 0.598437 0.397917 0.598437 0.398958 0.599219 0.4 0.599219 0.401042 0.6 0.402083 0.6 0.403125 0.600781 0.40625 0.600781 0.407292 0.601562 0.409375 0.601562 0.410417 0.602344 0.4125 0.602344 0.413542 0.603125 0.415625 0.603125 0.416667 0.603906 0.420833 0.603906 0.421875 0.604687 0.425 0.604687 0.426042 0.605469 0.429167 0.605469 0.430208 0.60625 0.434375 0.60625 0.435417 0.607031 0.44375 0.607031 0.444792 0.607812 0.453125 0.607812 0.454167 0.608594 0.473958 0.608594 0.475 0.609375 0.480208 0.609375 0.48125 0.608594 0.482292 0.609375 0.484375 0.609375 0.485417 0.608594 0.501042 0.608594 0.502083 0.607812 0.509375 0.607812 0.510417 0.607031 0.519792 0.607031 0.520833 0.60625 0.526042 0.60625 0.527083 0.605469 0.53125 0.605469 0.532292 0.604687 0.536458 0.604687 0.5375 0.603906 0.541667 0.603906 0.542708 0.603125 0.544792 0.603125 0.545833 0.602344 0.547917 0.602344 0.548958 0.601562 0.551042 0.601562 0.552083 0.600781 0.555208 0.600781 0.55625 0.6 0.557292 0.6 0.558333 0.599219 0.560417 0.599219 0.561458 0.598437 0.5625 0.598437 0.563542 0.597656 0.565625 0.597656 0.566667 0.596875 0.56875 0.596875 0.570833 0.595312 0.571875 0.595312 0.572917 0.594531 0.573958 0.594531 0.575 0.59375 0.576042 0.59375 0.577083 0.592969 0.578125 0.592969 0.580208 0.591406 0.58125 0.591406 0.583333 0.589844 0.584375 0.589844 0.586458 0.588281 0.5875 0.588281 0.588542 0.5875 0.589583 0.5875 0.590625 0.586719 0.591667 0.586719 0.594792 0.584375 0.595833 0.584375 0.596875 0.583594 0.596875 0.582812 0.598958 0.58125 0.598958 0.580469 0.601042 0.578906 0.601042 0.577344 0.602083 0.576562 0.602083 0.554688 0.920483
0 0.355208 0.5375 0.355208 0.547656 0.35625 0.548437 0.35625 0.549219 0.357292 0.55 0.357292 0.550781 0.365625 0.557031 0.366667 0.557031 0.370833 0.560156 0.371875 0.560156 0.375 0.5625 0.376042 0.5625 0.377083 0.563281 0.378125 0.563281 0.379167 0.564062 0.380208 0.564062 0.382292 0.565625 0.383333 0.565625 0.384375 0.566406 0.386458 0.566406 0.3875 0.567187 0.388542 0.567187 0.389583 0.567969 0.390625 0.567969 0.391667 0.56875 0.392708 0.56875 0.39375 0.569531 0.396875 0.569531 0.397917 0.570312 0.401042 0.570312 0.402083 0.571094 0.403125 0.571094 0.404167 0.571875 0.40625 0.571875 0.407292 0.572656 0.411458 0.572656 0.4125 0.573437 0.415625 0.573437 0.416667 0.574219 0.419792 0.574219 0.420833 0.575 0.425 0.575 0.426042 0.575781 0.433333 0.575781 0.434375 0.576562 0.445833 0.576562 0.446875 0.577344 0.50625 0.577344 0.507292 0.576562 0.516667 0.576562 0.517708 0.575781 0.525 0.575781 0.526042 0.575 0.529167 0.575 0.530208 0.574219 0.533333 0.574219 0.534375 0.573437 0.539583 0.573437 0.540625 0.572656 0.545833 0.572656 0.546875 0.571875 0.547917 0.571875 0.548958 0.571094 0.551042 0.571094 0.552083 0.570312 0.555208 0.570312 0.55625 0.569531 0.559375 0.569531 0.560417 0.56875 0.561458 0.56875 0.5625 0.567969 0.563542 0.567969 0.564583 0.567187 0.566667 0.567187 0.567708 0.566406 0.56875 0.566406 0.569792 0.565625 0.570833 0.565625 0.571875 0.564844 0.572917 0.564844 0.573958 0.564062 0.575 0.564062 0.576042 0.563281 0.577083 0.563281 0.578125 0.5625 0.579167 0.5625 0.58125 0.560937 0.582292 0.560937 0.583333 0.560156 0.584375 0.560156 0.5875 0.557812 0.588542 0.557812 0.59375 0.553906 0.594792 0.553906 0.595833 0.553125 0.595833 0.552344 0.596875 0.551562 0.596875 0.550781 0.597917 0.55 0.597917 0.5375 0.596875 0.5375 0.590625 0.542187 0.589583 0.542187 0.585417 0.545312 0.584375 0.545312 0.58125 0.547656 0.580208 0.547656 0.579167 0.548437 0.577083 0.548437 0.575 0.55 0.573958 0.55 0.572917 0.550781 0.570833 0.550781 0.569792 0.551562 0.567708 0.551562 0.566667 0.552344 0.565625 0.552344 0.564583 0.553125 0.563542 0.553125 0.5625 0.553906 0.560417 0.553906 0.559375 0.554688 0.555208 0.554688 0.554167 0.555469 0.552083 0.555469 0.551042 0.55625 0.548958 0.55625 0.547917 0.557031 0.542708 0.557031 0.541667 0.557812 0.5375 0.557812 0.536458 0.558594 0.532292 0.558594 0.53125 0.559375 0.527083 0.559375 0.526042 0.560156 0.517708 0.560156 0.516667 0.560937 0.50625 0.560937 0.505208 0.561719 0.491667 0.561719 0.490625 0.5625 0.464583 0.5625 0.463542 0.561719 0.45 0.561719 0.448958 0.560937 0.4375 0.560937 0.436458 0.560156 0.430208 0.560156 0.429167 0.559375 0.423958 0.559375 0.422917 0.558594 0.41875 0.558594 0.417708 0.557812 0.4125 0.557812 0.411458 0.557031 0.408333 0.557031 0.407292 0.55625 0.405208 0.55625 0.404167 0.555469 0.402083 0.555469 0.401042 0.554688 0.397917 0.554688 0.396875 0.553906 0.394792 0.553906 0.39375 0.553125 0.391667 0.553125 0.390625 0.552344 0.389583 0.552344 0.388542 0.551562 0.386458 0.551562 0.385417 0.550781 0.383333 0.550781 0.38125 0.549219 0.380208 0.549219 0.379167 0.548437 0.378125 0.548437 0.377083 0.547656 0.376042 0.547656 0.372917 0.545312 0.371875 0.545312 0.363542 0.539062 0.363542 0.538281 0.3625 0.5375 0.920435
0 0.359375 0.616406 0.359375 0.628125 0.360417 0.628906 0.360417 0.629687 0.361458 0.630469 0.361458 0.632031 0.3625 0.632812 0.3625 0.633594 0.364583 0.635156 0.364583 0.635937 0.365625 0.636719 0.365625 0.6375 0.370833 0.641406 0.370833 0.642187 0.376042 0.646094 0.377083 0.646094 0.380208 0.648438 0.38125 0.648438 0.384375 0.650781 0.385417 0.650781 0.3875 0.652344 0.388542 0.652344 0.389583 0.653125 0.390625 0.653125 0.391667 0.653906 0.392708 0.653906 0.394792 0.655469 0.395833 0.655469 0.396875 0.65625 0.397917 0.65625 0.398958 0.657031 0.401042 0.657031 0.403125 0.658594 0.405208 0.658594 0.40625 0.659375 0.408333 0.659375 0.409375 0.660156 0.4125 0.660156 0.413542 0.660937 0.414583 0.660937 0.415625 0.661719 0.417708 0.661719 0.41875 0.6625 0.421875 0.6625 0.422917 0.663281 0.429167 0.663281 0.430208 0.664062 0.432292 0.664062 0.433333 0.664844 0.4375 0.664844 0.438542 0.665625 0.447917 0.665625 0.448958 0.666406 0.465625 0.666406 0.466667 0.667187 0.485417 0.667187 0.486458 0.666406 0.507292 0.666406 0.508333 0.665625 0.516667 0.665625 0.517708 0.664844 0.520833 0.664844 0.521875 0.664062 0.525 0.664062 0.526042 0.663281 0.53125 0.663281 0.532292 0.6625 0.536458 0.6625 0.5375 0.661719 0.538542 0.661719 0.539583 0.660937 0.541667 0.660937 0.542708 0.660156 0.545833 0.660156 0.546875 0.659375 0.548958 0.659375 0.55 0.658594 0.551042 0.658594 0.552083 0.657812 0.553125 0.657812 0.554167 0.657031 0.555208 0.657031 0.55625 0.65625 0.558333 0.65625 0.559375 0.655469 0.560417 0.655469 0.561458 0.654687 0.5625 0.654687 0.564583 0.653125 0.566667 0.653125 0.56875 0.651562 0.569792 0.651562 0.571875 0.65 0.572917 0.65 0.577083 0.646875 0.578125 0.646875 0.586458 0.640625 0.586458 0.639844 0.588542 0.638281 0.588542 0.6375 0.590625 0.635937 0.590625 0.635156 0.591667 0.634375 0.591667 0.632812 0.592708 0.632031 0.592708 0.63125 0.59375 0.630469 0.59375 0.623437 0.592708 0.624219 0.592708 0.625 0.583333 0.632031 0.582292 0.632031 0.578125 0.635156 0.577083 0.635156 0.575 0.636719 0.573958 0.636719 0.571875 0.638281 0.570833 0.638281 0.569792 0.639062 0.567708 0.639062 0.565625 0.640625 0.564583 0.640625 0.563542 0.641406 0.5625 0.641406 0.561458 0.642187 0.559375 0.642187 0.558333 0.642969 0.557292 0.642969 0.55625 0.64375 0.555208 0.64375 0.554167 0.644531 0.553125 0.644531 0.552083 0.645312 0.548958 0.645312 0.547917 0.646094 0.545833 0.646094 0.544792 0.646875 0.542708 0.646875 0.541667 0.647656 0.539583 0.647656 0.538542 0.648438 0.533333 0.648438 0.532292 0.649219 0.529167 0.649219 0.528125 0.65 0.526042 0.65 0.525 0.650781 0.521875 0.650781 0.520833 0.651562 0.510417 0.651562 0.509375 0.652344 0.497917 0.652344 0.496875 0.653125 0.467708 0.653125 0.466667 0.652344 0.448958 0.652344 0.447917 0.651562 0.439583 0.651562 0.438542 0.650781 0.434375 0.650781 0.433333 0.65 0.43125 0.65 0.430208 0.649219 0.426042 0.649219 0.425 0.648438 0.420833 0.648438 0.419792 0.647656 0.417708 0.647656 0.416667 0.646875 0.415625 0.646875 0.414583 0.646094 0.4125 0.646094 0.411458 0.645312 0.408333 0.645312 0.407292 0.644531 0.40625 0.644531 0.405208 0.64375 0.404167 0.64375 0.403125 0.642969 0.401042 0.642969 0.4 0.642187 0.398958 0.642187 0.397917 0.641406 0.396875 0.641406 0.395833 0.640625 0.394792 0.640625 0.39375 0.639844 0.392708 0.639844 0.391667 0.639062 0.390625 0.639062 0.389583 0.638281 0.388542 0.638281 0.386458 0.636719 0.385417 0.636719 0.383333 0.635156 0.382292 0.635156 0.379167 0.632812 0.378125 0.632812 0.371875 0.628125 0.371875 0.627344 0.36875 0.625 0.36875 0.624219 0.367708 0.623437 0.367708 0.622656 0.366667 0.621875 0.366667 0.621094 0.365625 0.620312 0.365625 0.619531 0.364583 0.61875 0.364583 0.617188 0.363542 0.616406 0.916541
0 0.367708 0.464062 0.366667 0.464062 0.365625 0.463281 0.364583 0.463281 0.363542 0.464062 0.363542 0.465625 0.369792 0.465625 0.367708 0.464062 0.377083 0.451562 0.378125 0.451562 0.380208 0.453125 0.38125 0.453125 0.382292 0.453906 0.384375 0.453906 0.385417 0.454687 0.386458 0.454687 0.3875 0.455469 0.389583 0.455469 0.390625 0.45625 0.391667 0.45625 0.392708 0.457031 0.396875 0.457031 0.397917 0.457812 0.4 0.457812 0.401042 0.458594 0.403125 0.458594 0.404167 0.459375 0.40625 0.459375 0.407292 0.460156 0.413542 0.460156 0.414583 0.460937 0.41875 0.460937 0.419792 0.461719 0.422917 0.461719 0.423958 0.4625 0.428125 0.4625 0.429167 0.463281 0.438542 0.463281 0.439583 0.464062 0.446875 0.464062 0.447917 0.464844 0.45625 0.464844 0.457292 0.465625 0.517708 0.465625 0.51875 0.464844 0.53125 0.464844 0.532292 0.464062 0.539583 0.464062 0.540625 0.463281 0.55 0.463281 0.551042 0.4625 0.555208 0.4625 0.55625 0.461719 0.560417 0.461719 0.561458 0.460937 0.564583 0.460937 0.565625 0.460156 0.570833 0.460156 0.571875 0.459375 0.576042 0.459375 0.577083 0.458594 0.579167 0.458594 0.580208 0.457812 0.583333 0.457812 0.584375 0.457031 0.5875 0.457031 0.588542 0.45625 0.590625 0.45625 0.591667 0.455469 0.592708 0.455469 0.59375 0.454687 0.594792 0.454687 0.595833 0.453906 0.597917 0.453906 0.598958 0.453125 0.6 0.453125 0.601042 0.452344 0.602083 0.452344 0.603125 0.451562 0.604167 0.451562 0.60625 0.45 0.607292 0.45 0.610417 0.447656 0.611458 0.447656 0.616667 0.44375 0.616667 0.433594 0.6125 0.433594 0.611458 0.434375 0.610417 0.434375 0.609375 0.435156 0.608333 0.435156 0.607292 0.435937 0.60625 0.435937 0.605208 0.436719 0.604167 0.436719 0.602083 0.438281 0.601042 0.438281 0.6 0.439062 0.596875 0.439062 0.595833 0.439844 0.594792 0.439844 0.59375 0.440625 0.592708 0.440625 0.591667 0.441406 0.589583 0.441406 0.588542 0.442187 0.583333 0.442187 0.582292 0.442969 0.579167 0.442969 0.578125 0.44375 0.576042 0.44375 0.575 0.444531 0.571875 0.444531 0.570833 0.445312 0.563542 0.445312 0.5625 0.446094 0.558333 0.446094 0.557292 0.446875 0.554167 0.446875 0.553125 0.447656 0.544792 0.447656 0.54375 0.448437 0.529167 0.448437 0.528125 0.449219 0.51875 0.449219 0.517708 0.45 0.501042 0.45 0.5 0.450781 0.472917 0.450781 0.471875 0.45 0.458333 0.45 0.457292 0.449219 0.447917 0.449219 0.446875 0.448437 0.432292 0.448437 0.43125 0.447656 0.426042 0.447656 0.425 0.446875 0.421875 0.446875 0.420833 0.446094 0.416667 0.446094 0.415625 0.445312 0.410417 0.445312 0.409375 0.444531 0.40625 0.444531 0.405208 0.44375 0.404167 0.44375 0.403125 0.442969 0.401042 0.442969 0.4 0.442187 0.394792 0.442187 0.39375 0.441406 0.391667 0.441406 0.390625 0.440625 0.389583 0.440625 0.388542 0.439844 0.386458 0.439844 0.385417 0.439062 0.383333 0.439062 0.382292 0.438281 0.380208 0.438281 0.378125 0.436719 0.377083 0.436719 0.376042 0.435937 0.375 0.435937 0.372917 0.434375 0.371875 0.434375 0.370833 0.433594 0.360417 0.433594 0.360417 0.435156 0.361458 0.435937 0.361458 0.436719 0.3625 0.4375 0.3625 0.438281 0.363542 0.439062 0.363542 0.439844 0.364583 0.440625 0.364583 0.442187 0.369792 0.446094 0.369792 0.446875 0.373958 0.45 0.375 0.45 0.377083 0.451562 0.914007
0 0.364583 0.385937 0.364583 0.386719 0.365625 0.3875 0.365625 0.392187 0.366667 0.392969 0.366667 0.39375 0.369792 0.396094 0.369792 0.396875 0.370833 0.397656 0.370833 0.398438 0.376042 0.402344 0.377083 0.402344 0.379167 0.403906 0.38125 0.403906 0.382292 0.404687 0.383333 0.404687 0.384375 0.405469 0.385417 0.405469 0.386458 0.40625 0.3875 0.40625 0.388542 0.407031 0.390625 0.407031 0.391667 0.407812 0.39375 0.407812 0.394792 0.408594 0.396875 0.408594 0.397917 0.409375 0.4 0.409375 0.401042 0.410156 0.405208 0.410156 0.40625 0.410937 0.409375 0.410937 0.410417 0.411719 0.414583 0.411719 0.415625 0.4125 0.420833 0.4125 0.421875 0.413281 0.429167 0.413281 0.430208 0.414062 0.436458 0.414062 0.4375 0.414844 0.44375 0.414844 0.444792 0.415625 0.454167 0.415625 0.455208 0.416406 0.472917 0.416406 0.473958 0.417187 0.509375 0.417187 0.510417 0.416406 0.533333 0.416406 0.534375 0.415625 0.545833 0.415625 0.546875 0.414844 0.553125 0.414844 0.554167 0.414062 0.561458 0.414062 0.5625 0.413281 0.569792 0.413281 0.570833 0.4125 0.576042 0.4125 0.577083 0.411719 0.580208 0.411719 0.58125 0.410937 0.584375 0.410937 0.585417 0.410156 0.588542 0.410156 0.589583 0.409375 0.591667 0.409375 0.592708 0.408594 0.594792 0.408594 0.595833 0.407812 0.598958 0.407812 0.6 0.407031 0.602083 0.407031 0.603125 0.40625 0.605208 0.40625 0.60625 0.405469 0.607292 0.405469 0.608333 0.404687 0.609375 0.404687 0.610417 0.403906 0.6125 0.403906 0.613542 0.403125 0.614583 0.403125 0.615625 0.402344 0.616667 0.402344 0.617708 0.401562 0.61875 0.401562 0.619792 0.400781 0.620833 0.400781 0.626042 0.396875 0.626042 0.385937 0.620833 0.385937 0.619792 0.386719 0.61875 0.386719 0.616667 0.388281 0.615625 0.388281 0.614583 0.389062 0.609375 0.389062 0.607292 0.390625 0.60625 0.390625 0.605208 0.391406 0.602083 0.391406 0.601042 0.392187 0.595833 0.392187 0.594792 0.392969 0.592708 0.392969 0.591667 0.39375 0.589583 0.39375 0.588542 0.394531 0.583333 0.394531 0.582292 0.395312 0.575 0.395312 0.573958 0.396094 0.570833 0.396094 0.569792 0.396875 0.564583 0.396875 0.563542 0.397656 0.551042 0.397656 0.55 0.398438 0.535417 0.398438 0.534375 0.399219 0.527083 0.399219 0.526042 0.4 0.513542 0.4 0.5125 0.400781 0.4875 0.400781 0.486458 0.4 0.464583 0.4 0.463542 0.399219 0.454167 0.399219 0.453125 0.398438 0.438542 0.398438 0.4375 0.397656 0.427083 0.397656 0.426042 0.396875 0.420833 0.396875 0.419792 0.396094 0.415625 0.396094 0.414583 0.395312 0.407292 0.395312 0.40625 0.394531 0.402083 0.394531 0.401042 0.39375 0.398958 0.39375 0.397917 0.392969 0.395833 0.392969 0.394792 0.392187 0.390625 0.392187 0.389583 0.391406 0.3875 0.391406 0.386458 0.390625 0.385417 0.390625 0.384375 0.389844 0.382292 0.389844 0.38125 0.389062 0.380208 0.389062 0.379167 0.388281 0.378125 0.388281 0.377083 0.3875 0.376042 0.3875 0.373958 0.385937 0.907862
0 0.361458 0.464062 0.361458 0.467187 0.3625 0.467969 0.3625 0.470312 0.363542 0.471094 0.363542 0.472656 0.364583 0.473437 0.364583 0.474219 0.373958 0.48125 0.375 0.48125 0.379167 0.484375 0.380208 0.484375 0.38125 0.485156 0.382292 0.485156 0.383333 0.485937 0.385417 0.485937 0.3875 0.4875 0.389583 0.4875 0.390625 0.488281 0.392708 0.488281 0.39375 0.489062 0.395833 0.489062 0.396875 0.489844 0.397917 0.489844 0.398958 0.490625 0.401042 0.490625 0.402083 0.491406 0.40625 0.491406 0.407292 0.492187 0.409375 0.492187 0.410417 0.492969 0.4125 0.492969 0.413542 0.49375 0.417708 0.49375 0.41875 0.494531 0.422917 0.494531 0.423958 0.495312 0.428125 0.495312 0.429167 0.496094 0.432292 0.496094 0.433333 0.496875 0.441667 0.496875 0.442708 0.497656 0.460417 0.497656 0.461458 0.498437 0.510417 0.498437 0.511458 0.497656 0.526042 0.497656 0.527083 0.496875 0.5375 0.496875 0.538542 0.496094 0.54375 0.496094 0.544792 0.495312 0.548958 0.495312 0.55 0.494531 0.55625 0.494531 0.557292 0.49375 0.561458 0.49375 0.5625 0.492969 0.565625 0.492969 0.566667 0.492187 0.56875 0.492187 0.569792 0.491406 0.572917 0.491406 0.573958 0.490625 0.577083 0.490625 0.578125 0.489844 0.579167 0.489844 0.580208 0.489062 0.582292 0.489062 0.583333 0.488281 0.585417 0.488281 0.586458 0.4875 0.5875 0.4875 0.588542 0.486719 0.589583 0.486719 0.590625 0.485937 0.591667 0.485937 0.592708 0.485156 0.59375 0.485156 0.594792 0.484375 0.596875 0.484375 0.598958 0.482812 0.6 0.482812 0.601042 0.482031 0.602083 0.482031 0.605208 0.479687 0.60625 0.479687 0.611458 0.475781 0.611458 0.464062 0.610417 0.464062 0.607292 0.466406 0.60625 0.466406 0.605208 0.467187 0.604167 0.467187 0.603125 0.467969 0.602083 0.467969 0.6 0.469531 0.598958 0.469531 0.597917 0.470312 0.595833 0.470312 0.594792 0.471094 0.59375 0.471094 0.592708 0.471875 0.591667 0.471875 0.590625 0.472656 0.589583 0.472656 0.588542 0.473437 0.584375 0.473437 0.583333 0.474219 0.58125 0.474219 0.580208 0.475 0.579167 0.475 0.578125 0.475781 0.575 0.475781 0.573958 0.476562 0.56875 0.476562 0.567708 0.477344 0.564583 0.477344 0.563542 0.478125 0.561458 0.478125 0.560417 0.478906 0.555208 0.478906 0.554167 0.479687 0.545833 0.479687 0.544792 0.480469 0.540625 0.480469 0.539583 0.48125 0.534375 0.48125 0.533333 0.482031 0.522917 0.482031 0.521875 0.482812 0.453125 0.482812 0.452083 0.482031 0.440625 0.482031 0.439583 0.48125 0.435417 0.48125 0.434375 0.480469 0.430208 0.480469 0.429167 0.479687 0.421875 0.479687 0.420833 0.478906 0.416667 0.478906 0.415625 0.478125 0.413542 0.478125 0.4125 0.477344 0.410417 0.477344 0.409375 0.476562 0.404167 0.476562 0.403125 0.475781 0.401042 0.475781 0.4 0.475 0.398958 0.475 0.397917 0.474219 0.395833 0.474219 0.394792 0.473437 0.391667 0.473437 0.390625 0.472656 0.388542 0.472656 0.386458 0.471094 0.385417 0.471094 0.384375 0.470312 0.382292 0.470312 0.38125 0.469531 0.380208 0.469531 0.377083 0.467187 0.376042 0.467187 0.375 0.466406 0.373958 0.466406 0.370833 0.464062 0.904279
0 0.361458 0.419531 0.361458 0.425 0.3625 0.425781 0.3625 0.426562 0.364583 0.428125 0.364583 0.428906 0.36875 0.432031 0.369792 0.432031 0.372917 0.434375 0.373958 0.434375 0.375 0.435156 0.376042 0.435156 0.377083 0.435937 0.378125 0.435937 0.380208 0.4375 0.38125 0.4375 0.382292 0.438281 0.385417 0.438281 0.386458 0.439062 0.388542 0.439062 0.389583 0.439844 0.390625 0.439844 0.391667 0.440625 0.39375 0.440625 0.394792 0.441406 0.4 0.441406 0.401042 0.442187 0.403125 0.442187 0.404167 0.442969 0.40625 0.442969 0.407292 0.44375 0.409375 0.44375 0.410417 0.444531 0.415625 0.444531 0.416667 0.445312 0.421875 0.445312 0.422917 0.446094 0.426042 0.446094 0.427083 0.446875 0.433333 0.446875 0.434375 0.447656 0.446875 0.447656 0.447917 0.448437 0.457292 0.448437 0.458333 0.449219 0.51875 0.449219 0.519792 0.448437 0.530208 0.448437 0.53125 0.447656 0.544792 0.447656 0.545833 0.446875 0.554167 0.446875 0.555208 0.446094 0.558333 0.446094 0.559375 0.445312 0.564583 0.445312 0.565625 0.444531 0.571875 0.444531 0.572917 0.44375 0.576042 0.44375 0.577083 0.442969 0.579167 0.442969 0.580208 0.442187 0.583333 0.442187 0.584375 0.441406 0.588542 0.441406 0.589583 0.440625 0.591667 0.440625 0.592708 0.439844 0.59375 0.439844 0.594792 0.439062 0.595833 0.439062 0.596875 0.438281 0.6 0.438281 0.601042 0.4375 0.602083 0.4375 0.604167 0.435937 0.605208 0.435937 0.60625 0.435156 0.607292 0.435156 0.608333 0.434375 0.609375 0.434375 0.611458 0.432812 0.6125 0.432812 0.613542 0.432031 0.614583 0.432031 0.617708 0.429688 0.617708 0.428906 0.61875 0.428125 0.61875 0.419531 0.611458 0.419531 0.610417 0.420312 0.609375 0.420312 0.608333 0.421094 0.607292 0.421094 0.60625 0.421875 0.605208 0.421875 0.604167 0.422656 0.602083 0.422656 0.601042 0.423437 0.597917 0.423437 0.596875 0.424219 0.595833 0.424219 0.594792 0.425 0.59375 0.425 0.592708 0.425781 0.589583 0.425781 0.588542 0.426562 0.584375 0.426562 0.583333 0.427344 0.582292 0.427344 0.58125 0.428125 0.578125 0.428125 0.577083 0.428906 0.570833 0.428906 0.569792 0.429688 0.563542 0.429688 0.5625 0.430469 0.558333 0.430469 0.557292 0.43125 0.552083 0.43125 0.551042 0.432031 0.542708 0.432031 0.541667 0.432812 0.529167 0.432812 0.528125 0.433594 0.5125 0.433594 0.511458 0.434375 0.46875 0.434375 0.467708 0.433594 0.455208 0.433594 0.454167 0.432812 0.439583 0.432812 0.438542 0.432031 0.430208 0.432031 0.429167 0.43125 0.423958 0.43125 0.422917 0.430469 0.419792 0.430469 0.41875 0.429688 0.4125 0.429688 0.411458 0.428906 0.407292 0.428906 0.40625 0.428125 0.404167 0.428125 0.403125 0.427344 0.401042 0.427344 0.4 0.426562 0.394792 0.426562 0.39375 0.425781 0.391667 0.425781 0.390625 0.425 0.389583 0.425 0.388542 0.424219 0.3875 0.424219 0.386458 0.423437 0.383333 0.423437 0.382292 0.422656 0.380208 0.422656 0.377083 0.420312 0.375 0.420312 0.373958 0.419531 0.903614
0 0.364583 0.36875 0.364583 0.378906 0.365625 0.379687 0.365625 0.380469 0.371875 0.385156 0.372917 0.385156 0.373958 0.385937 0.375 0.385937 0.377083 0.3875 0.378125 0.3875 0.379167 0.388281 0.38125 0.388281 0.382292 0.389062 0.383333 0.389062 0.384375 0.389844 0.385417 0.389844 0.386458 0.390625 0.388542 0.390625 0.389583 0.391406 0.39375 0.391406 0.394792 0.392187 0.396875 0.392187 0.397917 0.392969 0.4 0.392969 0.401042 0.39375 0.404167 0.39375 0.405208 0.394531 0.411458 0.394531 0.4125 0.395312 0.41875 0.395312 0.419792 0.396094 0.425 0.396094 0.426042 0.396875 0.436458 0.396875 0.4375 0.397656 0.448958 0.397656 0.45 0.398438 0.460417 0.398438 0.461458 0.399219 0.529167 0.399219 0.530208 0.398438 0.539583 0.398438 0.540625 0.397656 0.552083 0.397656 0.553125 0.396875 0.565625 0.396875 0.566667 0.396094 0.570833 0.396094 0.571875 0.395312 0.576042 0.395312 0.577083 0.394531 0.583333 0.394531 0.584375 0.39375 0.588542 0.39375 0.589583 0.392969 0.591667 0.392969 0.592708 0.392187 0.594792 0.392187 0.595833 0.391406 0.598958 0.391406 0.6 0.390625 0.604167 0.390625 0.605208 0.389844 0.607292 0.389844 0.608333 0.389062 0.609375 0.389062 0.610417 0.388281 0.6125 0.388281 0.613542 0.3875 0.614583 0.3875 0.615625 0.386719 0.616667 0.386719 0.617708 0.385937 0.61875 0.385937 0.619792 0.385156 0.620833 0.385156 0.621875 0.384375 0.622917 0.384375 0.626042 0.382031 0.627083 0.382031 0.628125 0.38125 0.629167 0.38125 0.630208 0.380469 0.630208 0.36875 0.625 0.36875 0.623958 0.369531 0.622917 0.369531 0.621875 0.370312 0.620833 0.370312 0.619792 0.371094 0.61875 0.371094 0.617708 0.371875 0.616667 0.371875 0.615625 0.372656 0.613542 0.372656 0.6125 0.373437 0.60625 0.373437 0.605208 0.374219 0.603125 0.374219 0.602083 0.375 0.6 0.375 0.598958 0.375781 0.594792 0.375781 0.59375 0.376562 0.5875 0.376562 0.586458 0.377344 0.583333 0.377344 0.582292 0.378125 0.578125 0.378125 0.577083 0.378906 0.566667 0.378906 0.565625 0.379687 0.546875 0.379687 0.545833 0.380469 0.5375 0.380469 0.536458 0.38125 0.526042 0.38125 0.525 0.382031 0.455208 0.382031 0.454167 0.38125 0.446875 0.38125 0.445833 0.380469 0.438542 0.380469 0.4375 0.379687 0.425 0.379687 0.423958 0.378906 0.416667 0.378906 0.415625 0.378125 0.4125 0.378125 0.411458 0.377344 0.409375 0.377344 0.408333 0.376562 0.402083 0.376562 0.401042 0.375781 0.396875 0.375781 0.395833 0.375 0.39375 0.375 0.392708 0.374219 0.391667 0.374219 0.390625 0.373437 0.386458 0.373437 0.385417 0.372656 0.382292 0.372656 0.38125 0.371875 0.380208 0.371875 0.379167 0.371094 0.378125 0.371094 0.377083 0.370312 0.376042 0.370312 0.375 0.369531 0.373958 0.369531 0.372917 0.36875 0.892387
0 0.365625 0.350781 0.364583 0.351562 0.364583 0.359375 0.365625 0.360156 0.365625 0.361719 0.366667 0.3625 0.366667 0.363281 0.370833 0.366406 0.371875 0.366406 0.373958 0.367969 0.375 0.367969 0.377083 0.369531 0.378125 0.369531 0.379167 0.370312 0.380208 0.370312 0.38125 0.371094 0.382292 0.371094 0.383333 0.371875 0.385417 0.371875 0.386458 0.372656 0.389583 0.372656 0.390625 0.373437 0.392708 0.373437 0.39375 0.374219 0.395833 0.374219 0.396875 0.375 0.401042 0.375 0.402083 0.375781 0.407292 0.375781 0.408333 0.376562 0.411458 0.376562 0.4125 0.377344 0.416667 0.377344 0.417708 0.378125 0.423958 0.378125 0.425 0.378906 0.435417 0.378906 0.436458 0.379687 0.445833 0.379687 0.446875 0.380469 0.45625 0.380469 0.457292 0.38125 0.530208 0.38125 0.53125 0.380469 0.541667 0.380469 0.542708 0.379687 0.551042 0.379687 0.552083 0.378906 0.566667 0.378906 0.567708 0.378125 0.575 0.378125 0.576042 0.377344 0.580208 0.377344 0.58125 0.376562 0.585417 0.376562 0.586458 0.375781 0.591667 0.375781 0.592708 0.375 0.597917 0.375 0.598958 0.374219 0.602083 0.374219 0.603125 0.373437 0.60625 0.373437 0.607292 0.372656 0.610417 0.372656 0.611458 0.371875 0.613542 0.371875 0.614583 0.371094 0.615625 0.371094 0.616667 0.370312 0.617708 0.370312 0.61875 0.369531 0.619792 0.369531 0.620833 0.36875 0.621875 0.36875 0.622917 0.367969 0.623958 0.367969 0.625 0.367188 0.626042 0.367188 0.63125 0.363281 0.63125 0.350781 0.630208 0.351562 0.628125 0.351562 0.627083 0.352344 0.626042 0.352344 0.625 0.353125 0.623958 0.353125 0.622917 0.353906 0.621875 0.353906 0.620833 0.354687 0.617708 0.354687 0.616667 0.355469 0.613542 0.355469 0.6125 0.35625 0.610417 0.35625 0.609375 0.357031 0.607292 0.357031 0.60625 0.357812 0.6 0.357812 0.598958 0.358594 0.595833 0.358594 0.594792 0.359375 0.591667 0.359375 0.590625 0.360156 0.586458 0.360156 0.585417 0.360937 0.572917 0.360937 0.571875 0.361719 0.559375 0.361719 0.558333 0.3625 0.54375 0.3625 0.542708 0.363281 0.528125 0.363281 0.527083 0.364062 0.452083 0.364062 0.451042 0.363281 0.439583 0.363281 0.438542 0.3625 0.432292 0.3625 0.43125 0.361719 0.425 0.361719 0.423958 0.360937 0.4125 0.360937 0.411458 0.360156 0.40625 0.360156 0.405208 0.359375 0.403125 0.359375 0.402083 0.358594 0.397917 0.358594 0.396875 0.357812 0.390625 0.357812 0.389583 0.357031 0.3875 0.357031 0.386458 0.35625 0.385417 0.35625 0.384375 0.355469 0.382292 0.355469 0.38125 0.354687 0.378125 0.354687 0.377083 0.353906 0.376042 0.353906 0.371875 0.350781 0.887568
0 0.367708 0.336719 0.367708 0.348437 0.369792 0.35 0.370833 0.35 0.372917 0.351562 0.373958 0.351562 0.376042 0.353125 0.377083 0.353125 0.378125 0.353906 0.38125 0.353906 0.382292 0.354687 0.383333 0.354687 0.384375 0.355469 0.386458 0.355469 0.3875 0.35625 0.389583 0.35625 0.390625 0.357031 0.395833 0.357031 0.396875 0.357812 0.4 0.357812 0.401042 0.358594 0.404167 0.358594 0.405208 0.359375 0.411458 0.359375 0.4125 0.360156 0.422917 0.360156 0.423958 0.360937 0.43125 0.360937 0.432292 0.361719 0.439583 0.361719 0.440625 0.3625 0.452083 0.3625 0.453125 0.363281 0.526042 0.363281 0.527083 0.3625 0.542708 0.3625 0.54375 0.361719 0.559375 0.361719 0.560417 0.360937 0.573958 0.360937 0.575 0.360156 0.586458 0.360156 0.5875 0.359375 0.591667 0.359375 0.592708 0.358594 0.595833 0.358594 0.596875 0.357812 0.6 0.357812 0.601042 0.357031 0.60625 0.357031 0.607292 0.35625 0.610417 0.35625 0.611458 0.355469 0.613542 0.355469 0.614583 0.354687 0.616667 0.354687 0.617708 0.353906 0.619792 0.353906 0.620833 0.353125 0.622917 0.353125 0.623958 0.352344 0.625 0.352344 0.626042 0.351562 0.627083 0.351562 0.628125 0.350781 0.629167 0.350781 0.630208 0.35 0.632292 0.35 0.633333 0.349219 0.633333 0.336719 0.615625 0.336719 0.614583 0.3375 0.6125 0.3375 0.611458 0.338281 0.607292 0.338281 0.60625 0.339062 0.602083 0.339062 0.601042 0.339844 0.594792 0.339844 0.59375 0.340625 0.590625 0.340625 0.589583 0.341406 0.583333 0.341406 0.582292 0.342187 0.573958 0.342187 0.572917 0.342969 0.565625 0.342969 0.564583 0.34375 0.558333 0.34375 0.557292 0.344531 0.545833 0.344531 0.544792 0.345312 0.522917 0.345312 0.521875 0.346094 0.476042 0.346094 0.475 0.345312 0.436458 0.345312 0.435417 0.344531 0.422917 0.344531 0.421875 0.34375 0.414583 0.34375 0.413542 0.342969 0.407292 0.342969 0.40625 0.342187 0.4 0.342187 0.398958 0.341406 0.394792 0.341406 0.39375 0.340625 0.389583 0.340625 0.388542 0.339844 0.385417 0.339844 0.384375 0.339062 0.380208 0.339062 0.379167 0.338281 0.376042 0.338281 0.375 0.3375 0.373958 0.3375 0.372917 0.336719 0.875068
0 0.3625 0.446875 0.3625 0.448437 0.361458 0.449219 0.361458 0.453125 0.3625 0.453906 0.3625 0.455469 0.363542 0.45625 0.363542 0.457031 0.364583 0.457812 0.364583 0.458594 0.365625 0.459375 0.365625 0.460156 0.369792 0.463281 0.370833 0.463281 0.375 0.466406 0.376042 0.466406 0.378125 0.467969 0.379167 0.467969 0.38125 0.469531 0.383333 0.469531 0.384375 0.470312 0.385417 0.470312 0.386458 0.471094 0.3875 0.471094 0.388542 0.471875 0.389583 0.471875 0.390625 0.472656 0.392708 0.472656 0.39375 0.473437 0.396875 0.473437 0.397917 0.474219 0.398958 0.474219 0.4 0.475 0.401042 0.475 0.402083 0.475781 0.40625 0.475781 0.407292 0.476562 0.411458 0.476562 0.4125 0.477344 0.414583 0.477344 0.415625 0.478125 0.417708 0.478125 0.41875 0.478906 0.425 0.478906 0.426042 0.479687 0.43125 0.479687 0.432292 0.480469 0.436458 0.480469 0.4375 0.48125 0.442708 0.48125 0.44375 0.482031 0.530208 0.482031 0.53125 0.48125 0.5375 0.48125 0.538542 0.480469 0.542708 0.480469 0.54375 0.479687 0.548958 0.479687 0.55 0.478906 0.557292 0.478906 0.558333 0.478125 0.561458 0.478125 0.5625 0.477344 0.565625 0.477344 0.566667 0.476562 0.570833 0.476562 0.571875 0.475781 0.576042 0.475781 0.577083 0.475 0.579167 0.475 0.580208 0.474219 0.58125 0.474219 0.582292 0.473437 0.584375 0.473437 0.585417 0.472656 0.589583 0.472656 0.591667 0.471094 0.592708 0.471094 0.59375 0.470312 0.595833 0.470312 0.596875 0.469531 0.597917 0.469531 0.598958 0.46875 0.6 0.46875 0.601042 0.467969 0.602083 0.467969 0.603125 0.467187 0.604167 0.467187 0.60625 0.465625 0.607292 0.465625 0.610417 0.463281 0.611458 0.463281 0.614583 0.460937 0.614583 0.446875 0.613542 0.446875 0.608333 0.450781 0.607292 0.450781 0.60625 0.451562 0.605208 0.451562 0.604167 0.452344 0.603125 0.452344 0.602083 0.453125 0.601042 0.453125 0.6 0.453906 0.598958 0.453906 0.597917 0.454687 0.595833 0.454687 0.594792 0.455469 0.59375 0.455469 0.592708 0.45625 0.591667 0.45625 0.590625 0.457031 0.5875 0.457031 0.586458 0.457812 0.583333 0.457812 0.582292 0.458594 0.580208 0.458594 0.579167 0.459375 0.577083 0.459375 0.576042 0.460156 0.571875 0.460156 0.570833 0.460937 0.564583 0.460937 0.563542 0.461719 0.560417 0.461719 0.559375 0.4625 0.55625 0.4625 0.555208 0.463281 0.547917 0.463281 0.546875 0.464062 0.539583 0.464062 0.538542 0.464844 0.533333 0.464844 0.532292 0.465625 0.525 0.465625 0.523958 0.466406 0.454167 0.466406 0.453125 0.465625 0.446875 0.465625 0.445833 0.464844 0.439583 0.464844 0.438542 0.464062 0.430208 0.464062 0.429167 0.463281 0.422917 0.463281 0.421875 0.4625 0.41875 0.4625 0.417708 0.461719 0.414583 0.461719 0.413542 0.460937 0.408333 0.460937 0.407292 0.460156 0.403125 0.460156 0.402083 0.459375 0.401042 0.459375 0.4 0.458594 0.397917 0.458594 0.396875 0.457812 0.39375 0.457812 0.392708 0.457031 0.389583 0.457031 0.388542 0.45625 0.3875 0.45625 0.385417 0.454687 0.382292 0.454687 0.38125 0.453906 0.380208 0.453906 0.377083 0.451562 0.376042 0.451562 0.375 0.450781 0.373958 0.450781 0.371875 0.449219 0.371875 0.448437 0.370833 0.448437 0.36875 0.446875 0.866852
0 0.3625 0.403125 0.3625 0.407812 0.363542 0.408594 0.363542 0.409375 0.364583 0.410156 0.364583 0.410937 0.365625 0.411719 0.365625 0.4125 0.370833 0.416406 0.371875 0.416406 0.376042 0.419531 0.377083 0.419531 0.378125 0.420312 0.379167 0.420312 0.38125 0.421875 0.383333 0.421875 0.384375 0.422656 0.386458 0.422656 0.3875 0.423437 0.389583 0.423437 0.390625 0.424219 0.391667 0.424219 0.392708 0.425 0.394792 0.425 0.395833 0.425781 0.401042 0.425781 0.402083 0.426562 0.404167 0.426562 0.405208 0.427344 0.407292 0.427344 0.408333 0.428125 0.4125 0.428125 0.413542 0.428906 0.41875 0.428906 0.419792 0.429688 0.423958 0.429688 0.425 0.430469 0.429167 0.430469 0.430208 0.43125 0.439583 0.43125 0.440625 0.432031 0.45625 0.432031 0.457292 0.432812 0.472917 0.432812 0.473958 0.433594 0.498958 0.433594 0.5 0.432812 0.527083 0.432812 0.528125 0.432031 0.541667 0.432031 0.542708 0.43125 0.551042 0.43125 0.552083 0.430469 0.55625 0.430469 0.557292 0.429688 0.5625 0.429688 0.563542 0.428906 0.569792 0.428906 0.570833 0.428125 0.577083 0.428125 0.578125 0.427344 0.580208 0.427344 0.58125 0.426562 0.583333 0.426562 0.584375 0.425781 0.588542 0.425781 0.589583 0.425 0.592708 0.425 0.59375 0.424219 0.594792 0.424219 0.595833 0.423437 0.596875 0.423437 0.597917 0.422656 0.601042 0.422656 0.602083 0.421875 0.603125 0.421875 0.604167 0.421094 0.605208 0.421094 0.60625 0.420312 0.607292 0.420312 0.608333 0.419531 0.609375 0.419531 0.610417 0.41875 0.611458 0.41875 0.613542 0.417187 0.614583 0.417187 0.615625 0.416406 0.616667 0.416406 0.61875 0.414844 0.61875 0.414062 0.619792 0.413281 0.619792 0.405469 0.61875 0.404687 0.613542 0.404687 0.6125 0.405469 0.610417 0.405469 0.608333 0.407031 0.60625 0.407031 0.605208 0.407812 0.601042 0.407812 0.6 0.408594 0.597917 0.408594 0.596875 0.409375 0.594792 0.409375 0.59375 0.410156 0.590625 0.410156 0.589583 0.410937 0.585417 0.410937 0.584375 0.411719 0.582292 0.411719 0.58125 0.4125 0.578125 0.4125 0.577083 0.413281 0.571875 0.413281 0.570833 0.414062 0.5625 0.414062 0.561458 0.414844 0.55625 0.414844 0.555208 0.415625 0.55 0.415625 0.548958 0.416406 0.535417 0.416406 0.534375 0.417187 0.502083 0.417187 0.501042 0.417969 0.479167 0.417969 0.478125 0.417187 0.453125 0.417187 0.452083 0.416406 0.441667 0.416406 0.440625 0.415625 0.435417 0.415625 0.434375 0.414844 0.430208 0.414844 0.429167 0.414062 0.420833 0.414062 0.419792 0.413281 0.414583 0.413281 0.413542 0.4125 0.410417 0.4125 0.409375 0.411719 0.40625 0.411719 0.405208 0.410937 0.4 0.410937 0.398958 0.410156 0.395833 0.410156 0.394792 0.409375 0.392708 0.409375 0.391667 0.408594 0.390625 0.408594 0.389583 0.407812 0.386458 0.407812 0.385417 0.407031 0.383333 0.407031 0.38125 0.405469 0.380208 0.405469 0.379167 0.404687 0.378125 0.404687 0.377083 0.403906 0.376042 0.403906 0.375 0.403125 0.525503
0 0.3625 0.4 0.3625 0.408594 0.364583 0.410156 0.364583 0.410937 0.365625 0.411719 0.365625 0.4125 0.373958 0.41875 0.375 0.41875 0.376042 0.419531 0.377083 0.419531 0.379167 0.421094 0.380208 0.421094 0.38125 0.421875 0.383333 0.421875 0.384375 0.422656 0.386458 0.422656 0.3875 0.423437 0.388542 0.423437 0.389583 0.424219 0.391667 0.424219 0.392708 0.425 0.394792 0.425 0.395833 0.425781 0.4 0.425781 0.401042 0.426562 0.404167 0.426562 0.405208 0.427344 0.407292 0.427344 0.408333 0.428125 0.4125 0.428125 0.413542 0.428906 0.419792 0.428906 0.420833 0.429688 0.425 0.429688 0.426042 0.430469 0.430208 0.430469 0.43125 0.43125 0.440625 0.43125 0.441667 0.432031 0.458333 0.432031 0.459375 0.432812 0.527083 0.432812 0.528125 0.432031 0.542708 0.432031 0.54375 0.43125 0.551042 0.43125 0.552083 0.430469 0.55625 0.430469 0.557292 0.429688 0.5625 0.429688 0.563542 0.428906 0.569792 0.428906 0.570833 0.428125 0.577083 0.428125 0.578125 0.427344 0.580208 0.427344 0.58125 0.426562 0.584375 0.426562 0.585417 0.425781 0.588542 0.425781 0.589583 0.425 0.592708 0.425 0.59375 0.424219 0.594792 0.424219 0.595833 0.423437 0.596875 0.423437 0.597917 0.422656 0.601042 0.422656 0.602083 0.421875 0.603125 0.421875 0.604167 0.421094 0.605208 0.421094 0.60625 0.420312 0.607292 0.420312 0.608333 0.419531 0.609375 0.419531 0.610417 0.41875 0.611458 0.41875 0.613542 0.417187 0.614583 0.417187 0.615625 0.416406 0.616667 0.416406 0.61875 0.414844 0.61875 0.414062 0.619792 0.413281 0.619792 0.4125 0.620833 0.411719 0.620833 0.403906 0.619792 0.403906 0.61875 0.403125 0.617708 0.403125 0.616667 0.403906 0.614583 0.403906 0.613542 0.404687 0.611458 0.404687 0.610417 0.405469 0.609375 0.405469 0.608333 0.40625 0.607292 0.40625 0.60625 0.407031 0.604167 0.407031 0.603125 0.407812 0.6 0.407812 0.598958 0.408594 0.596875 0.408594 0.595833 0.409375 0.59375 0.409375 0.592708 0.410156 0.589583 0.410156 0.588542 0.410937 0.585417 0.410937 0.584375 0.411719 0.582292 0.411719 0.58125 0.4125 0.578125 0.4125 0.577083 0.413281 0.569792 0.413281 0.56875 0.414062 0.561458 0.414062 0.560417 0.414844 0.55625 0.414844 0.555208 0.415625 0.548958 0.415625 0.547917 0.416406 0.53125 0.416406 0.530208 0.417187 0.494792 0.417187 0.49375 0.417969 0.480208 0.417969 0.479167 0.417187 0.457292 0.417187 0.45625 0.416406 0.441667 0.416406 0.440625 0.415625 0.435417 0.415625 0.434375 0.414844 0.43125 0.414844 0.430208 0.414062 0.422917 0.414062 0.421875 0.413281 0.415625 0.413281 0.414583 0.4125 0.411458 0.4125 0.410417 0.411719 0.407292 0.411719 0.40625 0.410937 0.401042 0.410937 0.4 0.410156 0.396875 0.410156 0.395833 0.409375 0.394792 0.409375 0.39375 0.408594 0.391667 0.408594 0.390625 0.407812 0.388542 0.407812 0.3875 0.407031 0.385417 0.407031 0.384375 0.40625 0.383333 0.40625 0.382292 0.405469 0.38125 0.405469 0.379167 0.403906 0.378125 0.403906 0.377083 0.403125 0.376042 0.403125 0.371875 0.4 0.479397
