0 0.5375 0.167187 0.535417 0.16875 0.53125 0.16875 0.529167 0.170312 0.525 0.170312 0.522917 0.171875 0.520833 0.171875 0.51875 0.173437 0.516667 0.173437 0.514583 0.175 0.5125 0.175 0.510417 0.176562 0.508333 0.176562 0.502083 0.18125 0.5 0.18125 0.495833 0.184375 0.49375 0.184375 0.483333 0.192187 0.483333 0.19375 0.479167 0.196875 0.479167 0.198437 0.477083 0.2 0.477083 0.201562 0.475 0.203125 0.475 0.204687 0.472917 0.20625 0.472917 0.209375 0.470833 0.210938 0.470833 0.228125 0.472917 0.229687 0.472917 0.235937 0.475 0.2375 0.475 0.240625 0.479167 0.24375 0.479167 0.245312 0.48125 0.246875 0.48125 0.248437 0.483333 0.25 0.483333 0.251563 0.491667 0.257812 0.491667 0.259375 0.502083 0.267187 0.504167 0.267187 0.510417 0.271875 0.5125 0.271875 0.514583 0.273438 0.516667 0.273438 0.520833 0.276562 0.522917 0.276562 0.525 0.278125 0.527083 0.278125 0.529167 0.279687 0.535417 0.279687 0.5375 0.28125 0.539583 0.28125 0.541667 0.282812 0.54375 0.282812 0.545833 0.284375 0.55 0.284375 0.552083 0.285937 0.5625 0.285937 0.564583 0.2875 0.577083 0.2875 0.579167 0.289062 0.608333 0.289062 0.610417 0.2875 0.622917 0.2875 0.625 0.285937 0.6375 0.285937 0.639583 0.284375 0.641667 0.284375 0.64375 0.282812 0.645833 0.282812 0.647917 0.28125 0.652083 0.28125 0.654167 0.279687 0.65625 0.279687 0.658333 0.278125 0.660417 0.278125 0.6625 0.276562 0.664583 0.276562 0.666667 0.275 0.66875 0.275 0.672917 0.271875 0.675 0.271875 0.675 0.270312 0.677083 0.26875 0.679167 0.26875 0.68125 0.267187 0.68125 0.265625 0.691667 0.257812 0.691667 0.25625 0.69375 0.254688 0.69375 0.253125 0.697917 0.25 0.697917 0.248437 0.7 0.246875 0.7 0.245312 0.702083 0.24375 0.702083 0.242187 0.704167 0.240625 0.704167 0.221875 0.702083 0.220312 0.702083 0.217187 0.7 0.215625 0.7 0.214062 0.697917 0.2125 0.697917 0.210938 0.695833 0.209375 0.695833 0.207812 0.69375 0.20625 0.69375 0.204687 0.689583 0.201562 0.689583 0.2 0.675 0.189062 0.672917 0.189062 0.66875 0.185937 0.666667 0.185937 0.6625 0.182812 0.660417 0.182812 0.658333 0.18125 0.65625 0.18125 0.654167 0.179688 0.652083 0.179688 0.65 0.178125 0.647917 0.178125 0.645833 0.176562 0.64375 0.176562 0.641667 0.175 0.639583 0.175 0.6375 0.173437 0.633333 0.173437 0.63125 0.171875 0.629167 0.171875 0.627083 0.170312 0.625 0.170312 0.622917 0.16875 0.6125 0.16875 0.610417 0.167187 0.980445
0 0.68125 0.282812 0.677083 0.282812 0.677083 0.285937 0.679167 0.285937 0.68125 0.284375 0.68125 0.282812 0.685417 0.279687 0.675 0.289062 0.672917 0.2875 0.66875 0.2875 0.6625 0.292187 0.660417 0.292187 0.658333 0.29375 0.65625 0.29375 0.654167 0.295312 0.652083 0.295312 0.647917 0.298437 0.645833 0.298437 0.64375 0.3 0.6375 0.3 0.635417 0.301562 0.625 0.301562 0.622917 0.303125 0.61875 0.303125 0.616667 0.304688 0.610417 0.304688 0.608333 0.30625 0.58125 0.30625 0.579167 0.304688 0.572917 0.304688 0.570833 0.303125 0.564583 0.303125 0.5625 0.301562 0.552083 0.301562 0.55 0.3 0.54375 0.3 0.541667 0.298437 0.539583 0.298437 0.5375 0.296875 0.535417 0.296875 0.533333 0.295312 0.529167 0.295312 0.527083 0.29375 0.522917 0.29375 0.51875 0.290625 0.516667 0.290625 0.514583 0.289062 0.5125 0.289062 0.510417 0.2875 0.508333 0.2875 0.5 0.28125 0.497917 0.28125 0.479167 0.267187 0.479167 0.265625 0.477083 0.264062 0.477083 0.2625 0.472917 0.259375 0.472917 0.25625 0.470833 0.254688 0.470833 0.251563 0.46875 0.25 0.46875 0.248437 0.464583 0.245312 0.464583 0.260937 0.466667 0.2625 0.466667 0.264062 0.46875 0.264062 0.475 0.26875 0.475 0.271875 0.477083 0.273438 0.477083 0.275 0.483333 0.279687 0.483333 0.28125 0.485417 0.282812 0.485417 0.284375 0.495833 0.292187 0.497917 0.292187 0.502083 0.295312 0.502083 0.296875 0.504167 0.296875 0.50625 0.298437 0.508333 0.298437 0.5125 0.301562 0.514583 0.301562 0.516667 0.303125 0.51875 0.303125 0.520833 0.304688 0.525 0.304688 0.527083 0.30625 0.529167 0.30625 0.53125 0.307812 0.533333 0.307812 0.535417 0.309375 0.539583 0.309375 0.541667 0.310937 0.55625 0.310937 0.558333 0.3125 0.5625 0.3125 0.564583 0.314062 0.56875 0.314062 0.570833 0.315625 0.60625 0.315625 0.608333 0.314062 0.6125 0.314062 0.614583 0.3125 0.61875 0.3125 0.620833 0.310937 0.63125 0.310937 0.633333 0.309375 0.6375 0.309375 0.641667 0.30625 0.64375 0.30625 0.645833 0.304688 0.65 0.304688 0.652083 0.303125 0.654167 0.303125 0.660417 0.298437 0.664583 0.298437 0.666667 0.296875 0.666667 0.295312 0.66875 0.29375 0.670833 0.29375 0.672917 0.292187 0.672917 0.290625 0.675 0.289062 0.685417 0.279687 0.6875 0.278125 0.6875 0.276562 0.685417 0.276562 0.685417 0.279687 0.971047
0 0.445833 0.279687 0.445833 0.303125 0.447917 0.304688 0.447917 0.309375 0.45 0.310937 0.45 0.3125 0.452083 0.314062 0.452083 0.315625 0.45625 0.31875 0.45625 0.321875 0.458333 0.323437 0.458333 0.325 0.460417 0.326562 0.460417 0.328125 0.466667 0.332812 0.466667 0.334375 0.477083 0.342187 0.479167 0.342187 0.4875 0.348437 0.489583 0.348437 0.491667 0.35 0.49375 0.35 0.497917 0.353125 0.5 0.353125 0.502083 0.354687 0.508333 0.354687 0.510417 0.35625 0.514583 0.35625 0.51875 0.359375 0.525 0.359375 0.527083 0.360937 0.539583 0.360937 0.541667 0.3625 0.55625 0.3625 0.558333 0.364062 0.579167 0.364062 0.58125 0.3625 0.591667 0.3625 0.59375 0.360937 0.60625 0.360937 0.608333 0.359375 0.614583 0.359375 0.616667 0.357812 0.61875 0.357812 0.620833 0.35625 0.622917 0.35625 0.625 0.354687 0.629167 0.354687 0.6375 0.348437 0.639583 0.348437 0.64375 0.345312 0.645833 0.345312 0.6625 0.332812 0.6625 0.33125 0.666667 0.328125 0.666667 0.326562 0.66875 0.325 0.66875 0.323437 0.670833 0.321875 0.670833 0.31875 0.672917 0.317187 0.672917 0.309375 0.670833 0.307812 0.66875 0.309375 0.66875 0.310937 0.666667 0.3125 0.666667 0.314062 0.660417 0.31875 0.660417 0.320312 0.658333 0.321875 0.658333 0.323437 0.654167 0.326562 0.652083 0.326562 0.652083 0.328125 0.645833 0.332812 0.64375 0.332812 0.6375 0.3375 0.635417 0.3375 0.633333 0.339062 0.63125 0.339062 0.627083 0.342187 0.625 0.342187 0.622917 0.34375 0.61875 0.34375 0.616667 0.345312 0.614583 0.345312 0.6125 0.346875 0.608333 0.346875 0.60625 0.348437 0.602083 0.348437 0.6 0.35 0.58125 0.35 0.579167 0.351562 0.558333 0.351562 0.55625 0.35 0.5375 0.35 0.535417 0.348437 0.53125 0.348437 0.529167 0.346875 0.527083 0.346875 0.525 0.345312 0.51875 0.345312 0.516667 0.34375 0.5125 0.34375 0.510417 0.342187 0.508333 0.342187 0.50625 0.340625 0.504167 0.340625 0.502083 0.339062 0.5 0.339062 0.497917 0.3375 0.495833 0.3375 0.489583 0.332812 0.4875 0.332812 0.464583 0.315625 0.464583 0.314062 0.460417 0.310937 0.460417 0.309375 0.45625 0.30625 0.45625 0.304688 0.454167 0.303125 0.454167 0.298437 0.452083 0.296875 0.452083 0.292187 0.45 0.290625 0.45 0.282812 0.447917 0.28125 0.447917 0.279687 0.969067
0 0.69375 0.260937 0.695833 0.259375 0.695833 0.257812 0.69375 0.257812 0.69375 0.260937 0.691667 0.264062 0.685417 0.264062 0.685417 0.265625 0.672917 0.275 0.670833 0.275 0.66875 0.276562 0.666667 0.276562 0.6625 0.279687 0.660417 0.279687 0.658333 0.28125 0.65625 0.28125 0.654167 0.282812 0.65 0.282812 0.647917 0.284375 0.645833 0.284375 0.64375 0.285937 0.641667 0.285937 0.639583 0.2875 0.63125 0.2875 0.629167 0.289062 0.610417 0.289062 0.608333 0.290625 0.58125 0.290625 0.579167 0.289062 0.564583 0.289062 0.5625 0.2875 0.55 0.2875 0.547917 0.285937 0.54375 0.285937 0.539583 0.282812 0.535417 0.282812 0.533333 0.28125 0.527083 0.28125 0.520833 0.276562 0.51875 0.276562 0.516667 0.275 0.514583 0.275 0.5125 0.273438 0.510417 0.273438 0.504167 0.26875 0.502083 0.26875 0.4875 0.257812 0.4875 0.25625 0.48125 0.251563 0.48125 0.25 0.479167 0.248437 0.479167 0.245312 0.477083 0.24375 0.475 0.24375 0.472917 0.242187 0.472917 0.240625 0.470833 0.239062 0.470833 0.228125 0.470833 0.251563 0.472917 0.253125 0.472917 0.254688 0.475 0.25625 0.475 0.259375 0.477083 0.260937 0.477083 0.2625 0.50625 0.284375 0.508333 0.284375 0.510417 0.285937 0.5125 0.285937 0.514583 0.2875 0.516667 0.2875 0.520833 0.290625 0.522917 0.290625 0.525 0.292187 0.529167 0.292187 0.53125 0.29375 0.533333 0.29375 0.535417 0.295312 0.5375 0.295312 0.539583 0.296875 0.54375 0.296875 0.545833 0.298437 0.55625 0.298437 0.558333 0.3 0.566667 0.3 0.56875 0.301562 0.570833 0.301562 0.572917 0.303125 0.616667 0.303125 0.61875 0.301562 0.620833 0.301562 0.622917 0.3 0.629167 0.3 0.63125 0.298437 0.639583 0.298437 0.641667 0.296875 0.645833 0.296875 0.65 0.29375 0.652083 0.29375 0.654167 0.292187 0.65625 0.292187 0.658333 0.290625 0.660417 0.290625 0.664583 0.2875 0.666667 0.2875 0.66875 0.285937 0.670833 0.285937 0.683333 0.276562 0.683333 0.275 0.6875 0.271875 0.6875 0.270312 0.689583 0.26875 0.689583 0.265625 0.691667 0.264062 0.961425
0 0.464583 0.25625 0.464583 0.278125 0.466667 0.279687 0.466667 0.28125 0.46875 0.282812 0.46875 0.284375 0.470833 0.285937 0.470833 0.2875 0.472917 0.289062 0.472917 0.290625 0.49375 0.30625 0.495833 0.30625 0.5 0.309375 0.502083 0.309375 0.504167 0.310937 0.50625 0.310937 0.5125 0.315625 0.514583 0.315625 0.516667 0.317187 0.520833 0.317187 0.522917 0.31875 0.525 0.31875 0.527083 0.320312 0.529167 0.320312 0.53125 0.321875 0.5375 0.321875 0.539583 0.323437 0.545833 0.323437 0.547917 0.325 0.552083 0.325 0.554167 0.326562 0.55625 0.326562 0.558333 0.328125 0.560417 0.328125 0.5625 0.329687 0.60625 0.329687 0.608333 0.328125 0.610417 0.328125 0.6125 0.326562 0.614583 0.326562 0.616667 0.325 0.625 0.325 0.627083 0.323437 0.63125 0.323437 0.633333 0.321875 0.635417 0.321875 0.6375 0.320312 0.639583 0.320312 0.641667 0.31875 0.64375 0.31875 0.645833 0.317187 0.647917 0.317187 0.652083 0.314062 0.654167 0.314062 0.658333 0.310937 0.660417 0.310937 0.672917 0.301562 0.672917 0.3 0.679167 0.295312 0.679167 0.289062 0.677083 0.289062 0.677083 0.292187 0.675 0.29375 0.672917 0.29375 0.66875 0.296875 0.66875 0.298437 0.666667 0.3 0.664583 0.3 0.6625 0.301562 0.660417 0.301562 0.654167 0.30625 0.65 0.30625 0.647917 0.307812 0.64375 0.307812 0.6375 0.3125 0.633333 0.3125 0.63125 0.314062 0.616667 0.314062 0.614583 0.315625 0.608333 0.315625 0.60625 0.317187 0.602083 0.317187 0.6 0.31875 0.575 0.31875 0.572917 0.317187 0.56875 0.317187 0.566667 0.315625 0.5625 0.315625 0.560417 0.314062 0.54375 0.314062 0.541667 0.3125 0.535417 0.3125 0.529167 0.307812 0.520833 0.307812 0.51875 0.30625 0.516667 0.30625 0.510417 0.301562 0.50625 0.301562 0.504167 0.3 0.502083 0.3 0.495833 0.295312 0.49375 0.295312 0.4875 0.290625 0.4875 0.289062 0.485417 0.2875 0.483333 0.2875 0.48125 0.285937 0.48125 0.284375 0.479167 0.282812 0.479167 0.28125 0.477083 0.279687 0.477083 0.278125 0.470833 0.273438 0.470833 0.267187 0.46875 0.265625 0.46875 0.264062 0.464583 0.260937 0.955781
0 0.44375 0.289062 0.44375 0.29375 0.441667 0.295312 0.441667 0.314062 0.447917 0.31875 0.447917 0.326562 0.45 0.328125 0.45 0.33125 0.452083 0.332812 0.452083 0.334375 0.45625 0.3375 0.45625 0.339062 0.458333 0.340625 0.458333 0.342187 0.477083 0.35625 0.479167 0.35625 0.485417 0.360937 0.489583 0.360937 0.491667 0.3625 0.49375 0.3625 0.497917 0.365625 0.5 0.365625 0.502083 0.367188 0.508333 0.367188 0.510417 0.36875 0.516667 0.36875 0.51875 0.370312 0.520833 0.370312 0.522917 0.371875 0.527083 0.371875 0.529167 0.373437 0.54375 0.373437 0.545833 0.375 0.577083 0.375 0.579167 0.373437 0.589583 0.373437 0.591667 0.371875 0.595833 0.371875 0.597917 0.370312 0.6 0.370312 0.602083 0.36875 0.608333 0.36875 0.610417 0.367188 0.614583 0.367188 0.616667 0.365625 0.620833 0.365625 0.627083 0.360937 0.63125 0.360937 0.633333 0.359375 0.633333 0.357812 0.6375 0.354687 0.639583 0.354687 0.641667 0.353125 0.64375 0.353125 0.645833 0.351562 0.645833 0.348437 0.647917 0.346875 0.652083 0.346875 0.654167 0.345312 0.654167 0.34375 0.652083 0.34375 0.647917 0.346875 0.645833 0.346875 0.645833 0.348437 0.641667 0.351562 0.635417 0.351562 0.635417 0.354687 0.633333 0.35625 0.627083 0.35625 0.625 0.357812 0.620833 0.357812 0.616667 0.360937 0.614583 0.360937 0.6125 0.3625 0.60625 0.3625 0.604167 0.364062 0.583333 0.364062 0.58125 0.365625 0.554167 0.365625 0.552083 0.364062 0.533333 0.364062 0.53125 0.3625 0.522917 0.3625 0.520833 0.360937 0.51875 0.360937 0.516667 0.359375 0.514583 0.359375 0.5125 0.357812 0.50625 0.357812 0.504167 0.35625 0.5 0.35625 0.49375 0.351562 0.491667 0.351562 0.489583 0.35 0.4875 0.35 0.48125 0.345312 0.479167 0.345312 0.4625 0.332812 0.4625 0.33125 0.454167 0.325 0.454167 0.320312 0.452083 0.31875 0.45 0.31875 0.445833 0.315625 0.445833 0.298437 0.44375 0.296875 0.44375 0.290625 0.445833 0.289062 0.952248
0 0.435417 0.304688 0.435417 0.345312 0.439583 0.348437 0.439583 0.35 0.441667 0.351562 0.441667 0.353125 0.44375 0.354687 0.44375 0.35625 0.452083 0.3625 0.452083 0.364062 0.454167 0.364062 0.466667 0.373437 0.46875 0.373437 0.475 0.378125 0.479167 0.378125 0.48125 0.379687 0.483333 0.379687 0.4875 0.382812 0.489583 0.382812 0.491667 0.384375 0.495833 0.384375 0.497917 0.385937 0.502083 0.385937 0.504167 0.3875 0.508333 0.3875 0.510417 0.389062 0.514583 0.389062 0.516667 0.390625 0.527083 0.390625 0.529167 0.392187 0.5625 0.392187 0.564583 0.390625 0.579167 0.390625 0.58125 0.389062 0.583333 0.389062 0.585417 0.3875 0.5875 0.3875 0.589583 0.385937 0.595833 0.385937 0.597917 0.384375 0.602083 0.384375 0.604167 0.382812 0.604167 0.38125 0.60625 0.379687 0.610417 0.379687 0.6125 0.378125 0.614583 0.378125 0.614583 0.376562 0.60625 0.376562 0.6 0.38125 0.59375 0.38125 0.591667 0.382812 0.570833 0.382812 0.56875 0.384375 0.541667 0.384375 0.539583 0.382812 0.514583 0.382812 0.5125 0.38125 0.508333 0.38125 0.50625 0.379687 0.504167 0.379687 0.502083 0.378125 0.5 0.378125 0.497917 0.376562 0.49375 0.376562 0.491667 0.375 0.489583 0.375 0.485417 0.371875 0.483333 0.371875 0.48125 0.370312 0.479167 0.370312 0.477083 0.36875 0.475 0.36875 0.454167 0.353125 0.454167 0.351562 0.452083 0.351562 0.45 0.35 0.45 0.348437 0.447917 0.346875 0.447917 0.34375 0.445833 0.342187 0.445833 0.339062 0.44375 0.3375 0.44375 0.334375 0.441667 0.332812 0.441667 0.329687 0.439583 0.328125 0.439583 0.307812 0.4375 0.30625 0.4375 0.304688 0.945545
0 0.654167 0.315625 0.654167 0.315625 0.645833 0.320312 0.64375 0.320312 0.641667 0.321875 0.6375 0.321875 0.633333 0.325 0.63125 0.325 0.629167 0.326562 0.61875 0.326562 0.616667 0.328125 0.614583 0.328125 0.6125 0.329687 0.554167 0.329687 0.552083 0.328125 0.547917 0.328125 0.545833 0.326562 0.539583 0.326562 0.5375 0.325 0.533333 0.325 0.53125 0.323437 0.529167 0.323437 0.527083 0.321875 0.525 0.321875 0.522917 0.320312 0.516667 0.320312 0.510417 0.315625 0.508333 0.315625 0.50625 0.314062 0.504167 0.314062 0.502083 0.3125 0.5 0.3125 0.49375 0.307812 0.491667 0.307812 0.479167 0.298437 0.479167 0.296875 0.477083 0.295312 0.475 0.295312 0.470833 0.292187 0.470833 0.289062 0.46875 0.2875 0.46875 0.285937 0.466667 0.285937 0.464583 0.284375 0.464583 0.282812 0.4625 0.28125 0.4625 0.254688 0.460417 0.254688 0.460417 0.2875 0.464583 0.290625 0.464583 0.292187 0.466667 0.29375 0.466667 0.296875 0.46875 0.298437 0.46875 0.3 0.475 0.304688 0.475 0.30625 0.479167 0.309375 0.48125 0.309375 0.485417 0.3125 0.485417 0.314062 0.4875 0.315625 0.489583 0.315625 0.497917 0.321875 0.5 0.321875 0.502083 0.323437 0.504167 0.323437 0.50625 0.325 0.508333 0.325 0.5125 0.328125 0.514583 0.328125 0.516667 0.329687 0.520833 0.329687 0.522917 0.33125 0.527083 0.33125 0.529167 0.332812 0.535417 0.332812 0.5375 0.334375 0.54375 0.334375 0.545833 0.335938 0.55625 0.335938 0.558333 0.3375 0.595833 0.3375 0.597917 0.335938 0.610417 0.335938 0.6125 0.334375 0.614583 0.334375 0.616667 0.332812 0.61875 0.332812 0.622917 0.329687 0.629167 0.329687 0.63125 0.328125 0.635417 0.328125 0.635417 0.326562 0.6375 0.325 0.6375 0.323437 0.639583 0.321875 0.645833 0.321875 0.645833 0.320312 0.944442
0 0.45 0.3375 0.45 0.34375 0.452083 0.345312 0.452083 0.346875 0.454167 0.348437 0.454167 0.35 0.4625 0.35625 0.4625 0.357812 0.46875 0.3625 0.470833 0.3625 0.477083 0.367188 0.479167 0.367188 0.48125 0.36875 0.483333 0.36875 0.4875 0.371875 0.489583 0.371875 0.491667 0.373437 0.495833 0.373437 0.497917 0.375 0.5 0.375 0.502083 0.376562 0.504167 0.376562 0.50625 0.378125 0.5125 0.378125 0.514583 0.379687 0.525 0.379687 0.527083 0.38125 0.541667 0.38125 0.54375 0.382812 0.5625 0.382812 0.564583 0.38125 0.572917 0.38125 0.575 0.379687 0.595833 0.379687 0.597917 0.378125 0.602083 0.378125 0.60625 0.375 0.610417 0.375 0.6125 0.373437 0.620833 0.373437 0.625 0.370312 0.627083 0.370312 0.627083 0.36875 0.63125 0.365625 0.635417 0.365625 0.635417 0.364062 0.6375 0.3625 0.6375 0.360937 0.641667 0.357812 0.64375 0.357812 0.6375 0.357812 0.635417 0.359375 0.635417 0.360937 0.63125 0.364062 0.625 0.364062 0.61875 0.36875 0.614583 0.36875 0.6125 0.370312 0.602083 0.370312 0.597917 0.373437 0.595833 0.373437 0.59375 0.375 0.5875 0.375 0.585417 0.376562 0.533333 0.376562 0.53125 0.375 0.525 0.375 0.520833 0.371875 0.516667 0.371875 0.514583 0.370312 0.50625 0.370312 0.504167 0.36875 0.5 0.36875 0.49375 0.364062 0.489583 0.364062 0.4875 0.3625 0.483333 0.3625 0.477083 0.357812 0.475 0.357812 0.470833 0.354687 0.470833 0.353125 0.46875 0.351562 0.466667 0.351562 0.4625 0.348437 0.4625 0.346875 0.460417 0.345312 0.458333 0.345312 0.454167 0.342187 0.454167 0.339062 0.452083 0.3375 0.45 0.3375 0.445833 0.334375 0.445833 0.31875 0.44375 0.317187 0.44375 0.310937 0.441667 0.309375 0.441667 0.307812 0.441667 0.328125 0.44375 0.329687 0.44375 0.334375 0.445833 0.334375 0.940305
0 0.660417 0.315625 0.6625 0.315625 0.660417 0.314062 0.660417 0.315625 0.65625 0.320312 0.654167 0.31875 0.652083 0.31875 0.645833 0.323437 0.64375 0.323437 0.639583 0.326562 0.6375 0.326562 0.6375 0.328125 0.635417 0.329687 0.633333 0.329687 0.63125 0.33125 0.627083 0.33125 0.625 0.332812 0.620833 0.332812 0.61875 0.334375 0.616667 0.334375 0.614583 0.335938 0.6125 0.335938 0.610417 0.3375 0.604167 0.3375 0.602083 0.339062 0.55 0.339062 0.547917 0.3375 0.541667 0.3375 0.539583 0.335938 0.5375 0.335938 0.535417 0.334375 0.529167 0.334375 0.527083 0.332812 0.520833 0.332812 0.51875 0.33125 0.516667 0.33125 0.5125 0.328125 0.510417 0.328125 0.508333 0.326562 0.50625 0.326562 0.504167 0.325 0.5 0.325 0.49375 0.320312 0.491667 0.320312 0.470833 0.304688 0.470833 0.303125 0.464583 0.298437 0.464583 0.296875 0.4625 0.295312 0.4625 0.2875 0.460417 0.285937 0.460417 0.279687 0.458333 0.278125 0.458333 0.26875 0.460417 0.267187 0.460417 0.264062 0.45625 0.264062 0.45625 0.301562 0.458333 0.303125 0.458333 0.304688 0.460417 0.30625 0.460417 0.309375 0.4625 0.309375 0.464583 0.310937 0.464583 0.3125 0.466667 0.314062 0.466667 0.315625 0.4875 0.33125 0.489583 0.33125 0.49375 0.334375 0.495833 0.334375 0.497917 0.335938 0.5 0.335938 0.502083 0.3375 0.504167 0.3375 0.508333 0.340625 0.5125 0.340625 0.514583 0.342187 0.51875 0.342187 0.520833 0.34375 0.525 0.34375 0.527083 0.345312 0.529167 0.345312 0.53125 0.346875 0.535417 0.346875 0.5375 0.348437 0.564583 0.348437 0.566667 0.35 0.577083 0.35 0.579167 0.348437 0.6 0.348437 0.602083 0.346875 0.608333 0.346875 0.6125 0.34375 0.614583 0.34375 0.616667 0.342187 0.620833 0.342187 0.622917 0.340625 0.627083 0.340625 0.633333 0.335938 0.635417 0.335938 0.6375 0.334375 0.639583 0.334375 0.65 0.326562 0.65 0.325 0.652083 0.323437 0.654167 0.323437 0.654167 0.321875 0.65625 0.320312 0.923745
0 0.454167 0.270312 0.454167 0.3 0.458333 0.303125 0.458333 0.304688 0.460417 0.30625 0.460417 0.309375 0.466667 0.314062 0.466667 0.315625 0.46875 0.317187 0.470833 0.317187 0.472917 0.31875 0.472917 0.320312 0.485417 0.329687 0.4875 0.329687 0.49375 0.334375 0.495833 0.334375 0.497917 0.335938 0.5 0.335938 0.502083 0.3375 0.504167 0.3375 0.508333 0.340625 0.5125 0.340625 0.514583 0.342187 0.520833 0.342187 0.522917 0.34375 0.525 0.34375 0.527083 0.345312 0.610417 0.345312 0.6125 0.34375 0.614583 0.34375 0.616667 0.342187 0.620833 0.342187 0.622917 0.340625 0.627083 0.340625 0.633333 0.335938 0.635417 0.335938 0.6375 0.334375 0.639583 0.334375 0.65625 0.321875 0.65625 0.31875 0.658333 0.317187 0.660417 0.317187 0.6625 0.315625 0.6625 0.314062 0.658333 0.314062 0.652083 0.31875 0.65 0.31875 0.647917 0.320312 0.645833 0.320312 0.64375 0.321875 0.641667 0.321875 0.6375 0.325 0.635417 0.325 0.633333 0.326562 0.63125 0.326562 0.629167 0.328125 0.620833 0.328125 0.616667 0.33125 0.614583 0.33125 0.6125 0.332812 0.610417 0.332812 0.608333 0.334375 0.604167 0.334375 0.602083 0.335938 0.552083 0.335938 0.55 0.334375 0.54375 0.334375 0.541667 0.332812 0.541667 0.329687 0.5375 0.329687 0.535417 0.328125 0.527083 0.328125 0.525 0.326562 0.522917 0.326562 0.51875 0.323437 0.508333 0.323437 0.50625 0.321875 0.504167 0.321875 0.502083 0.320312 0.502083 0.31875 0.504167 0.317187 0.504167 0.315625 0.502083 0.314062 0.495833 0.314062 0.49375 0.3125 0.491667 0.3125 0.489583 0.310937 0.4875 0.310937 0.483333 0.307812 0.483333 0.30625 0.48125 0.304688 0.48125 0.303125 0.479167 0.303125 0.472917 0.298437 0.470833 0.298437 0.46875 0.296875 0.46875 0.295312 0.466667 0.29375 0.466667 0.292187 0.464583 0.290625 0.464583 0.2875 0.4625 0.285937 0.4625 0.279687 0.460417 0.278125 0.460417 0.270312 0.0135309
0 0.460417 0.26875 0.460417 0.28125 0.464583 0.284375 0.464583 0.285937 0.466667 0.2875 0.466667 0.290625 0.470833 0.29375 0.470833 0.295312 0.475 0.298437 0.475 0.3 0.477083 0.301562 0.477083 0.303125 0.479167 0.304688 0.479167 0.307812 0.485417 0.307812 0.489583 0.310937 0.489583 0.3125 0.495833 0.317187 0.497917 0.317187 0.502083 0.320312 0.510417 0.320312 0.5125 0.321875 0.514583 0.321875 0.516667 0.323437 0.516667 0.325 0.51875 0.326562 0.527083 0.326562 0.529167 0.328125 0.53125 0.328125 0.535417 0.33125 0.535417 0.332812 0.5375 0.332812 0.539583 0.334375 0.55 0.334375 0.552083 0.335938 0.604167 0.335938 0.60625 0.334375 0.6125 0.334375 0.614583 0.332812 0.616667 0.332812 0.620833 0.329687 0.622917 0.329687 0.625 0.328125 0.629167 0.328125 0.63125 0.326562 0.633333 0.326562 0.639583 0.321875 0.641667 0.321875 0.64375 0.320312 0.645833 0.320312 0.645833 0.31875 0.65 0.315625 0.654167 0.315625 0.6625 0.309375 0.6625 0.307812 0.66875 0.303125 0.66875 0.298437 0.66875 0.3 0.666667 0.301562 0.664583 0.301562 0.6625 0.303125 0.660417 0.303125 0.660417 0.304688 0.654167 0.309375 0.645833 0.309375 0.645833 0.310937 0.639583 0.315625 0.620833 0.315625 0.61875 0.317187 0.61875 0.31875 0.616667 0.320312 0.614583 0.320312 0.6125 0.321875 0.575 0.321875 0.572917 0.320312 0.5625 0.320312 0.55625 0.315625 0.533333 0.315625 0.53125 0.314062 0.529167 0.314062 0.525 0.310937 0.525 0.309375 0.516667 0.309375 0.514583 0.307812 0.5125 0.307812 0.510417 0.30625 0.510417 0.304688 0.508333 0.303125 0.5 0.303125 0.497917 0.304688 0.49375 0.304688 0.491667 0.303125 0.491667 0.301562 0.495833 0.298437 0.495833 0.296875 0.49375 0.296875 0.491667 0.295312 0.489583 0.295312 0.4875 0.29375 0.4875 0.290625 0.485417 0.289062 0.483333 0.289062 0.479167 0.285937 0.479167 0.282812 0.472917 0.278125 0.472917 0.276562 0.470833 0.275 0.470833 0.270312 0.46875 0.26875 0.011785
0 0.6 0.376562 0.59375 0.376562 0.591667 0.378125 0.58125 0.378125 0.585417 0.378125 0.5875 0.379687 0.589583 0.378125 0.6 0.378125 0.6 0.376562 0.627083 0.370312 0.625 0.370312 0.622917 0.371875 0.620833 0.371875 0.61875 0.373437 0.6125 0.373437 0.629167 0.365625 0.570833 0.38125 0.560417 0.38125 0.558333 0.379687 0.55625 0.379687 0.554167 0.378125 0.529167 0.378125 0.527083 0.376562 0.520833 0.376562 0.51875 0.375 0.514583 0.375 0.5125 0.373437 0.508333 0.373437 0.50625 0.371875 0.5 0.371875 0.495833 0.36875 0.49375 0.36875 0.489583 0.365625 0.485417 0.365625 0.483333 0.364062 0.48125 0.364062 0.477083 0.360937 0.477083 0.359375 0.475 0.359375 0.472917 0.357812 0.470833 0.357812 0.46875 0.35625 0.46875 0.354687 0.452083 0.342187 0.452083 0.340625 0.447917 0.3375 0.447917 0.335938 0.445833 0.334375 0.445833 0.329687 0.44375 0.328125 0.44375 0.326562 0.441667 0.325 0.441667 0.339062 0.45 0.345312 0.45 0.348437 0.458333 0.354687 0.458333 0.35625 0.464583 0.360937 0.466667 0.360937 0.477083 0.36875 0.479167 0.36875 0.483333 0.371875 0.485417 0.371875 0.4875 0.373437 0.489583 0.373437 0.491667 0.375 0.495833 0.375 0.5 0.378125 0.504167 0.378125 0.50625 0.379687 0.510417 0.379687 0.5125 0.38125 0.51875 0.38125 0.522917 0.384375 0.522917 0.389062 0.53125 0.389062 0.533333 0.3875 0.535417 0.3875 0.5375 0.385937 0.55 0.385937 0.552083 0.384375 0.55625 0.384375 0.558333 0.385937 0.5625 0.385937 0.564583 0.384375 0.570833 0.384375 0.570833 0.38125 0.629167 0.365625 0.629167 0.365625 0.6125 0.373437 0.610417 0.375 0.610417 0.376562 0.610417 0.371875 0.616667 0.371875 0.61875 0.370312 0.625 0.370312 0.627083 0.36875 0.627083 0.370312 0.0115578
