0 0.476562 0.423438 0.476562 0.425 0.473438 0.428125 0.470313 0.428125 0.46875 0.429688 0.467188 0.429688 0.465625 0.43125 0.464063 0.43125 0.4625 0.432813 0.459375 0.432813 0.457813 0.434375 0.454688 0.434375 0.453125 0.435938 0.451563 0.435938 0.45 0.4375 0.448438 0.4375 0.446875 0.439063 0.442188 0.439063 0.440625 0.440625 0.4375 0.440625 0.435938 0.442188 0.429688 0.442188 0.428125 0.44375 0.423438 0.44375 0.421875 0.445312 0.409375 0.445312 0.407813 0.446875 0.4 0.446875 0.398438 0.448438 0.389063 0.448438 0.3875 0.45 0.353125 0.45 0.351562 0.451563 0.298438 0.451563 0.296875 0.45 0.28125 0.45 0.279688 0.448438 0.271875 0.448438 0.270313 0.446875 0.259375 0.446875 0.257812 0.445312 0.246875 0.445312 0.245313 0.44375 0.242188 0.44375 0.240625 0.442188 0.235938 0.442188 0.234375 0.440625 0.228125 0.440625 0.226562 0.439063 0.225 0.439063 0.220313 0.434375 0.217188 0.434375 0.215625 0.432813 0.214063 0.432813 0.214063 0.434375 0.215625 0.435938 0.215625 0.439063 0.21875 0.442188 0.21875 0.445312 0.226562 0.453125 0.228125 0.453125 0.229688 0.454688 0.232813 0.454688 0.234375 0.45625 0.235938 0.45625 0.2375 0.457813 0.240625 0.457813 0.242188 0.459375 0.245313 0.459375 0.246875 0.460938 0.251563 0.460938 0.253125 0.4625 0.264063 0.4625 0.265625 0.464063 0.276563 0.464063 0.278125 0.465625 0.2875 0.465625 0.289063 0.467188 0.389063 0.467188 0.390625 0.465625 0.401563 0.465625 0.403125 0.464063 0.410938 0.464063 0.4125 0.4625 0.421875 0.4625 0.423438 0.460938 0.429688 0.460938 0.43125 0.459375 0.4375 0.459375 0.439063 0.457813 0.44375 0.457813 0.445312 0.45625 0.451563 0.45625 0.453125 0.454688 0.457813 0.454688 0.459375 0.453125 0.460938 0.453125 0.464063 0.45 0.465625 0.45 0.46875 0.446875 0.470313 0.446875 0.475 0.442188 0.475 0.440625 0.478125 0.4375 0.478125 0.435938 0.479688 0.434375 0.479688 0.429688 0.478125 0.428125 0.478125 0.423438 0.916191
0 0.482813 0.428125 0.482813 0.429688 0.48125 0.43125 0.478125 0.43125 0.475 0.434375 0.473438 0.434375 0.473438 0.440625 0.470313 0.44375 0.4625 0.44375 0.460938 0.445312 0.460938 0.446875 0.45625 0.451563 0.454688 0.451563 0.453125 0.453125 0.442188 0.453125 0.440625 0.451563 0.439063 0.453125 0.4375 0.453125 0.435938 0.454688 0.434375 0.454688 0.43125 0.457813 0.426563 0.457813 0.425 0.459375 0.420313 0.459375 0.41875 0.460938 0.415625 0.460938 0.414062 0.4625 0.40625 0.4625 0.404688 0.464063 0.4 0.464063 0.398438 0.465625 0.390625 0.465625 0.389063 0.467188 0.3625 0.467188 0.360938 0.46875 0.296875 0.46875 0.295313 0.467188 0.282813 0.467188 0.28125 0.465625 0.26875 0.465625 0.267188 0.464063 0.25625 0.464063 0.254688 0.4625 0.251563 0.4625 0.25 0.460938 0.245313 0.460938 0.24375 0.459375 0.242188 0.459375 0.240625 0.457813 0.232813 0.457813 0.23125 0.45625 0.229688 0.45625 0.21875 0.445312 0.21875 0.44375 0.217188 0.442188 0.217188 0.440625 0.215625 0.439063 0.214063 0.439063 0.2125 0.4375 0.2125 0.445312 0.214063 0.446875 0.214063 0.448438 0.21875 0.453125 0.21875 0.454688 0.220313 0.45625 0.220313 0.457813 0.225 0.4625 0.225 0.464063 0.226562 0.465625 0.228125 0.465625 0.232813 0.470313 0.234375 0.470313 0.235938 0.471875 0.239063 0.471875 0.240625 0.473438 0.24375 0.473438 0.245313 0.475 0.246875 0.475 0.25 0.478125 0.254688 0.478125 0.25625 0.479688 0.2625 0.479688 0.264063 0.48125 0.275 0.48125 0.276563 0.482813 0.282813 0.482813 0.284375 0.484375 0.29375 0.484375 0.295313 0.485938 0.31875 0.485938 0.320312 0.4875 0.325 0.4875 0.326563 0.485938 0.38125 0.485938 0.382812 0.484375 0.39375 0.484375 0.395313 0.482813 0.403125 0.482813 0.404688 0.48125 0.420313 0.48125 0.421875 0.479688 0.428125 0.479688 0.429688 0.478125 0.432813 0.478125 0.434375 0.476562 0.4375 0.476562 0.439063 0.475 0.44375 0.475 0.445312 0.473438 0.45 0.473438 0.451563 0.471875 0.454688 0.471875 0.457813 0.46875 0.459375 0.46875 0.460938 0.467188 0.464063 0.467188 0.465625 0.465625 0.467188 0.465625 0.46875 0.464063 0.470313 0.464063 0.478125 0.45625 0.478125 0.454688 0.479688 0.453125 0.479688 0.45 0.48125 0.448438 0.48125 0.445312 0.482813 0.44375 0.482813 0.442188 0.485938 0.439063 0.485938 0.434375 0.484375 0.432813 0.484375 0.429688 0.908699
0 0.485938 0.457813 0.484375 0.459375 0.484375 0.460938 0.475 0.470313 0.473438 0.470313 0.471875 0.471875 0.470313 0.471875 0.465625 0.476562 0.464063 0.476562 0.4625 0.478125 0.459375 0.478125 0.459375 0.479688 0.45625 0.482813 0.451563 0.482813 0.45 0.484375 0.45 0.4875 0.451563 0.489063 0.45 0.490625 0.448438 0.490625 0.446875 0.492188 0.44375 0.492188 0.442188 0.49375 0.439063 0.49375 0.4375 0.495313 0.432813 0.495313 0.43125 0.496875 0.425 0.496875 0.423438 0.498438 0.417188 0.498438 0.415625 0.5 0.410938 0.5 0.409375 0.501563 0.4 0.501563 0.398438 0.503125 0.379688 0.503125 0.378125 0.504688 0.365625 0.504688 0.364063 0.50625 0.303125 0.50625 0.301563 0.504688 0.290625 0.504688 0.289063 0.503125 0.275 0.503125 0.273438 0.501563 0.265625 0.501563 0.264063 0.5 0.259375 0.5 0.257812 0.498438 0.254688 0.498438 0.253125 0.496875 0.248438 0.496875 0.246875 0.495313 0.239063 0.495313 0.234375 0.490625 0.232813 0.490625 0.23125 0.489063 0.228125 0.489063 0.226562 0.4875 0.225 0.4875 0.221875 0.484375 0.221875 0.482813 0.220313 0.48125 0.21875 0.48125 0.217188 0.479688 0.217188 0.484375 0.21875 0.485938 0.21875 0.489063 0.220313 0.490625 0.220313 0.492188 0.221875 0.49375 0.221875 0.495313 0.226562 0.5 0.226562 0.501563 0.228125 0.503125 0.229688 0.503125 0.232813 0.50625 0.234375 0.50625 0.235938 0.507812 0.239063 0.507812 0.240625 0.509375 0.242188 0.509375 0.246875 0.514063 0.25 0.514063 0.251563 0.515625 0.25625 0.515625 0.257812 0.517188 0.2625 0.517188 0.264063 0.51875 0.26875 0.51875 0.270313 0.520313 0.276563 0.520313 0.278125 0.521875 0.2875 0.521875 0.289063 0.523438 0.3 0.523438 0.301563 0.525 0.379688 0.525 0.38125 0.523438 0.392188 0.523438 0.39375 0.521875 0.396875 0.521875 0.398438 0.520313 0.40625 0.520313 0.407813 0.51875 0.417188 0.51875 0.41875 0.517188 0.423438 0.517188 0.425 0.515625 0.43125 0.515625 0.432813 0.514063 0.435938 0.514063 0.4375 0.5125 0.442188 0.5125 0.44375 0.510938 0.448438 0.510938 0.45 0.509375 0.454688 0.509375 0.45625 0.507812 0.457813 0.507812 0.460938 0.504688 0.464063 0.504688 0.465625 0.503125 0.467188 0.503125 0.46875 0.501563 0.470313 0.501563 0.476562 0.495313 0.478125 0.495313 0.478125 0.49375 0.482813 0.489063 0.484375 0.489063 0.484375 0.4875 0.4875 0.484375 0.4875 0.479688 0.489063 0.478125 0.489063 0.476562 0.490625 0.475 0.490625 0.473438 0.492188 0.471875 0.492188 0.46875 0.49375 0.467188 0.49375 0.457813 0.892856
0 0.551563 0.4375 0.55 0.439063 0.539063 0.439063 0.5375 0.440625 0.535938 0.440625 0.534375 0.442188 0.521875 0.442188 0.520313 0.440625 0.5 0.440625 0.498438 0.442188 0.496875 0.442188 0.496875 0.451563 0.498438 0.453125 0.498438 0.460938 0.5 0.4625 0.5 0.465625 0.501563 0.467188 0.501563 0.470313 0.509375 0.478125 0.510938 0.478125 0.5125 0.479688 0.515625 0.479688 0.517188 0.48125 0.51875 0.48125 0.520313 0.482813 0.521875 0.482813 0.523438 0.484375 0.525 0.484375 0.526563 0.485938 0.529688 0.485938 0.53125 0.4875 0.534375 0.4875 0.535938 0.489063 0.5375 0.489063 0.539063 0.490625 0.54375 0.490625 0.545313 0.492188 0.559375 0.492188 0.560938 0.49375 0.570313 0.49375 0.571875 0.495313 0.582813 0.495313 0.584375 0.496875 0.598437 0.496875 0.6 0.498438 0.670313 0.498438 0.671875 0.496875 0.684375 0.496875 0.685938 0.495313 0.703125 0.495313 0.704688 0.49375 0.7125 0.49375 0.714063 0.492188 0.720313 0.492188 0.721875 0.490625 0.725 0.490625 0.726562 0.489063 0.728125 0.489063 0.729688 0.4875 0.73125 0.4875 0.732813 0.485938 0.734375 0.485938 0.735938 0.484375 0.7375 0.484375 0.739063 0.482813 0.740625 0.482813 0.742188 0.48125 0.745313 0.48125 0.746875 0.479688 0.748438 0.479688 0.751563 0.476562 0.751563 0.475 0.754688 0.471875 0.754688 0.46875 0.75625 0.467188 0.75625 0.460938 0.754688 0.459375 0.754688 0.45625 0.753125 0.454688 0.753125 0.453125 0.746875 0.446875 0.745313 0.446875 0.74375 0.445312 0.742188 0.445312 0.740625 0.44375 0.7375 0.44375 0.734375 0.440625 0.732813 0.440625 0.73125 0.439063 0.720313 0.439063 0.71875 0.4375 0.698438 0.4375 0.696875 0.439063 0.684375 0.439063 0.682813 0.440625 0.679688 0.440625 0.678125 0.442188 0.678125 0.445312 0.676563 0.446875 0.671875 0.446875 0.665625 0.453125 0.6625 0.453125 0.660938 0.454688 0.65 0.454688 0.648438 0.45625 0.64375 0.45625 0.642188 0.457813 0.639063 0.457813 0.6375 0.459375 0.625 0.459375 0.61875 0.453125 0.604688 0.453125 0.603125 0.454688 0.601562 0.453125 0.6 0.453125 0.598437 0.451563 0.596875 0.451563 0.595313 0.45 0.589063 0.45 0.5875 0.448438 0.58125 0.448438 0.578125 0.445312 0.579688 0.44375 0.579688 0.442188 0.58125 0.440625 0.579688 0.440625 0.578125 0.439063 0.554688 0.439063 0.553125 0.4375 0.887164
0 0.476562 0.367188 0.476562 0.370313 0.475 0.371875 0.475 0.373438 0.473438 0.375 0.471875 0.375 0.467188 0.379688 0.465625 0.379688 0.464063 0.38125 0.460938 0.38125 0.459375 0.382812 0.451563 0.382812 0.45 0.384375 0.445312 0.384375 0.44375 0.385938 0.440625 0.385938 0.439063 0.3875 0.432813 0.3875 0.43125 0.389063 0.415625 0.389063 0.414062 0.390625 0.404688 0.390625 0.403125 0.392188 0.39375 0.392188 0.392188 0.39375 0.375 0.39375 0.373438 0.395313 0.276563 0.395313 0.275 0.39375 0.259375 0.39375 0.257812 0.392188 0.246875 0.392188 0.245313 0.390625 0.234375 0.390625 0.232813 0.389063 0.226562 0.389063 0.225 0.3875 0.223438 0.3875 0.221875 0.385938 0.21875 0.385938 0.217188 0.384375 0.215625 0.384375 0.214063 0.382812 0.210938 0.382812 0.207813 0.379688 0.204688 0.379688 0.203125 0.378125 0.203125 0.376563 0.203125 0.384375 0.204688 0.385938 0.204688 0.389063 0.214063 0.398438 0.215625 0.398438 0.217188 0.4 0.21875 0.4 0.220313 0.401563 0.221875 0.401563 0.223438 0.403125 0.226562 0.403125 0.228125 0.404688 0.232813 0.404688 0.234375 0.40625 0.242188 0.40625 0.24375 0.407813 0.251563 0.407813 0.253125 0.409375 0.2625 0.409375 0.264063 0.410938 0.271875 0.410938 0.273438 0.4125 0.382812 0.4125 0.384375 0.410938 0.403125 0.410938 0.404688 0.409375 0.410938 0.409375 0.4125 0.407813 0.420313 0.407813 0.421875 0.40625 0.432813 0.40625 0.434375 0.404688 0.440625 0.404688 0.442188 0.403125 0.448438 0.403125 0.45 0.401563 0.454688 0.401563 0.45625 0.4 0.459375 0.4 0.460938 0.398438 0.4625 0.398438 0.464063 0.396875 0.467188 0.396875 0.470313 0.39375 0.471875 0.39375 0.478125 0.3875 0.478125 0.385938 0.479688 0.384375 0.479688 0.378125 0.478125 0.376563 0.478125 0.36875 0.846177
0 0.476562 0.3375 0.475 0.339063 0.475 0.340625 0.473438 0.342188 0.471875 0.342188 0.470313 0.34375 0.46875 0.34375 0.467188 0.345313 0.460938 0.345313 0.459375 0.346875 0.454688 0.346875 0.453125 0.348438 0.451563 0.348438 0.45 0.35 0.445312 0.35 0.44375 0.351562 0.428125 0.351562 0.426563 0.353125 0.410938 0.353125 0.409375 0.354688 0.401563 0.354688 0.4 0.35625 0.389063 0.35625 0.3875 0.357813 0.276563 0.357813 0.275 0.35625 0.260938 0.35625 0.259375 0.354688 0.248438 0.354688 0.246875 0.353125 0.235938 0.353125 0.234375 0.351562 0.221875 0.351562 0.220313 0.35 0.217188 0.35 0.214063 0.346875 0.210938 0.346875 0.209375 0.345313 0.20625 0.345313 0.203125 0.342188 0.203125 0.357813 0.20625 0.360938 0.207813 0.360938 0.209375 0.3625 0.210938 0.3625 0.2125 0.364063 0.214063 0.364063 0.215625 0.365625 0.220313 0.365625 0.221875 0.367188 0.226562 0.367188 0.228125 0.36875 0.239063 0.36875 0.240625 0.370313 0.25625 0.370313 0.257812 0.371875 0.276563 0.371875 0.278125 0.373438 0.29375 0.373438 0.295313 0.375 0.378125 0.375 0.379688 0.373438 0.395313 0.373438 0.396875 0.371875 0.407813 0.371875 0.409375 0.370313 0.428125 0.370313 0.429688 0.36875 0.4375 0.36875 0.439063 0.367188 0.44375 0.367188 0.445312 0.365625 0.451563 0.365625 0.453125 0.364063 0.457813 0.364063 0.459375 0.3625 0.460938 0.3625 0.4625 0.360938 0.465625 0.360938 0.467188 0.359375 0.46875 0.359375 0.470313 0.357813 0.473438 0.357813 0.478125 0.353125 0.478125 0.351562 0.479688 0.35 0.479688 0.340625 0.478125 0.339063 0.478125 0.3375 0.78994
0 0.207813 0.390625 0.207813 0.407813 0.214063 0.414062 0.215625 0.414062 0.217188 0.415625 0.21875 0.415625 0.220313 0.417188 0.221875 0.417188 0.223438 0.41875 0.225 0.41875 0.226562 0.420313 0.229688 0.420313 0.23125 0.421875 0.234375 0.421875 0.235938 0.423438 0.242188 0.423438 0.24375 0.425 0.248438 0.425 0.25 0.426563 0.254688 0.426563 0.25625 0.428125 0.260938 0.428125 0.2625 0.429688 0.26875 0.429688 0.270313 0.43125 0.296875 0.43125 0.298438 0.432813 0.351562 0.432813 0.353125 0.43125 0.385938 0.43125 0.3875 0.429688 0.395313 0.429688 0.396875 0.428125 0.401563 0.428125 0.403125 0.426563 0.4125 0.426563 0.414062 0.425 0.428125 0.425 0.429688 0.423438 0.434375 0.423438 0.435938 0.421875 0.439063 0.421875 0.440625 0.420313 0.446875 0.420313 0.448438 0.41875 0.453125 0.41875 0.454688 0.417188 0.457813 0.417188 0.459375 0.415625 0.4625 0.415625 0.464063 0.414062 0.465625 0.414062 0.46875 0.410938 0.470313 0.410938 0.475 0.40625 0.475 0.404688 0.476562 0.403125 0.476562 0.392188 0.475 0.39375 0.473438 0.39375 0.471875 0.395313 0.470313 0.395313 0.46875 0.396875 0.467188 0.396875 0.465625 0.398438 0.464063 0.398438 0.4625 0.4 0.460938 0.4 0.459375 0.401563 0.451563 0.401563 0.45 0.403125 0.446875 0.403125 0.445312 0.404688 0.439063 0.404688 0.4375 0.40625 0.429688 0.40625 0.428125 0.407813 0.409375 0.407813 0.407813 0.409375 0.398438 0.409375 0.396875 0.410938 0.384375 0.410938 0.382812 0.4125 0.346875 0.4125 0.345313 0.414062 0.34375 0.4125 0.3375 0.4125 0.335938 0.414062 0.332813 0.414062 0.33125 0.4125 0.270313 0.4125 0.26875 0.410938 0.2625 0.410938 0.260938 0.409375 0.253125 0.409375 0.251563 0.407813 0.239063 0.407813 0.2375 0.40625 0.23125 0.40625 0.229688 0.404688 0.228125 0.404688 0.226562 0.403125 0.225 0.403125 0.223438 0.401563 0.221875 0.401563 0.220313 0.4 0.21875 0.4 0.217188 0.398438 0.215625 0.398438 0.2125 0.395313 0.210938 0.395313 0.209375 0.39375 0.209375 0.392188 0.772761
0 0.476562 0.304688 0.473438 0.307813 0.470313 0.307813 0.467188 0.310937 0.464063 0.310937 0.4625 0.3125 0.45625 0.3125 0.454688 0.314063 0.442188 0.314063 0.440625 0.315625 0.389063 0.315625 0.3875 0.317188 0.3625 0.317188 0.360938 0.31875 0.292188 0.31875 0.290625 0.317188 0.285938 0.317188 0.284375 0.31875 0.282813 0.31875 0.28125 0.317188 0.25625 0.317188 0.254688 0.315625 0.228125 0.315625 0.226562 0.314063 0.217188 0.314063 0.215625 0.3125 0.2125 0.3125 0.210938 0.310937 0.207813 0.310937 0.203125 0.30625 0.203125 0.321875 0.209375 0.328125 0.210938 0.328125 0.2125 0.329688 0.215625 0.329688 0.217188 0.33125 0.223438 0.33125 0.225 0.332813 0.2375 0.332813 0.239063 0.334375 0.254688 0.334375 0.25625 0.335938 0.26875 0.335938 0.270313 0.3375 0.33125 0.3375 0.332813 0.339063 0.354688 0.339063 0.35625 0.3375 0.384375 0.3375 0.385938 0.335938 0.404688 0.335938 0.40625 0.334375 0.41875 0.334375 0.420313 0.332813 0.439063 0.332813 0.440625 0.33125 0.451563 0.33125 0.453125 0.329688 0.457813 0.329688 0.459375 0.328125 0.465625 0.328125 0.467188 0.326563 0.470313 0.326563 0.473438 0.323438 0.475 0.323438 0.476562 0.321875 0.476562 0.31875 0.478125 0.317188 0.478125 0.304688 0.608678
0 0.751563 0.478125 0.751563 0.479688 0.748438 0.482813 0.746875 0.482813 0.740625 0.489063 0.7375 0.489063 0.735938 0.490625 0.732813 0.490625 0.73125 0.492188 0.729688 0.492188 0.728125 0.49375 0.725 0.49375 0.723438 0.495313 0.717188 0.495313 0.715625 0.496875 0.70625 0.496875 0.704688 0.498438 0.7 0.498438 0.698438 0.5 0.69375 0.5 0.692188 0.501563 0.68125 0.501563 0.679688 0.503125 0.659375 0.503125 0.657813 0.504688 0.65625 0.504688 0.654688 0.503125 0.651563 0.503125 0.65 0.504688 0.648438 0.504688 0.646875 0.50625 0.634375 0.50625 0.632812 0.507812 0.63125 0.50625 0.620313 0.50625 0.61875 0.504688 0.61875 0.503125 0.598437 0.503125 0.596875 0.501563 0.582813 0.501563 0.58125 0.5 0.575 0.5 0.573438 0.498438 0.56875 0.498438 0.567188 0.496875 0.554688 0.496875 0.553125 0.495313 0.54375 0.495313 0.542188 0.49375 0.539063 0.49375 0.5375 0.492188 0.534375 0.492188 0.532813 0.490625 0.529688 0.490625 0.528125 0.489063 0.525 0.489063 0.523438 0.4875 0.520313 0.4875 0.51875 0.485938 0.51875 0.498438 0.520313 0.5 0.521875 0.5 0.523438 0.501563 0.525 0.501563 0.526563 0.503125 0.532813 0.503125 0.534375 0.504688 0.5375 0.504688 0.540625 0.507812 0.54375 0.507812 0.545313 0.509375 0.553125 0.509375 0.554688 0.510938 0.560938 0.510938 0.5625 0.5125 0.565625 0.5125 0.567188 0.514063 0.56875 0.514063 0.570313 0.515625 0.582813 0.515625 0.584375 0.517188 0.60625 0.517188 0.607813 0.51875 0.609375 0.51875 0.610938 0.520313 0.6125 0.520313 0.614062 0.521875 0.65 0.521875 0.651563 0.520313 0.65625 0.520313 0.657813 0.521875 0.659375 0.520313 0.660938 0.520313 0.6625 0.51875 0.675 0.51875 0.676563 0.517188 0.695312 0.517188 0.696875 0.515625 0.701563 0.515625 0.703125 0.514063 0.70625 0.514063 0.707813 0.5125 0.710938 0.5125 0.7125 0.510938 0.717188 0.510938 0.71875 0.509375 0.726562 0.509375 0.728125 0.507812 0.73125 0.507812 0.734375 0.504688 0.735938 0.504688 0.7375 0.503125 0.740625 0.503125 0.742188 0.501563 0.74375 0.501563 0.751563 0.49375 0.751563 0.492188 0.753125 0.490625 0.753125 0.478125 0.514179
0 0.476562 0.401563 0.476562 0.404688 0.475 0.40625 0.475 0.407813 0.470313 0.4125 0.46875 0.4125 0.467188 0.414062 0.464063 0.414062 0.4625 0.415625 0.460938 0.415625 0.459375 0.417188 0.457813 0.417188 0.45625 0.41875 0.453125 0.41875 0.451563 0.420313 0.439063 0.420313 0.4375 0.421875 0.435938 0.421875 0.434375 0.423438 0.429688 0.423438 0.428125 0.425 0.423438 0.425 0.421875 0.426563 0.4125 0.426563 0.410938 0.428125 0.403125 0.428125 0.401563 0.429688 0.395313 0.429688 0.39375 0.43125 0.384375 0.43125 0.382812 0.432813 0.346875 0.432813 0.345313 0.434375 0.3 0.434375 0.298438 0.432813 0.276563 0.432813 0.275 0.43125 0.265625 0.43125 0.264063 0.429688 0.259375 0.429688 0.257812 0.428125 0.253125 0.428125 0.251563 0.426563 0.24375 0.426563 0.242188 0.425 0.235938 0.425 0.234375 0.423438 0.23125 0.423438 0.228125 0.420313 0.225 0.420313 0.223438 0.41875 0.220313 0.41875 0.217188 0.415625 0.215625 0.415625 0.2125 0.4125 0.210938 0.4125 0.209375 0.410938 0.209375 0.409375 0.20625 0.40625 0.20625 0.415625 0.207813 0.417188 0.207813 0.41875 0.209375 0.420313 0.209375 0.421875 0.2125 0.425 0.2125 0.426563 0.215625 0.429688 0.217188 0.429688 0.221875 0.434375 0.223438 0.434375 0.228125 0.439063 0.23125 0.439063 0.232813 0.440625 0.2375 0.440625 0.239063 0.442188 0.240625 0.442188 0.242188 0.44375 0.24375 0.44375 0.245313 0.445312 0.259375 0.445312 0.260938 0.446875 0.273438 0.446875 0.275 0.448438 0.282813 0.448438 0.284375 0.45 0.384375 0.45 0.385938 0.448438 0.398438 0.448438 0.4 0.446875 0.407813 0.446875 0.409375 0.445312 0.423438 0.445312 0.425 0.44375 0.429688 0.44375 0.43125 0.442188 0.435938 0.442188 0.4375 0.440625 0.44375 0.440625 0.445312 0.439063 0.451563 0.439063 0.454688 0.435938 0.45625 0.435938 0.457813 0.434375 0.460938 0.434375 0.4625 0.432813 0.464063 0.432813 0.46875 0.428125 0.471875 0.428125 0.475 0.425 0.475 0.423438 0.478125 0.420313 0.478125 0.415625 0.479688 0.414062 0.478125 0.4125 0.478125 0.403125 0.453133
