0 0.380208 0.5375 0.379167 0.538281 0.379167 0.540625 0.380208 0.541406 0.380208 0.542187 0.382292 0.54375 0.382292 0.545312 0.383333 0.546094 0.383333 0.547656 0.386458 0.55 0.386458 0.550781 0.388542 0.552344 0.388542 0.553125 0.401042 0.5625 0.402083 0.5625 0.405208 0.564844 0.40625 0.564844 0.409375 0.567187 0.410417 0.567187 0.4125 0.56875 0.413542 0.56875 0.415625 0.570312 0.416667 0.570312 0.417708 0.571094 0.419792 0.571094 0.421875 0.572656 0.422917 0.572656 0.423958 0.573437 0.425 0.573437 0.426042 0.574219 0.428125 0.574219 0.429167 0.575 0.432292 0.575 0.433333 0.575781 0.435417 0.575781 0.436458 0.576562 0.438542 0.576562 0.439583 0.577344 0.44375 0.577344 0.444792 0.578125 0.453125 0.578125 0.454167 0.578906 0.460417 0.578906 0.461458 0.579687 0.472917 0.579687 0.473958 0.578906 0.483333 0.578906 0.484375 0.578125 0.49375 0.578125 0.494792 0.577344 0.495833 0.577344 0.496875 0.576562 0.5 0.576562 0.501042 0.575781 0.502083 0.575781 0.503125 0.575 0.50625 0.575 0.507292 0.574219 0.509375 0.574219 0.510417 0.573437 0.511458 0.573437 0.513542 0.571875 0.514583 0.571875 0.515625 0.571094 0.517708 0.571094 0.51875 0.570312 0.519792 0.570312 0.521875 0.56875 0.522917 0.56875 0.523958 0.567969 0.525 0.567969 0.529167 0.564844 0.530208 0.564844 0.534375 0.561719 0.535417 0.561719 0.542708 0.55625 0.54375 0.55625 0.54375 0.555469 0.545833 0.553906 0.545833 0.553125 0.548958 0.550781 0.548958 0.55 0.55 0.549219 0.55 0.548437 0.551042 0.547656 0.551042 0.546875 0.552083 0.546094 0.552083 0.541406 0.551042 0.542187 0.551042 0.542969 0.55 0.54375 0.55 0.544531 0.548958 0.545312 0.547917 0.545312 0.545833 0.546875 0.545833 0.547656 0.54375 0.549219 0.542708 0.549219 0.53125 0.557812 0.530208 0.557812 0.527083 0.560156 0.526042 0.560156 0.525 0.560937 0.523958 0.560937 0.522917 0.561719 0.521875 0.561719 0.519792 0.563281 0.51875 0.563281 0.517708 0.564062 0.516667 0.564062 0.515625 0.564844 0.513542 0.564844 0.511458 0.566406 0.509375 0.566406 0.508333 0.567187 0.50625 0.567187 0.505208 0.567969 0.502083 0.567969 0.501042 0.56875 0.498958 0.56875 0.497917 0.569531 0.494792 0.569531 0.49375 0.570312 0.4875 0.570312 0.486458 0.571094 0.482292 0.571094 0.48125 0.571875 0.477083 0.571875 0.476042 0.572656 0.45625 0.572656 0.455208 0.571875 0.452083 0.571875 0.451042 0.571094 0.445833 0.571094 0.444792 0.570312 0.439583 0.570312 0.438542 0.569531 0.435417 0.569531 0.434375 0.56875 0.433333 0.56875 0.432292 0.567969 0.429167 0.567969 0.428125 0.567187 0.427083 0.567187 0.426042 0.566406 0.423958 0.566406 0.422917 0.565625 0.421875 0.565625 0.420833 0.564844 0.419792 0.564844 0.41875 0.564062 0.417708 0.564062 0.415625 0.5625 0.413542 0.5625 0.411458 0.560937 0.410417 0.560937 0.409375 0.560156 0.408333 0.560156 0.405208 0.557812 0.404167 0.557812 0.402083 0.55625 0.401042 0.55625 0.397917 0.553906 0.396875 0.553906 0.389583 0.548437 0.389583 0.547656 0.386458 0.545312 0.386458 0.544531 0.385417 0.54375 0.385417 0.542969 0.38125 0.539844 0.38125 0.538281 0.380208 0.5375 0.377083 0.535156 0.377083 0.532031 0.376042 0.532031 0.376042 0.533594 0.377083 0.534375 0.377083 0.535156 0.976072
0 0.370833 0.463281 0.370833 0.464062 0.371875 0.464844 0.371875 0.466406 0.372917 0.467187 0.373958 0.467187 0.375 0.467969 0.375 0.46875 0.376042 0.469531 0.376042 0.470312 0.377083 0.471094 0.378125 0.471094 0.380208 0.472656 0.380208 0.473437 0.38125 0.474219 0.38125 0.475 0.382292 0.475781 0.382292 0.477344 0.384375 0.478906 0.384375 0.482812 0.385417 0.483594 0.388542 0.483594 0.389583 0.484375 0.39375 0.484375 0.394792 0.485156 0.395833 0.485156 0.396875 0.485937 0.397917 0.485937 0.4 0.4875 0.401042 0.4875 0.402083 0.488281 0.403125 0.488281 0.404167 0.489062 0.405208 0.489062 0.407292 0.490625 0.408333 0.490625 0.411458 0.492969 0.4125 0.492969 0.413542 0.49375 0.415625 0.49375 0.416667 0.494531 0.417708 0.494531 0.41875 0.495312 0.421875 0.495312 0.422917 0.496094 0.423958 0.496094 0.425 0.496875 0.427083 0.496875 0.428125 0.497656 0.429167 0.497656 0.430208 0.498437 0.434375 0.498437 0.435417 0.499219 0.438542 0.499219 0.439583 0.5 0.442708 0.5 0.44375 0.500781 0.446875 0.500781 0.447917 0.501562 0.455208 0.501562 0.45625 0.502344 0.482292 0.502344 0.483333 0.501562 0.490625 0.501562 0.491667 0.500781 0.496875 0.500781 0.497917 0.5 0.501042 0.5 0.502083 0.499219 0.504167 0.499219 0.505208 0.498437 0.507292 0.498437 0.508333 0.497656 0.510417 0.497656 0.511458 0.496875 0.513542 0.496875 0.514583 0.496094 0.516667 0.496094 0.517708 0.495312 0.520833 0.495312 0.521875 0.494531 0.522917 0.494531 0.523958 0.49375 0.525 0.49375 0.526042 0.492969 0.527083 0.492969 0.528125 0.492187 0.529167 0.492187 0.53125 0.490625 0.532292 0.490625 0.534375 0.489062 0.535417 0.489062 0.5375 0.4875 0.538542 0.4875 0.539583 0.486719 0.540625 0.486719 0.54375 0.484375 0.544792 0.484375 0.546875 0.482812 0.548958 0.482812 0.55 0.482031 0.551042 0.482031 0.552083 0.48125 0.552083 0.480469 0.553125 0.479687 0.555208 0.479687 0.555208 0.478906 0.561458 0.474219 0.561458 0.473437 0.563542 0.471875 0.563542 0.471094 0.564583 0.470312 0.564583 0.469531 0.565625 0.46875 0.565625 0.467969 0.567708 0.466406 0.567708 0.461719 0.56875 0.460937 0.567708 0.461719 0.567708 0.464062 0.565625 0.465625 0.564583 0.465625 0.5625 0.467187 0.5625 0.467969 0.558333 0.471094 0.558333 0.471875 0.553125 0.475781 0.552083 0.475781 0.552083 0.476562 0.551042 0.477344 0.551042 0.478125 0.55 0.478906 0.547917 0.478906 0.546875 0.479687 0.545833 0.479687 0.544792 0.480469 0.54375 0.480469 0.542708 0.48125 0.541667 0.48125 0.540625 0.482031 0.538542 0.482031 0.536458 0.483594 0.535417 0.483594 0.533333 0.485156 0.53125 0.485156 0.530208 0.485937 0.529167 0.485937 0.528125 0.486719 0.527083 0.486719 0.526042 0.4875 0.525 0.4875 0.523958 0.488281 0.522917 0.488281 0.521875 0.489062 0.519792 0.489062 0.51875 0.489844 0.516667 0.489844 0.515625 0.490625 0.513542 0.490625 0.5125 0.491406 0.511458 0.491406 0.510417 0.492187 0.508333 0.492187 0.507292 0.492969 0.505208 0.492969 0.504167 0.49375 0.5 0.49375 0.498958 0.494531 0.494792 0.494531 0.49375 0.495312 0.489583 0.495312 0.488542 0.496094 0.454167 0.496094 0.453125 0.495312 0.448958 0.495312 0.447917 0.494531 0.441667 0.494531 0.440625 0.49375 0.435417 0.49375 0.434375 0.492969 0.43125 0.492969 0.430208 0.492187 0.428125 0.492187 0.427083 0.491406 0.425 0.491406 0.423958 0.490625 0.422917 0.490625 0.421875 0.489844 0.419792 0.489844 0.41875 0.489062 0.416667 0.489062 0.414583 0.4875 0.4125 0.4875 0.411458 0.486719 0.410417 0.486719 0.409375 0.485937 0.408333 0.485937 0.40625 0.484375 0.405208 0.484375 0.404167 0.483594 0.403125 0.483594 0.402083 0.482812 0.401042 0.482812 0.398958 0.48125 0.397917 0.48125 0.394792 0.478906 0.39375 0.478906 0.388542 0.475 0.3875 0.475 0.384375 0.472656 0.382292 0.472656 0.380208 0.471094 0.380208 0.470312 0.379167 0.470312 0.377083 0.46875 0.377083 0.467969 0.375 0.466406 0.373958 0.466406 0.372917 0.465625 0.372917 0.463281 0.371875 0.4625 0.370833 0.463281 0.367708 0.458594 0.36875 0.459375 0.36875 0.461719 0.363542 0.450781 0.364583 0.45 0.364583 0.446875 0.363542 0.446875 0.363542 0.450781 0.36875 0.461719 0.367708 0.460937 0.367708 0.457812 0.367708 0.458594 0.967164
0 0.380208 0.532031 0.380208 0.535156 0.38125 0.535937 0.382292 0.535937 0.383333 0.536719 0.383333 0.538281 0.384375 0.539062 0.384375 0.541406 0.388542 0.544531 0.388542 0.545312 0.389583 0.546094 0.389583 0.546875 0.398958 0.553906 0.4 0.553906 0.402083 0.555469 0.403125 0.555469 0.40625 0.557812 0.407292 0.557812 0.410417 0.560156 0.411458 0.560156 0.4125 0.560937 0.414583 0.560937 0.415625 0.561719 0.416667 0.561719 0.417708 0.5625 0.417708 0.563281 0.41875 0.563281 0.419792 0.564062 0.421875 0.564062 0.422917 0.564844 0.423958 0.564844 0.425 0.565625 0.426042 0.565625 0.427083 0.566406 0.430208 0.566406 0.43125 0.567187 0.432292 0.567187 0.433333 0.567969 0.435417 0.567969 0.436458 0.56875 0.438542 0.56875 0.439583 0.569531 0.445833 0.569531 0.446875 0.570312 0.45 0.570312 0.451042 0.571094 0.454167 0.571094 0.455208 0.571875 0.478125 0.571875 0.479167 0.571094 0.483333 0.571094 0.484375 0.570312 0.4875 0.570312 0.488542 0.569531 0.49375 0.569531 0.494792 0.56875 0.497917 0.56875 0.498958 0.567969 0.5 0.567969 0.501042 0.567187 0.503125 0.567187 0.504167 0.566406 0.507292 0.566406 0.508333 0.565625 0.510417 0.565625 0.5125 0.564062 0.514583 0.564062 0.515625 0.563281 0.516667 0.563281 0.517708 0.5625 0.51875 0.5625 0.520833 0.560937 0.521875 0.560937 0.522917 0.560156 0.523958 0.560156 0.525 0.559375 0.526042 0.559375 0.528125 0.557812 0.529167 0.557812 0.532292 0.555469 0.533333 0.555469 0.542708 0.548437 0.54375 0.548437 0.547917 0.545312 0.547917 0.544531 0.551042 0.542187 0.551042 0.541406 0.552083 0.540625 0.552083 0.5375 0.55 0.539062 0.548958 0.539062 0.547917 0.539844 0.547917 0.540625 0.544792 0.542969 0.54375 0.542969 0.536458 0.548437 0.535417 0.548437 0.534375 0.549219 0.534375 0.55 0.533333 0.550781 0.532292 0.550781 0.53125 0.551562 0.530208 0.551562 0.528125 0.553125 0.527083 0.553125 0.525 0.554688 0.523958 0.554688 0.521875 0.55625 0.520833 0.55625 0.519792 0.557031 0.51875 0.557031 0.517708 0.557812 0.515625 0.557812 0.514583 0.558594 0.5125 0.558594 0.511458 0.559375 0.510417 0.559375 0.509375 0.560156 0.508333 0.560156 0.507292 0.560937 0.505208 0.560937 0.504167 0.561719 0.498958 0.561719 0.497917 0.5625 0.494792 0.5625 0.49375 0.563281 0.490625 0.563281 0.489583 0.564062 0.485417 0.564062 0.484375 0.564844 0.453125 0.564844 0.452083 0.564062 0.446875 0.564062 0.445833 0.563281 0.442708 0.563281 0.441667 0.5625 0.4375 0.5625 0.436458 0.561719 0.433333 0.561719 0.432292 0.560937 0.430208 0.560937 0.429167 0.560156 0.427083 0.560156 0.426042 0.559375 0.423958 0.559375 0.422917 0.558594 0.421875 0.558594 0.420833 0.557812 0.419792 0.557812 0.41875 0.557031 0.417708 0.557031 0.416667 0.55625 0.415625 0.55625 0.413542 0.554688 0.4125 0.554688 0.411458 0.553906 0.410417 0.553906 0.407292 0.551562 0.40625 0.551562 0.405208 0.550781 0.404167 0.550781 0.401042 0.548437 0.4 0.548437 0.396875 0.546094 0.396875 0.545312 0.395833 0.545312 0.388542 0.539844 0.388542 0.539062 0.3875 0.539062 0.384375 0.536719 0.384375 0.535937 0.383333 0.535937 0.38125 0.534375 0.38125 0.532812 0.380208 0.532031 0.376042 0.526562 0.376042 0.523438 0.376042 0.526562 0.959481
0 0.35625 0.414062 0.35625 0.410937 0.355208 0.410156 0.355208 0.413281 0.35625 0.414062 0.359375 0.416406 0.359375 0.41875 0.360417 0.419531 0.360417 0.420312 0.361458 0.420312 0.3625 0.421094 0.3625 0.422656 0.363542 0.423437 0.363542 0.424219 0.365625 0.425781 0.365625 0.426562 0.366667 0.427344 0.366667 0.428125 0.367708 0.428906 0.367708 0.429688 0.370833 0.432031 0.370833 0.432812 0.38125 0.440625 0.382292 0.440625 0.383333 0.441406 0.383333 0.442187 0.384375 0.442969 0.385417 0.442969 0.388542 0.445312 0.389583 0.445312 0.391667 0.446875 0.392708 0.446875 0.394792 0.448437 0.395833 0.448437 0.396875 0.449219 0.397917 0.449219 0.398958 0.45 0.4 0.45 0.402083 0.451562 0.403125 0.451562 0.404167 0.452344 0.405208 0.452344 0.40625 0.453125 0.408333 0.453125 0.410417 0.454687 0.4125 0.454687 0.413542 0.455469 0.414583 0.455469 0.415625 0.45625 0.417708 0.45625 0.41875 0.457031 0.420833 0.457031 0.421875 0.457812 0.422917 0.457812 0.423958 0.458594 0.426042 0.458594 0.427083 0.459375 0.430208 0.459375 0.43125 0.460156 0.434375 0.460156 0.435417 0.460937 0.438542 0.460937 0.439583 0.461719 0.44375 0.461719 0.444792 0.4625 0.455208 0.4625 0.45625 0.463281 0.479167 0.463281 0.480208 0.4625 0.492708 0.4625 0.49375 0.461719 0.496875 0.461719 0.497917 0.460937 0.501042 0.460937 0.502083 0.460156 0.505208 0.460156 0.50625 0.459375 0.510417 0.459375 0.511458 0.458594 0.513542 0.458594 0.514583 0.457812 0.515625 0.457812 0.516667 0.457031 0.517708 0.457031 0.51875 0.45625 0.521875 0.45625 0.522917 0.455469 0.523958 0.455469 0.525 0.454687 0.526042 0.454687 0.527083 0.453906 0.528125 0.453906 0.529167 0.453125 0.53125 0.453125 0.532292 0.452344 0.533333 0.452344 0.535417 0.450781 0.536458 0.450781 0.5375 0.45 0.538542 0.45 0.539583 0.449219 0.540625 0.449219 0.54375 0.446875 0.544792 0.446875 0.548958 0.44375 0.55 0.44375 0.551042 0.442969 0.552083 0.442969 0.565625 0.432812 0.565625 0.432031 0.56875 0.429688 0.56875 0.428906 0.570833 0.427344 0.570833 0.426562 0.571875 0.425781 0.571875 0.425 0.573958 0.423437 0.573958 0.421875 0.575 0.421094 0.575 0.420312 0.577083 0.41875 0.577083 0.417969 0.578125 0.417187 0.578125 0.414844 0.579167 0.414062 0.579167 0.410156 0.580208 0.409375 0.580208 0.407812 0.580208 0.409375 0.579167 0.410156 0.577083 0.410156 0.576042 0.410937 0.576042 0.411719 0.571875 0.414844 0.571875 0.415625 0.570833 0.416406 0.570833 0.417187 0.567708 0.419531 0.567708 0.420312 0.565625 0.421875 0.565625 0.422656 0.546875 0.436719 0.545833 0.436719 0.542708 0.439062 0.541667 0.439062 0.539583 0.440625 0.538542 0.440625 0.536458 0.442187 0.535417 0.442187 0.534375 0.442969 0.533333 0.442969 0.53125 0.444531 0.530208 0.444531 0.529167 0.445312 0.528125 0.445312 0.527083 0.446094 0.525 0.446094 0.523958 0.446875 0.522917 0.446875 0.521875 0.447656 0.519792 0.447656 0.51875 0.448437 0.516667 0.448437 0.515625 0.449219 0.513542 0.449219 0.5125 0.45 0.510417 0.45 0.509375 0.450781 0.507292 0.450781 0.50625 0.451562 0.502083 0.451562 0.501042 0.452344 0.496875 0.452344 0.495833 0.453125 0.491667 0.453125 0.490625 0.453906 0.482292 0.453906 0.48125 0.454687 0.454167 0.454687 0.453125 0.453906 0.446875 0.453906 0.445833 0.453125 0.439583 0.453125 0.438542 0.452344 0.433333 0.452344 0.432292 0.451562 0.429167 0.451562 0.428125 0.450781 0.426042 0.450781 0.425 0.45 0.421875 0.45 0.420833 0.449219 0.419792 0.449219 0.41875 0.448437 0.416667 0.448437 0.415625 0.447656 0.413542 0.447656 0.4125 0.446875 0.411458 0.446875 0.410417 0.446094 0.408333 0.446094 0.407292 0.445312 0.40625 0.445312 0.405208 0.444531 0.404167 0.444531 0.403125 0.44375 0.402083 0.44375 0.401042 0.442969 0.4 0.442969 0.397917 0.441406 0.396875 0.441406 0.395833 0.440625 0.394792 0.440625 0.39375 0.439844 0.392708 0.439844 0.390625 0.438281 0.389583 0.438281 0.388542 0.4375 0.3875 0.4375 0.384375 0.435156 0.383333 0.435156 0.377083 0.430469 0.376042 0.430469 0.375 0.429688 0.375 0.428906 0.372917 0.427344 0.371875 0.427344 0.370833 0.426562 0.370833 0.425781 0.367708 0.423437 0.366667 0.423437 0.364583 0.421875 0.364583 0.421094 0.363542 0.420312 0.3625 0.420312 0.360417 0.41875 0.360417 0.417187 0.359375 0.416406 0.958911
0 0.367708 0.439844 0.367708 0.442969 0.36875 0.44375 0.36875 0.444531 0.370833 0.446094 0.370833 0.447656 0.371875 0.448437 0.371875 0.449219 0.376042 0.452344 0.376042 0.453125 0.378125 0.454687 0.379167 0.454687 0.38125 0.45625 0.38125 0.457031 0.382292 0.457812 0.383333 0.457812 0.386458 0.460156 0.3875 0.460156 0.390625 0.4625 0.391667 0.4625 0.392708 0.463281 0.39375 0.463281 0.395833 0.464844 0.396875 0.464844 0.397917 0.465625 0.398958 0.465625 0.401042 0.467187 0.403125 0.467187 0.404167 0.467969 0.405208 0.467969 0.407292 0.469531 0.408333 0.469531 0.409375 0.470312 0.410417 0.470312 0.411458 0.471094 0.413542 0.471094 0.414583 0.471875 0.415625 0.471875 0.416667 0.472656 0.41875 0.472656 0.419792 0.473437 0.420833 0.473437 0.421875 0.474219 0.423958 0.474219 0.425 0.475 0.428125 0.475 0.429167 0.475781 0.43125 0.475781 0.432292 0.476562 0.435417 0.476562 0.436458 0.477344 0.439583 0.477344 0.440625 0.478125 0.447917 0.478125 0.448958 0.478906 0.457292 0.478906 0.458333 0.479687 0.464583 0.479687 0.465625 0.480469 0.476042 0.480469 0.477083 0.479687 0.483333 0.479687 0.484375 0.478906 0.491667 0.478906 0.492708 0.478125 0.498958 0.478125 0.5 0.477344 0.502083 0.477344 0.503125 0.476562 0.505208 0.476562 0.50625 0.475781 0.508333 0.475781 0.509375 0.475 0.511458 0.475 0.5125 0.474219 0.514583 0.474219 0.515625 0.473437 0.516667 0.473437 0.517708 0.472656 0.519792 0.472656 0.520833 0.471875 0.521875 0.471875 0.522917 0.471094 0.523958 0.471094 0.525 0.470312 0.527083 0.470312 0.528125 0.469531 0.529167 0.469531 0.530208 0.46875 0.53125 0.46875 0.532292 0.467969 0.533333 0.467969 0.534375 0.467187 0.535417 0.467187 0.536458 0.466406 0.5375 0.466406 0.538542 0.465625 0.539583 0.465625 0.540625 0.464844 0.541667 0.464844 0.542708 0.464062 0.54375 0.464062 0.551042 0.458594 0.552083 0.458594 0.553125 0.457812 0.554167 0.457812 0.564583 0.45 0.564583 0.449219 0.566667 0.447656 0.566667 0.446875 0.567708 0.446094 0.567708 0.444531 0.56875 0.44375 0.56875 0.440625 0.567708 0.440625 0.567708 0.441406 0.565625 0.442969 0.564583 0.442969 0.5625 0.444531 0.5625 0.445312 0.55625 0.45 0.555208 0.45 0.546875 0.45625 0.545833 0.45625 0.54375 0.457812 0.542708 0.457812 0.538542 0.460937 0.536458 0.460937 0.534375 0.4625 0.533333 0.4625 0.532292 0.463281 0.53125 0.463281 0.530208 0.464062 0.528125 0.464062 0.527083 0.464844 0.526042 0.464844 0.525 0.465625 0.523958 0.465625 0.522917 0.466406 0.520833 0.466406 0.519792 0.467187 0.514583 0.467187 0.513542 0.467969 0.5125 0.467969 0.511458 0.46875 0.509375 0.46875 0.508333 0.469531 0.507292 0.469531 0.50625 0.470312 0.498958 0.470312 0.497917 0.471094 0.49375 0.471094 0.492708 0.471875 0.489583 0.471875 0.488542 0.472656 0.482292 0.472656 0.48125 0.473437 0.458333 0.473437 0.457292 0.472656 0.451042 0.472656 0.45 0.471875 0.446875 0.471875 0.445833 0.471094 0.440625 0.471094 0.439583 0.470312 0.433333 0.470312 0.432292 0.469531 0.430208 0.469531 0.429167 0.46875 0.427083 0.46875 0.426042 0.467969 0.423958 0.467969 0.422917 0.467187 0.419792 0.467187 0.41875 0.466406 0.416667 0.466406 0.415625 0.465625 0.414583 0.465625 0.413542 0.464844 0.4125 0.464844 0.411458 0.464062 0.409375 0.464062 0.408333 0.463281 0.407292 0.463281 0.40625 0.4625 0.405208 0.4625 0.404167 0.461719 0.403125 0.461719 0.402083 0.460937 0.401042 0.460937 0.4 0.460156 0.398958 0.460156 0.395833 0.457812 0.394792 0.457812 0.39375 0.457031 0.392708 0.457031 0.389583 0.454687 0.388542 0.454687 0.3875 0.453906 0.386458 0.453906 0.384375 0.452344 0.384375 0.451562 0.383333 0.451562 0.367708 0.439844 0.363542 0.435156 0.360417 0.429688 0.360417 0.425781 0.359375 0.426562 0.360417 0.427344 0.360417 0.429688 0.363542 0.435156 0.363542 0.435156 0.958559
0 0.380208 0.516406 0.380208 0.517188 0.38125 0.517969 0.38125 0.519531 0.382292 0.519531 0.384375 0.521094 0.384375 0.523438 0.385417 0.524219 0.386458 0.524219 0.3875 0.525 0.3875 0.526562 0.389583 0.528125 0.389583 0.528906 0.392708 0.53125 0.392708 0.532031 0.397917 0.535937 0.398958 0.535937 0.403125 0.539062 0.404167 0.539062 0.408333 0.542187 0.410417 0.542187 0.4125 0.54375 0.413542 0.54375 0.415625 0.545312 0.416667 0.545312 0.417708 0.546094 0.41875 0.546094 0.419792 0.546875 0.420833 0.546875 0.421875 0.547656 0.422917 0.547656 0.423958 0.548437 0.425 0.548437 0.426042 0.549219 0.428125 0.549219 0.429167 0.55 0.430208 0.55 0.43125 0.550781 0.433333 0.550781 0.434375 0.551562 0.436458 0.551562 0.4375 0.552344 0.440625 0.552344 0.441667 0.553125 0.445833 0.553125 0.446875 0.553906 0.451042 0.553906 0.452083 0.554688 0.458333 0.554688 0.459375 0.555469 0.472917 0.555469 0.473958 0.554688 0.48125 0.554688 0.482292 0.553906 0.4875 0.553906 0.488542 0.553125 0.494792 0.553125 0.495833 0.552344 0.498958 0.552344 0.5 0.551562 0.502083 0.551562 0.503125 0.550781 0.505208 0.550781 0.50625 0.55 0.509375 0.55 0.510417 0.549219 0.511458 0.549219 0.5125 0.548437 0.514583 0.548437 0.515625 0.547656 0.516667 0.547656 0.517708 0.546875 0.51875 0.546875 0.519792 0.546094 0.520833 0.546094 0.521875 0.545312 0.522917 0.545312 0.523958 0.544531 0.525 0.544531 0.527083 0.542969 0.528125 0.542969 0.530208 0.541406 0.53125 0.541406 0.534375 0.539062 0.535417 0.539062 0.539583 0.535937 0.540625 0.535937 0.540625 0.535156 0.542708 0.533594 0.54375 0.533594 0.547917 0.530469 0.547917 0.529687 0.553125 0.525781 0.553125 0.525 0.55625 0.522656 0.55625 0.521875 0.557292 0.521094 0.557292 0.520312 0.558333 0.519531 0.558333 0.51875 0.560417 0.517188 0.560417 0.5125 0.559375 0.513281 0.559375 0.515625 0.554167 0.519531 0.554167 0.520312 0.551042 0.522656 0.551042 0.523438 0.54375 0.528906 0.542708 0.528906 0.539583 0.53125 0.538542 0.53125 0.535417 0.533594 0.534375 0.533594 0.53125 0.535937 0.530208 0.535937 0.529167 0.536719 0.528125 0.536719 0.527083 0.5375 0.526042 0.5375 0.525 0.538281 0.523958 0.538281 0.521875 0.539844 0.520833 0.539844 0.519792 0.540625 0.517708 0.540625 0.516667 0.541406 0.515625 0.541406 0.514583 0.542187 0.513542 0.542187 0.5125 0.542969 0.511458 0.542969 0.510417 0.54375 0.508333 0.54375 0.507292 0.544531 0.503125 0.544531 0.502083 0.545312 0.5 0.545312 0.498958 0.546094 0.496875 0.546094 0.495833 0.546875 0.490625 0.546875 0.489583 0.547656 0.485417 0.547656 0.484375 0.548437 0.477083 0.548437 0.476042 0.549219 0.464583 0.549219 0.463542 0.548437 0.45625 0.548437 0.455208 0.547656 0.45 0.547656 0.448958 0.546875 0.44375 0.546875 0.442708 0.546094 0.439583 0.546094 0.438542 0.545312 0.435417 0.545312 0.434375 0.544531 0.433333 0.544531 0.432292 0.54375 0.429167 0.54375 0.428125 0.542969 0.426042 0.542969 0.423958 0.541406 0.421875 0.541406 0.419792 0.539844 0.41875 0.539844 0.417708 0.539062 0.416667 0.539062 0.415625 0.538281 0.414583 0.538281 0.413542 0.5375 0.4125 0.5375 0.411458 0.536719 0.410417 0.536719 0.408333 0.535156 0.407292 0.535156 0.40625 0.534375 0.405208 0.534375 0.402083 0.532031 0.401042 0.532031 0.396875 0.528906 0.395833 0.528906 0.39375 0.527344 0.39375 0.526562 0.392708 0.526562 0.3875 0.522656 0.386458 0.522656 0.385417 0.521875 0.385417 0.521094 0.383333 0.519531 0.382292 0.519531 0.38125 0.51875 0.38125 0.516406 0.380208 0.516406 0.376042 0.508594 0.376042 0.507031 0.563542 0.50625 0.563542 0.510156 0.563542 0.50625 0.376042 0.507031 0.376042 0.508594 0.958037
0 0.36875 0.448437 0.36875 0.445312 0.367708 0.444531 0.367708 0.447656 0.36875 0.448437 0.371875 0.45 0.363542 0.4375 0.364583 0.438281 0.364583 0.441406 0.364583 0.440625 0.360417 0.433594 0.360417 0.43125 0.360417 0.433594 0.364583 0.440625 0.363542 0.439844 0.363542 0.436719 0.363542 0.4375 0.371875 0.45 0.371875 0.452344 0.372917 0.453125 0.372917 0.453906 0.373958 0.454687 0.375 0.454687 0.380208 0.458594 0.380208 0.459375 0.38125 0.460156 0.38125 0.460937 0.382292 0.460937 0.384375 0.4625 0.384375 0.463281 0.3875 0.465625 0.388542 0.465625 0.395833 0.471094 0.396875 0.471094 0.397917 0.471875 0.398958 0.471875 0.4 0.472656 0.401042 0.472656 0.403125 0.474219 0.404167 0.474219 0.40625 0.475781 0.407292 0.475781 0.409375 0.477344 0.410417 0.477344 0.411458 0.478125 0.413542 0.478125 0.414583 0.478906 0.415625 0.478906 0.416667 0.479687 0.417708 0.479687 0.41875 0.480469 0.419792 0.480469 0.420833 0.48125 0.422917 0.48125 0.423958 0.482031 0.427083 0.482031 0.428125 0.482812 0.430208 0.482812 0.43125 0.483594 0.434375 0.483594 0.435417 0.484375 0.438542 0.484375 0.439583 0.485156 0.44375 0.485156 0.444792 0.485937 0.448958 0.485937 0.45 0.486719 0.457292 0.486719 0.458333 0.4875 0.48125 0.4875 0.482292 0.486719 0.490625 0.486719 0.491667 0.485937 0.495833 0.485937 0.496875 0.485156 0.498958 0.485156 0.5 0.484375 0.505208 0.484375 0.50625 0.483594 0.509375 0.483594 0.510417 0.482812 0.511458 0.482812 0.5125 0.482031 0.513542 0.482031 0.514583 0.48125 0.516667 0.48125 0.517708 0.480469 0.51875 0.480469 0.519792 0.479687 0.521875 0.479687 0.522917 0.478906 0.523958 0.478906 0.525 0.478125 0.526042 0.478125 0.527083 0.477344 0.528125 0.477344 0.529167 0.476562 0.530208 0.476562 0.532292 0.475 0.534375 0.475 0.536458 0.473437 0.5375 0.473437 0.539583 0.471875 0.540625 0.471875 0.541667 0.471094 0.542708 0.471094 0.54375 0.470312 0.544792 0.470312 0.551042 0.465625 0.552083 0.465625 0.560417 0.459375 0.560417 0.458594 0.5625 0.457031 0.5625 0.45625 0.565625 0.453906 0.565625 0.453125 0.566667 0.452344 0.566667 0.451562 0.56875 0.45 0.56875 0.449219 0.569792 0.448437 0.569792 0.447656 0.570833 0.446875 0.570833 0.446094 0.571875 0.445312 0.571875 0.439844 0.571875 0.441406 0.570833 0.442187 0.570833 0.442969 0.56875 0.444531 0.56875 0.445312 0.566667 0.446875 0.566667 0.447656 0.565625 0.448437 0.564583 0.448437 0.563542 0.449219 0.563542 0.45 0.558333 0.453906 0.558333 0.454687 0.551042 0.460156 0.55 0.460156 0.546875 0.4625 0.545833 0.4625 0.54375 0.464062 0.542708 0.464062 0.541667 0.464844 0.540625 0.464844 0.5375 0.467187 0.536458 0.467187 0.535417 0.467969 0.534375 0.467969 0.533333 0.46875 0.532292 0.46875 0.53125 0.469531 0.530208 0.469531 0.529167 0.470312 0.527083 0.470312 0.526042 0.471094 0.525 0.471094 0.523958 0.471875 0.522917 0.471875 0.521875 0.472656 0.520833 0.472656 0.519792 0.473437 0.517708 0.473437 0.516667 0.474219 0.515625 0.474219 0.514583 0.475 0.5125 0.475 0.511458 0.475781 0.509375 0.475781 0.508333 0.476562 0.50625 0.476562 0.505208 0.477344 0.504167 0.477344 0.503125 0.478125 0.5 0.478125 0.498958 0.478906 0.491667 0.478906 0.490625 0.479687 0.483333 0.479687 0.482292 0.480469 0.458333 0.480469 0.457292 0.479687 0.451042 0.479687 0.45 0.478906 0.440625 0.478906 0.439583 0.478125 0.436458 0.478125 0.435417 0.477344 0.433333 0.477344 0.432292 0.476562 0.430208 0.476562 0.429167 0.475781 0.426042 0.475781 0.425 0.475 0.421875 0.475 0.420833 0.474219 0.419792 0.474219 0.41875 0.473437 0.416667 0.473437 0.415625 0.472656 0.413542 0.472656 0.4125 0.471875 0.411458 0.471875 0.410417 0.471094 0.409375 0.471094 0.407292 0.469531 0.40625 0.469531 0.405208 0.46875 0.404167 0.46875 0.403125 0.467969 0.401042 0.467969 0.398958 0.466406 0.397917 0.466406 0.396875 0.465625 0.395833 0.465625 0.391667 0.4625 0.390625 0.4625 0.3875 0.460156 0.386458 0.460156 0.382292 0.457031 0.38125 0.457031 0.380208 0.45625 0.379167 0.45625 0.378125 0.455469 0.378125 0.454687 0.371875 0.45 0.953843
0 0.563542 0.475 0.563542 0.474219 0.564583 0.473437 0.564583 0.472656 0.563542 0.472656 0.563542 0.475 0.561458 0.475781 0.560417 0.475781 0.557292 0.478125 0.55625 0.478125 0.552083 0.48125 0.551042 0.48125 0.545833 0.485156 0.544792 0.485156 0.542708 0.486719 0.541667 0.486719 0.540625 0.4875 0.539583 0.4875 0.538542 0.488281 0.5375 0.488281 0.535417 0.489844 0.534375 0.489844 0.532292 0.491406 0.53125 0.491406 0.529167 0.492969 0.528125 0.492969 0.527083 0.49375 0.526042 0.49375 0.525 0.494531 0.523958 0.494531 0.522917 0.495312 0.521875 0.495312 0.520833 0.496094 0.51875 0.496094 0.517708 0.496875 0.515625 0.496875 0.514583 0.497656 0.5125 0.497656 0.511458 0.498437 0.510417 0.498437 0.509375 0.499219 0.505208 0.499219 0.504167 0.5 0.501042 0.5 0.5 0.500781 0.497917 0.500781 0.496875 0.501562 0.49375 0.501562 0.492708 0.502344 0.483333 0.502344 0.482292 0.503125 0.45625 0.503125 0.455208 0.502344 0.447917 0.502344 0.446875 0.501562 0.44375 0.501562 0.442708 0.500781 0.440625 0.500781 0.439583 0.5 0.434375 0.5 0.433333 0.499219 0.430208 0.499219 0.429167 0.498437 0.427083 0.498437 0.426042 0.497656 0.425 0.497656 0.423958 0.496875 0.422917 0.496875 0.421875 0.496094 0.41875 0.496094 0.416667 0.494531 0.414583 0.494531 0.413542 0.49375 0.4125 0.49375 0.411458 0.492969 0.410417 0.492969 0.409375 0.492187 0.408333 0.492187 0.407292 0.491406 0.40625 0.491406 0.405208 0.490625 0.404167 0.490625 0.402083 0.489062 0.401042 0.489062 0.398958 0.4875 0.397917 0.4875 0.394792 0.485156 0.39375 0.485156 0.388542 0.48125 0.3875 0.48125 0.385417 0.479687 0.385417 0.478906 0.384375 0.478906 0.382292 0.477344 0.382292 0.476562 0.372917 0.469531 0.372917 0.46875 0.36875 0.465625 0.36875 0.4625 0.367708 0.461719 0.367708 0.460937 0.366667 0.461719 0.366667 0.464844 0.367708 0.465625 0.367708 0.467187 0.36875 0.467969 0.36875 0.46875 0.369792 0.469531 0.369792 0.470312 0.370833 0.471094 0.370833 0.471875 0.371875 0.472656 0.371875 0.474219 0.372917 0.475 0.372917 0.475781 0.375 0.477344 0.375 0.478125 0.376042 0.478906 0.376042 0.479687 0.377083 0.480469 0.377083 0.48125 0.380208 0.483594 0.380208 0.484375 0.385417 0.488281 0.385417 0.489062 0.386458 0.489062 0.389583 0.491406 0.390625 0.491406 0.39375 0.49375 0.394792 0.49375 0.395833 0.494531 0.397917 0.494531 0.4 0.496094 0.401042 0.496094 0.402083 0.496875 0.403125 0.496875 0.404167 0.497656 0.405208 0.497656 0.407292 0.499219 0.408333 0.499219 0.409375 0.5 0.411458 0.5 0.4125 0.500781 0.413542 0.500781 0.415625 0.502344 0.416667 0.502344 0.417708 0.503125 0.419792 0.503125 0.420833 0.503906 0.422917 0.503906 0.423958 0.504687 0.427083 0.504687 0.428125 0.505469 0.430208 0.505469 0.43125 0.50625 0.434375 0.50625 0.435417 0.507031 0.438542 0.507031 0.439583 0.507812 0.445833 0.507812 0.446875 0.508594 0.451042 0.508594 0.452083 0.509375 0.457292 0.509375 0.458333 0.510156 0.484375 0.510156 0.485417 0.509375 0.489583 0.509375 0.490625 0.508594 0.492708 0.508594 0.49375 0.507812 0.496875 0.507812 0.497917 0.507031 0.503125 0.507031 0.504167 0.50625 0.507292 0.50625 0.508333 0.505469 0.509375 0.505469 0.510417 0.504687 0.513542 0.504687 0.514583 0.503906 0.516667 0.503906 0.517708 0.503125 0.51875 0.503125 0.519792 0.502344 0.520833 0.502344 0.521875 0.501562 0.523958 0.501562 0.525 0.500781 0.527083 0.500781 0.529167 0.499219 0.530208 0.499219 0.532292 0.497656 0.533333 0.497656 0.534375 0.496875 0.536458 0.496875 0.539583 0.494531 0.540625 0.494531 0.55625 0.482812 0.55625 0.482031 0.560417 0.478906 0.560417 0.477344 0.561458 0.476562 0.561458 0.475781 0.953595
0 0.373958 0.50625 0.373958 0.517969 0.375 0.51875 0.375 0.520312 0.377083 0.521875 0.377083 0.522656 0.379167 0.524219 0.379167 0.525781 0.380208 0.526562 0.380208 0.528906 0.38125 0.529687 0.38125 0.530469 0.383333 0.532031 0.383333 0.532812 0.386458 0.535156 0.386458 0.535937 0.392708 0.540625 0.392708 0.541406 0.397917 0.545312 0.398958 0.545312 0.404167 0.549219 0.405208 0.549219 0.407292 0.550781 0.408333 0.550781 0.409375 0.551562 0.410417 0.551562 0.413542 0.553906 0.414583 0.553906 0.415625 0.554688 0.416667 0.554688 0.417708 0.555469 0.41875 0.555469 0.420833 0.557031 0.421875 0.557031 0.422917 0.557812 0.426042 0.557812 0.427083 0.558594 0.428125 0.558594 0.429167 0.559375 0.430208 0.559375 0.43125 0.560156 0.434375 0.560156 0.435417 0.560937 0.440625 0.560937 0.441667 0.561719 0.44375 0.561719 0.444792 0.5625 0.447917 0.5625 0.448958 0.563281 0.4875 0.563281 0.488542 0.5625 0.490625 0.5625 0.491667 0.561719 0.49375 0.561719 0.494792 0.560937 0.498958 0.560937 0.5 0.560156 0.505208 0.560156 0.50625 0.559375 0.507292 0.559375 0.509375 0.557812 0.5125 0.557812 0.513542 0.557031 0.515625 0.557031 0.516667 0.55625 0.517708 0.55625 0.519792 0.554688 0.520833 0.554688 0.521875 0.553906 0.522917 0.553906 0.525 0.552344 0.526042 0.552344 0.527083 0.551562 0.528125 0.551562 0.529167 0.550781 0.530208 0.550781 0.534375 0.547656 0.535417 0.547656 0.535417 0.546875 0.536458 0.546094 0.5375 0.546094 0.545833 0.539844 0.546875 0.539844 0.547917 0.539062 0.547917 0.538281 0.552083 0.535156 0.552083 0.534375 0.553125 0.533594 0.553125 0.532812 0.554167 0.532031 0.554167 0.53125 0.555208 0.530469 0.555208 0.528906 0.55625 0.528125 0.55625 0.525 0.555208 0.525781 0.555208 0.527344 0.553125 0.528906 0.551042 0.528906 0.551042 0.529687 0.54375 0.535156 0.542708 0.535156 0.541667 0.535937 0.541667 0.536719 0.540625 0.5375 0.539583 0.5375 0.535417 0.540625 0.534375 0.540625 0.533333 0.541406 0.532292 0.541406 0.529167 0.54375 0.528125 0.54375 0.527083 0.544531 0.526042 0.544531 0.522917 0.546875 0.521875 0.546875 0.520833 0.547656 0.51875 0.547656 0.517708 0.548437 0.516667 0.548437 0.515625 0.549219 0.514583 0.549219 0.513542 0.55 0.5125 0.55 0.511458 0.550781 0.508333 0.550781 0.507292 0.551562 0.505208 0.551562 0.504167 0.552344 0.502083 0.552344 0.501042 0.553125 0.498958 0.553125 0.497917 0.553906 0.490625 0.553906 0.489583 0.554688 0.484375 0.554688 0.483333 0.555469 0.479167 0.555469 0.478125 0.55625 0.45625 0.55625 0.455208 0.555469 0.451042 0.555469 0.45 0.554688 0.445833 0.554688 0.444792 0.553906 0.438542 0.553906 0.4375 0.553125 0.435417 0.553125 0.434375 0.552344 0.433333 0.552344 0.432292 0.551562 0.43125 0.551562 0.430208 0.550781 0.426042 0.550781 0.425 0.55 0.423958 0.55 0.421875 0.548437 0.420833 0.548437 0.419792 0.547656 0.417708 0.547656 0.416667 0.546875 0.415625 0.546875 0.413542 0.545312 0.4125 0.545312 0.411458 0.544531 0.410417 0.544531 0.408333 0.542969 0.407292 0.542969 0.405208 0.541406 0.404167 0.541406 0.4 0.538281 0.398958 0.538281 0.392708 0.533594 0.392708 0.532812 0.391667 0.532812 0.389583 0.53125 0.389583 0.530469 0.385417 0.527344 0.385417 0.526562 0.382292 0.524219 0.382292 0.523438 0.38125 0.522656 0.38125 0.521875 0.379167 0.520312 0.379167 0.519531 0.378125 0.51875 0.378125 0.515625 0.377083 0.514844 0.377083 0.5125 0.376042 0.511719 0.376042 0.510937 0.375 0.510156 0.375 0.509375 0.373958 0.508594 0.949153
0 0.384375 0.550781 0.384375 0.552344 0.385417 0.553125 0.385417 0.550781 0.384375 0.550781 0.38125 0.548437 0.3875 0.554688 0.388542 0.555469 0.388542 0.557812 0.390625 0.557812 0.392708 0.559375 0.392708 0.560156 0.39375 0.560937 0.394792 0.560937 0.396875 0.5625 0.396875 0.564062 0.397917 0.564062 0.4 0.565625 0.4 0.566406 0.4125 0.575781 0.414583 0.575781 0.415625 0.576562 0.416667 0.576562 0.417708 0.577344 0.41875 0.577344 0.419792 0.578125 0.420833 0.578125 0.421875 0.578906 0.422917 0.578906 0.423958 0.579687 0.426042 0.579687 0.427083 0.580469 0.429167 0.580469 0.430208 0.58125 0.43125 0.58125 0.432292 0.582031 0.434375 0.582031 0.435417 0.582812 0.4375 0.582812 0.438542 0.583594 0.441667 0.583594 0.442708 0.584375 0.445833 0.584375 0.446875 0.585156 0.45 0.585156 0.451042 0.585938 0.454167 0.585938 0.455208 0.586719 0.4625 0.586719 0.463542 0.5875 0.473958 0.5875 0.475 0.586719 0.482292 0.586719 0.483333 0.585938 0.4875 0.585938 0.488542 0.585156 0.490625 0.585156 0.491667 0.584375 0.495833 0.584375 0.496875 0.583594 0.501042 0.583594 0.502083 0.582812 0.504167 0.582812 0.505208 0.582031 0.507292 0.582031 0.508333 0.58125 0.509375 0.58125 0.510417 0.580469 0.511458 0.580469 0.5125 0.579687 0.514583 0.579687 0.516667 0.578125 0.517708 0.578125 0.51875 0.577344 0.519792 0.577344 0.520833 0.576562 0.521875 0.576562 0.523958 0.575 0.525 0.575 0.526042 0.574219 0.527083 0.574219 0.528125 0.573437 0.529167 0.573437 0.532292 0.571094 0.533333 0.571094 0.5375 0.567969 0.538542 0.567969 0.539583 0.567187 0.540625 0.567187 0.540625 0.566406 0.547917 0.560937 0.547917 0.560156 0.552083 0.557031 0.552083 0.55625 0.553125 0.555469 0.553125 0.554688 0.555208 0.553125 0.555208 0.552344 0.55625 0.551562 0.55625 0.549219 0.557292 0.548437 0.557292 0.544531 0.55625 0.54375 0.555208 0.544531 0.555208 0.546094 0.551042 0.549219 0.551042 0.550781 0.546875 0.553906 0.546875 0.554688 0.54375 0.557031 0.542708 0.557031 0.542708 0.557812 0.540625 0.559375 0.539583 0.559375 0.5375 0.560937 0.5375 0.561719 0.536458 0.5625 0.535417 0.5625 0.53125 0.565625 0.530208 0.565625 0.528125 0.567187 0.527083 0.567187 0.523958 0.569531 0.522917 0.569531 0.521875 0.570312 0.520833 0.570312 0.51875 0.571875 0.517708 0.571875 0.516667 0.572656 0.514583 0.572656 0.513542 0.573437 0.5125 0.573437 0.510417 0.575 0.508333 0.575 0.507292 0.575781 0.504167 0.575781 0.503125 0.576562 0.5 0.576562 0.498958 0.577344 0.496875 0.577344 0.495833 0.578125 0.491667 0.578125 0.490625 0.578906 0.485417 0.578906 0.484375 0.579687 0.454167 0.579687 0.453125 0.578906 0.444792 0.578906 0.44375 0.578125 0.440625 0.578125 0.439583 0.577344 0.4375 0.577344 0.436458 0.576562 0.434375 0.576562 0.433333 0.575781 0.429167 0.575781 0.428125 0.575 0.426042 0.575 0.423958 0.573437 0.422917 0.573437 0.421875 0.572656 0.420833 0.572656 0.419792 0.571875 0.417708 0.571875 0.415625 0.570312 0.414583 0.570312 0.413542 0.569531 0.4125 0.569531 0.409375 0.567187 0.408333 0.567187 0.407292 0.566406 0.40625 0.566406 0.405208 0.565625 0.404167 0.565625 0.401042 0.563281 0.398958 0.563281 0.396875 0.561719 0.396875 0.560937 0.395833 0.560937 0.392708 0.558594 0.392708 0.557812 0.388542 0.554688 0.3875 0.554688 0.38125 0.548437 0.38125 0.545312 0.380208 0.545312 0.380208 0.547656 0.38125 0.548437 0.948334
0 0.557292 0.494531 0.555208 0.494531 0.555208 0.496094 0.553125 0.497656 0.552083 0.497656 0.551042 0.498437 0.551042 0.499219 0.548958 0.500781 0.547917 0.500781 0.54375 0.503906 0.542708 0.503906 0.542708 0.504687 0.539583 0.507031 0.538542 0.507031 0.538542 0.507812 0.5375 0.508594 0.536458 0.508594 0.535417 0.509375 0.534375 0.509375 0.533333 0.510156 0.532292 0.510156 0.529167 0.5125 0.528125 0.5125 0.527083 0.513281 0.526042 0.513281 0.523958 0.514844 0.522917 0.514844 0.521875 0.515625 0.520833 0.515625 0.519792 0.516406 0.517708 0.516406 0.516667 0.517188 0.515625 0.517188 0.514583 0.517969 0.513542 0.517969 0.5125 0.51875 0.510417 0.51875 0.509375 0.519531 0.507292 0.519531 0.50625 0.520312 0.505208 0.520312 0.504167 0.521094 0.503125 0.521094 0.502083 0.521875 0.498958 0.521875 0.497917 0.522656 0.492708 0.522656 0.491667 0.523438 0.488542 0.523438 0.4875 0.524219 0.484375 0.524219 0.483333 0.525 0.447917 0.525 0.446875 0.524219 0.442708 0.524219 0.441667 0.523438 0.439583 0.523438 0.438542 0.522656 0.434375 0.522656 0.433333 0.521875 0.429167 0.521875 0.428125 0.521094 0.426042 0.521094 0.425 0.520312 0.423958 0.520312 0.422917 0.519531 0.419792 0.519531 0.41875 0.51875 0.416667 0.51875 0.415625 0.517969 0.414583 0.517969 0.4125 0.516406 0.410417 0.516406 0.409375 0.515625 0.408333 0.515625 0.405208 0.513281 0.404167 0.513281 0.403125 0.5125 0.402083 0.5125 0.398958 0.510156 0.396875 0.510156 0.392708 0.507031 0.390625 0.507031 0.389583 0.50625 0.389583 0.505469 0.3875 0.503906 0.386458 0.503906 0.384375 0.502344 0.384375 0.501562 0.383333 0.501562 0.38125 0.5 0.38125 0.499219 0.377083 0.496094 0.377083 0.494531 0.373958 0.492187 0.373958 0.491406 0.372917 0.490625 0.372917 0.489062 0.371875 0.488281 0.370833 0.488281 0.370833 0.491406 0.371875 0.492187 0.371875 0.49375 0.372917 0.494531 0.372917 0.495312 0.375 0.496875 0.375 0.497656 0.376042 0.498437 0.376042 0.5 0.377083 0.500781 0.377083 0.501562 0.378125 0.501562 0.379167 0.502344 0.379167 0.503125 0.380208 0.503906 0.380208 0.504687 0.38125 0.505469 0.382292 0.505469 0.383333 0.50625 0.383333 0.507031 0.384375 0.507812 0.384375 0.508594 0.385417 0.508594 0.3875 0.510156 0.3875 0.510937 0.388542 0.510937 0.397917 0.517969 0.398958 0.517969 0.401042 0.519531 0.402083 0.519531 0.403125 0.520312 0.404167 0.520312 0.405208 0.521094 0.40625 0.521094 0.407292 0.521875 0.408333 0.521875 0.409375 0.522656 0.410417 0.522656 0.411458 0.523438 0.4125 0.523438 0.413542 0.524219 0.415625 0.524219 0.416667 0.525 0.417708 0.525 0.41875 0.525781 0.419792 0.525781 0.420833 0.526562 0.423958 0.526562 0.425 0.527344 0.428125 0.527344 0.429167 0.528125 0.430208 0.528125 0.43125 0.528906 0.433333 0.528906 0.434375 0.529687 0.4375 0.529687 0.438542 0.530469 0.442708 0.530469 0.44375 0.53125 0.448958 0.53125 0.45 0.532031 0.479167 0.532031 0.480208 0.53125 0.486458 0.53125 0.4875 0.530469 0.49375 0.530469 0.494792 0.529687 0.498958 0.529687 0.5 0.528906 0.502083 0.528906 0.503125 0.528125 0.504167 0.528125 0.505208 0.527344 0.507292 0.527344 0.508333 0.526562 0.510417 0.526562 0.511458 0.525781 0.5125 0.525781 0.513542 0.525 0.515625 0.525 0.516667 0.524219 0.517708 0.524219 0.51875 0.523438 0.520833 0.523438 0.522917 0.521875 0.523958 0.521875 0.525 0.521094 0.526042 0.521094 0.527083 0.520312 0.528125 0.520312 0.53125 0.517969 0.532292 0.517969 0.536458 0.514844 0.5375 0.514844 0.542708 0.510937 0.54375 0.510937 0.54375 0.510156 0.546875 0.507812 0.547917 0.507812 0.547917 0.507031 0.552083 0.503906 0.552083 0.503125 0.553125 0.502344 0.553125 0.501562 0.554167 0.500781 0.554167 0.5 0.55625 0.498437 0.55625 0.496094 0.557292 0.495312 0.557292 0.494531 0.559375 0.492969 0.560417 0.492187 0.560417 0.489844 0.561458 0.489062 0.561458 0.4875 0.560417 0.486719 0.560417 0.4875 0.559375 0.488281 0.559375 0.492969 0.946743
0 0.363542 0.461719 0.363542 0.471094 0.364583 0.471875 0.364583 0.472656 0.365625 0.473437 0.365625 0.474219 0.366667 0.475 0.366667 0.475781 0.367708 0.476562 0.367708 0.477344 0.372917 0.48125 0.372917 0.482031 0.376042 0.484375 0.376042 0.485156 0.379167 0.4875 0.379167 0.488281 0.385417 0.492969 0.385417 0.49375 0.3875 0.495312 0.388542 0.495312 0.394792 0.5 0.395833 0.5 0.398958 0.502344 0.4 0.502344 0.402083 0.503906 0.403125 0.503906 0.404167 0.504687 0.405208 0.504687 0.407292 0.50625 0.408333 0.50625 0.409375 0.507031 0.410417 0.507031 0.411458 0.507812 0.4125 0.507812 0.413542 0.508594 0.414583 0.508594 0.415625 0.509375 0.416667 0.509375 0.417708 0.510156 0.419792 0.510156 0.420833 0.510937 0.422917 0.510937 0.423958 0.511719 0.425 0.511719 0.426042 0.5125 0.428125 0.5125 0.429167 0.513281 0.433333 0.513281 0.434375 0.514062 0.436458 0.514062 0.4375 0.514844 0.440625 0.514844 0.441667 0.515625 0.444792 0.515625 0.445833 0.516406 0.45625 0.516406 0.457292 0.517188 0.480208 0.517188 0.48125 0.516406 0.489583 0.516406 0.490625 0.515625 0.49375 0.515625 0.494792 0.514844 0.496875 0.514844 0.497917 0.514062 0.502083 0.514062 0.503125 0.513281 0.50625 0.513281 0.507292 0.5125 0.508333 0.5125 0.509375 0.511719 0.511458 0.511719 0.5125 0.510937 0.515625 0.510937 0.516667 0.510156 0.51875 0.510156 0.519792 0.509375 0.520833 0.509375 0.521875 0.508594 0.522917 0.508594 0.523958 0.507812 0.525 0.507812 0.526042 0.507031 0.527083 0.507031 0.529167 0.505469 0.530208 0.505469 0.53125 0.504687 0.532292 0.504687 0.533333 0.503906 0.534375 0.503906 0.536458 0.502344 0.5375 0.502344 0.540625 0.5 0.541667 0.5 0.541667 0.499219 0.54375 0.497656 0.544792 0.497656 0.551042 0.492969 0.551042 0.492187 0.555208 0.489062 0.555208 0.488281 0.557292 0.486719 0.557292 0.485937 0.558333 0.485156 0.558333 0.484375 0.559375 0.483594 0.559375 0.482812 0.560417 0.482031 0.560417 0.48125 0.557292 0.483594 0.55625 0.483594 0.555208 0.484375 0.555208 0.485156 0.553125 0.486719 0.552083 0.486719 0.546875 0.490625 0.545833 0.490625 0.540625 0.494531 0.539583 0.494531 0.536458 0.496875 0.534375 0.496875 0.53125 0.499219 0.530208 0.499219 0.529167 0.5 0.528125 0.5 0.526042 0.501562 0.523958 0.501562 0.522917 0.502344 0.520833 0.502344 0.519792 0.503125 0.51875 0.503125 0.517708 0.503906 0.516667 0.503906 0.515625 0.504687 0.514583 0.504687 0.513542 0.505469 0.510417 0.505469 0.509375 0.50625 0.508333 0.50625 0.507292 0.507031 0.504167 0.507031 0.503125 0.507812 0.498958 0.507812 0.497917 0.508594 0.49375 0.508594 0.492708 0.509375 0.489583 0.509375 0.488542 0.510156 0.484375 0.510156 0.483333 0.510937 0.460417 0.510937 0.459375 0.510156 0.455208 0.510156 0.454167 0.509375 0.45 0.509375 0.448958 0.508594 0.441667 0.508594 0.440625 0.507812 0.435417 0.507812 0.434375 0.507031 0.432292 0.507031 0.43125 0.50625 0.428125 0.50625 0.427083 0.505469 0.425 0.505469 0.423958 0.504687 0.422917 0.504687 0.421875 0.503906 0.420833 0.503906 0.419792 0.503125 0.41875 0.503125 0.417708 0.502344 0.415625 0.502344 0.414583 0.501562 0.413542 0.501562 0.4125 0.500781 0.411458 0.500781 0.410417 0.5 0.409375 0.5 0.408333 0.499219 0.407292 0.499219 0.40625 0.498437 0.405208 0.498437 0.402083 0.496094 0.401042 0.496094 0.398958 0.494531 0.397917 0.494531 0.396875 0.49375 0.395833 0.49375 0.39375 0.492187 0.392708 0.492187 0.3875 0.488281 0.386458 0.488281 0.376042 0.480469 0.376042 0.479687 0.375 0.479687 0.372917 0.478125 0.372917 0.476562 0.371875 0.475781 0.371875 0.475 0.370833 0.474219 0.370833 0.473437 0.369792 0.472656 0.369792 0.471875 0.36875 0.471094 0.36875 0.467969 0.367708 0.467187 0.367708 0.465625 0.366667 0.464844 0.366667 0.464062 0.365625 0.463281 0.365625 0.461719 0.944286
0 0.39375 0.517969 0.39375 0.516406 0.391667 0.516406 0.391667 0.517188 0.392708 0.517969 0.39375 0.517969 0.395833 0.519531 0.395833 0.520312 0.396875 0.521094 0.398958 0.521094 0.4 0.521875 0.4 0.522656 0.401042 0.523438 0.402083 0.523438 0.403125 0.524219 0.404167 0.524219 0.407292 0.526562 0.408333 0.526562 0.409375 0.527344 0.410417 0.527344 0.413542 0.529687 0.415625 0.529687 0.416667 0.530469 0.417708 0.530469 0.41875 0.53125 0.419792 0.53125 0.421875 0.532812 0.423958 0.532812 0.425 0.533594 0.427083 0.533594 0.428125 0.534375 0.429167 0.534375 0.430208 0.535156 0.432292 0.535156 0.433333 0.535937 0.436458 0.535937 0.4375 0.536719 0.441667 0.536719 0.442708 0.5375 0.445833 0.5375 0.446875 0.538281 0.451042 0.538281 0.452083 0.539062 0.458333 0.539062 0.459375 0.539844 0.48125 0.539844 0.482292 0.539062 0.4875 0.539062 0.488542 0.538281 0.491667 0.538281 0.492708 0.5375 0.497917 0.5375 0.498958 0.536719 0.502083 0.536719 0.503125 0.535937 0.505208 0.535937 0.50625 0.535156 0.507292 0.535156 0.508333 0.534375 0.510417 0.534375 0.511458 0.533594 0.513542 0.533594 0.514583 0.532812 0.516667 0.532812 0.517708 0.532031 0.51875 0.532031 0.519792 0.53125 0.521875 0.53125 0.522917 0.530469 0.523958 0.530469 0.525 0.529687 0.526042 0.529687 0.528125 0.528125 0.529167 0.528125 0.530208 0.527344 0.53125 0.527344 0.532292 0.526562 0.533333 0.526562 0.534375 0.525781 0.535417 0.525781 0.536458 0.525 0.5375 0.525 0.538542 0.524219 0.539583 0.524219 0.542708 0.521875 0.54375 0.521875 0.552083 0.515625 0.552083 0.514844 0.555208 0.5125 0.555208 0.511719 0.557292 0.510156 0.557292 0.509375 0.558333 0.508594 0.558333 0.507812 0.559375 0.507031 0.559375 0.50625 0.561458 0.504687 0.561458 0.503906 0.5625 0.503125 0.5625 0.501562 0.563542 0.500781 0.563542 0.499219 0.564583 0.498437 0.564583 0.496875 0.565625 0.496094 0.565625 0.492969 0.566667 0.492187 0.566667 0.489062 0.567708 0.488281 0.567708 0.477344 0.564583 0.479687 0.564583 0.484375 0.563542 0.485156 0.563542 0.4875 0.5625 0.488281 0.5625 0.489844 0.561458 0.490625 0.561458 0.491406 0.560417 0.492187 0.560417 0.49375 0.559375 0.494531 0.559375 0.496094 0.558333 0.496875 0.558333 0.497656 0.557292 0.498437 0.557292 0.499219 0.55625 0.5 0.55625 0.500781 0.555208 0.501562 0.555208 0.502344 0.553125 0.503906 0.553125 0.504687 0.542708 0.5125 0.541667 0.5125 0.536458 0.516406 0.535417 0.516406 0.53125 0.519531 0.530208 0.519531 0.528125 0.521094 0.527083 0.521094 0.525 0.522656 0.523958 0.522656 0.522917 0.523438 0.521875 0.523438 0.520833 0.524219 0.519792 0.524219 0.51875 0.525 0.516667 0.525 0.515625 0.525781 0.514583 0.525781 0.513542 0.526562 0.5125 0.526562 0.511458 0.527344 0.509375 0.527344 0.508333 0.528125 0.50625 0.528125 0.505208 0.528906 0.503125 0.528906 0.502083 0.529687 0.5 0.529687 0.498958 0.530469 0.495833 0.530469 0.494792 0.53125 0.488542 0.53125 0.4875 0.532031 0.48125 0.532031 0.480208 0.532812 0.473958 0.532812 0.472917 0.533594 0.45625 0.533594 0.455208 0.532812 0.448958 0.532812 0.447917 0.532031 0.441667 0.532031 0.440625 0.53125 0.436458 0.53125 0.435417 0.530469 0.433333 0.530469 0.432292 0.529687 0.430208 0.529687 0.429167 0.528906 0.426042 0.528906 0.425 0.528125 0.422917 0.528125 0.421875 0.527344 0.420833 0.527344 0.419792 0.526562 0.417708 0.526562 0.416667 0.525781 0.414583 0.525781 0.413542 0.525 0.411458 0.525 0.410417 0.524219 0.409375 0.524219 0.408333 0.523438 0.407292 0.523438 0.40625 0.522656 0.404167 0.522656 0.403125 0.521875 0.402083 0.521875 0.398958 0.519531 0.397917 0.519531 0.396875 0.51875 0.395833 0.519531 0.94261
0 0.363542 0.442969 0.363542 0.447656 0.364583 0.448437 0.364583 0.449219 0.365625 0.45 0.365625 0.450781 0.366667 0.451562 0.366667 0.452344 0.367708 0.453125 0.367708 0.455469 0.36875 0.45625 0.36875 0.457031 0.369792 0.457031 0.371875 0.458594 0.371875 0.460937 0.372917 0.461719 0.373958 0.461719 0.375 0.4625 0.375 0.463281 0.376042 0.464062 0.376042 0.464844 0.377083 0.465625 0.377083 0.466406 0.380208 0.46875 0.380208 0.469531 0.38125 0.470312 0.382292 0.470312 0.383333 0.471094 0.384375 0.471094 0.3875 0.473437 0.389583 0.473437 0.392708 0.475781 0.392708 0.476562 0.394792 0.476562 0.398958 0.479687 0.4 0.479687 0.401042 0.480469 0.402083 0.480469 0.404167 0.482031 0.40625 0.482031 0.407292 0.482812 0.408333 0.482812 0.411458 0.485156 0.413542 0.485156 0.414583 0.485937 0.416667 0.485937 0.419792 0.488281 0.422917 0.488281 0.423958 0.489062 0.427083 0.489062 0.428125 0.489844 0.429167 0.489844 0.430208 0.490625 0.43125 0.490625 0.432292 0.491406 0.435417 0.491406 0.436458 0.492187 0.441667 0.492187 0.442708 0.492969 0.447917 0.492969 0.448958 0.49375 0.452083 0.49375 0.453125 0.494531 0.45625 0.494531 0.457292 0.495312 0.471875 0.495312 0.472917 0.496094 0.478125 0.496094 0.479167 0.495312 0.485417 0.495312 0.486458 0.494531 0.489583 0.494531 0.490625 0.49375 0.492708 0.49375 0.49375 0.492969 0.496875 0.492969 0.497917 0.492187 0.503125 0.492187 0.504167 0.491406 0.50625 0.491406 0.507292 0.490625 0.509375 0.490625 0.510417 0.489844 0.511458 0.489844 0.5125 0.489062 0.514583 0.489062 0.515625 0.488281 0.517708 0.488281 0.51875 0.4875 0.519792 0.4875 0.520833 0.486719 0.522917 0.486719 0.523958 0.485937 0.526042 0.485937 0.528125 0.484375 0.529167 0.484375 0.530208 0.483594 0.53125 0.483594 0.532292 0.482812 0.533333 0.482812 0.534375 0.482031 0.535417 0.482031 0.5375 0.480469 0.538542 0.480469 0.539583 0.479687 0.540625 0.479687 0.541667 0.478906 0.542708 0.478906 0.544792 0.477344 0.545833 0.477344 0.546875 0.476562 0.547917 0.476562 0.547917 0.475781 0.55 0.474219 0.551042 0.474219 0.557292 0.469531 0.557292 0.46875 0.558333 0.467969 0.559375 0.467969 0.560417 0.467187 0.560417 0.466406 0.561458 0.465625 0.561458 0.464844 0.564583 0.4625 0.564583 0.461719 0.565625 0.460937 0.565625 0.460156 0.567708 0.458594 0.567708 0.457812 0.56875 0.457031 0.56875 0.45625 0.569792 0.455469 0.569792 0.454687 0.571875 0.453125 0.571875 0.450781 0.572917 0.45 0.572917 0.442969 0.571875 0.442969 0.571875 0.445312 0.570833 0.446094 0.570833 0.45 0.569792 0.450781 0.569792 0.451562 0.567708 0.453125 0.567708 0.453906 0.566667 0.454687 0.566667 0.455469 0.565625 0.45625 0.564583 0.45625 0.563542 0.457031 0.563542 0.458594 0.561458 0.460156 0.560417 0.460156 0.559375 0.460937 0.559375 0.461719 0.557292 0.463281 0.55625 0.463281 0.555208 0.464062 0.555208 0.464844 0.553125 0.466406 0.552083 0.466406 0.544792 0.471875 0.54375 0.471875 0.542708 0.472656 0.540625 0.472656 0.536458 0.475781 0.534375 0.475781 0.533333 0.476562 0.532292 0.476562 0.530208 0.478125 0.529167 0.478125 0.528125 0.478906 0.526042 0.478906 0.525 0.479687 0.523958 0.479687 0.522917 0.480469 0.521875 0.480469 0.519792 0.482031 0.515625 0.482031 0.514583 0.482812 0.513542 0.482812 0.511458 0.484375 0.510417 0.484375 0.509375 0.485156 0.501042 0.485156 0.5 0.485937 0.498958 0.485937 0.497917 0.486719 0.495833 0.486719 0.494792 0.4875 0.489583 0.4875 0.488542 0.488281 0.453125 0.488281 0.452083 0.4875 0.446875 0.4875 0.445833 0.486719 0.442708 0.486719 0.441667 0.485937 0.440625 0.485937 0.439583 0.485156 0.43125 0.485156 0.430208 0.484375 0.428125 0.484375 0.426042 0.482812 0.425 0.482812 0.423958 0.482031 0.419792 0.482031 0.41875 0.48125 0.416667 0.48125 0.414583 0.479687 0.413542 0.479687 0.4125 0.478906 0.409375 0.478906 0.40625 0.476562 0.405208 0.476562 0.404167 0.475781 0.403125 0.475781 0.401042 0.474219 0.4 0.474219 0.398958 0.473437 0.397917 0.473437 0.396875 0.472656 0.395833 0.472656 0.392708 0.470312 0.390625 0.470312 0.383333 0.464844 0.382292 0.464844 0.38125 0.464062 0.38125 0.463281 0.380208 0.4625 0.379167 0.4625 0.378125 0.461719 0.378125 0.460937 0.376042 0.459375 0.376042 0.458594 0.375 0.457812 0.373958 0.457812 0.372917 0.457031 0.372917 0.453906 0.370833 0.452344 0.370833 0.451562 0.36875 0.45 0.36875 0.447656 0.367708 0.446875 0.367708 0.446094 0.366667 0.446094 0.365625 0.445312 0.365625 0.444531 0.364583 0.44375 0.364583 0.442969 0.937174
0 0.563542 0.420312 0.563542 0.420312 0.560417 0.422656 0.555208 0.422656 0.553125 0.424219 0.552083 0.424219 0.551042 0.425 0.55 0.425 0.548958 0.425781 0.546875 0.425781 0.544792 0.427344 0.54375 0.427344 0.542708 0.428125 0.540625 0.428125 0.539583 0.428906 0.5375 0.428906 0.536458 0.429688 0.535417 0.429688 0.533333 0.43125 0.53125 0.43125 0.530208 0.432031 0.527083 0.432031 0.526042 0.432812 0.525 0.432812 0.523958 0.433594 0.521875 0.433594 0.520833 0.434375 0.517708 0.434375 0.516667 0.435156 0.5125 0.435156 0.511458 0.435937 0.508333 0.435937 0.507292 0.436719 0.502083 0.436719 0.501042 0.4375 0.464583 0.4375 0.463542 0.436719 0.45625 0.436719 0.455208 0.435937 0.45 0.435937 0.448958 0.435156 0.44375 0.435156 0.442708 0.434375 0.438542 0.434375 0.4375 0.433594 0.434375 0.433594 0.433333 0.432812 0.43125 0.432812 0.430208 0.432031 0.427083 0.432031 0.426042 0.43125 0.423958 0.43125 0.422917 0.430469 0.421875 0.430469 0.420833 0.429688 0.41875 0.429688 0.417708 0.428906 0.416667 0.428906 0.415625 0.428125 0.413542 0.428125 0.4125 0.427344 0.411458 0.427344 0.410417 0.426562 0.409375 0.426562 0.408333 0.425781 0.407292 0.425781 0.405208 0.424219 0.404167 0.424219 0.403125 0.423437 0.402083 0.423437 0.401042 0.422656 0.4 0.422656 0.397917 0.421094 0.396875 0.421094 0.394792 0.419531 0.39375 0.419531 0.392708 0.41875 0.391667 0.41875 0.388542 0.416406 0.3875 0.416406 0.38125 0.411719 0.38125 0.410937 0.372917 0.404687 0.372917 0.403906 0.369792 0.401562 0.369792 0.400781 0.36875 0.4 0.36875 0.399219 0.366667 0.397656 0.366667 0.396875 0.365625 0.396094 0.365625 0.395312 0.364583 0.394531 0.364583 0.392969 0.363542 0.392187 0.363542 0.391406 0.3625 0.390625 0.3625 0.389062 0.361458 0.388281 0.361458 0.3875 0.360417 0.386719 0.360417 0.383594 0.359375 0.382812 0.359375 0.377344 0.358333 0.376562 0.358333 0.372656 0.357292 0.371875 0.357292 0.361719 0.358333 0.360937 0.358333 0.35625 0.359375 0.354687 0.359375 0.353125 0.359375 0.354687 0.358333 0.35625 0.355208 0.35625 0.355208 0.357812 0.354167 0.358594 0.354167 0.361719 0.353125 0.3625 0.353125 0.364844 0.352083 0.365625 0.352083 0.367188 0.351042 0.367969 0.351042 0.369531 0.35 0.370312 0.35 0.382031 0.351042 0.382812 0.351042 0.385937 0.352083 0.386719 0.352083 0.389062 0.353125 0.389844 0.353125 0.390625 0.354167 0.391406 0.354167 0.392187 0.35625 0.39375 0.35625 0.394531 0.357292 0.395312 0.357292 0.396094 0.358333 0.396875 0.358333 0.399219 0.359375 0.4 0.359375 0.401562 0.360417 0.402344 0.360417 0.403125 0.361458 0.403906 0.361458 0.405469 0.3625 0.40625 0.3625 0.407031 0.364583 0.408594 0.364583 0.409375 0.365625 0.410156 0.365625 0.410937 0.36875 0.413281 0.36875 0.414062 0.371875 0.416406 0.371875 0.417187 0.372917 0.417187 0.375 0.41875 0.375 0.419531 0.380208 0.423437 0.38125 0.423437 0.386458 0.427344 0.3875 0.427344 0.390625 0.429688 0.391667 0.429688 0.39375 0.43125 0.394792 0.43125 0.395833 0.432031 0.396875 0.432031 0.397917 0.432812 0.398958 0.432812 0.4 0.433594 0.401042 0.433594 0.402083 0.434375 0.403125 0.434375 0.405208 0.435937 0.40625 0.435937 0.407292 0.436719 0.409375 0.436719 0.410417 0.4375 0.411458 0.4375 0.4125 0.438281 0.413542 0.438281 0.414583 0.439062 0.416667 0.439062 0.417708 0.439844 0.420833 0.439844 0.421875 0.440625 0.423958 0.440625 0.425 0.441406 0.426042 0.441406 0.427083 0.442187 0.428125 0.442187 0.429167 0.442969 0.434375 0.442969 0.435417 0.44375 0.439583 0.44375 0.440625 0.444531 0.44375 0.444531 0.444792 0.445312 0.454167 0.445312 0.455208 0.446094 0.483333 0.446094 0.484375 0.445312 0.492708 0.445312 0.49375 0.444531 0.497917 0.444531 0.498958 0.44375 0.503125 0.44375 0.504167 0.442969 0.509375 0.442969 0.510417 0.442187 0.5125 0.442187 0.513542 0.441406 0.514583 0.441406 0.515625 0.440625 0.51875 0.440625 0.519792 0.439844 0.521875 0.439844 0.522917 0.439062 0.525 0.439062 0.527083 0.4375 0.529167 0.4375 0.530208 0.436719 0.532292 0.436719 0.533333 0.435937 0.534375 0.435937 0.535417 0.435156 0.536458 0.435156 0.5375 0.434375 0.539583 0.434375 0.541667 0.432812 0.542708 0.432812 0.544792 0.43125 0.545833 0.43125 0.546875 0.430469 0.547917 0.430469 0.551042 0.428125 0.552083 0.428125 0.558333 0.423437 0.559375 0.423437 0.560417 0.422656 0.930223
0 0.35625 0.414844 0.357292 0.414062 0.357292 0.413281 0.35625 0.4125 0.35625 0.410937 0.35625 0.414844 0.359375 0.417187 0.359375 0.419531 0.3625 0.421875 0.3625 0.423437 0.363542 0.424219 0.363542 0.425 0.364583 0.425781 0.364583 0.426562 0.365625 0.427344 0.365625 0.428125 0.367708 0.429688 0.367708 0.430469 0.369792 0.432031 0.369792 0.432812 0.373958 0.435937 0.373958 0.436719 0.375 0.436719 0.380208 0.440625 0.38125 0.440625 0.382292 0.441406 0.382292 0.442187 0.388542 0.446875 0.389583 0.446875 0.392708 0.449219 0.39375 0.449219 0.394792 0.45 0.395833 0.45 0.396875 0.450781 0.397917 0.450781 0.4 0.452344 0.402083 0.452344 0.403125 0.453125 0.404167 0.453125 0.405208 0.453906 0.40625 0.453906 0.407292 0.454687 0.408333 0.454687 0.409375 0.455469 0.410417 0.455469 0.411458 0.45625 0.413542 0.45625 0.414583 0.457031 0.415625 0.457031 0.416667 0.457812 0.41875 0.457812 0.419792 0.458594 0.421875 0.458594 0.422917 0.459375 0.425 0.459375 0.426042 0.460156 0.429167 0.460156 0.430208 0.460937 0.433333 0.460937 0.434375 0.461719 0.436458 0.461719 0.4375 0.4625 0.440625 0.4625 0.441667 0.463281 0.49375 0.463281 0.494792 0.4625 0.498958 0.4625 0.5 0.461719 0.502083 0.461719 0.503125 0.460937 0.505208 0.460937 0.50625 0.460156 0.510417 0.460156 0.511458 0.459375 0.513542 0.459375 0.514583 0.458594 0.516667 0.458594 0.517708 0.457812 0.51875 0.457812 0.519792 0.457031 0.522917 0.457031 0.523958 0.45625 0.526042 0.45625 0.527083 0.455469 0.528125 0.455469 0.530208 0.453906 0.532292 0.453906 0.533333 0.453125 0.534375 0.453125 0.535417 0.452344 0.536458 0.452344 0.5375 0.453125 0.538542 0.453125 0.539583 0.453906 0.542708 0.453906 0.54375 0.453125 0.54375 0.452344 0.544792 0.451562 0.544792 0.450781 0.547917 0.448437 0.552083 0.448437 0.557292 0.444531 0.557292 0.44375 0.560417 0.441406 0.560417 0.439062 0.5625 0.4375 0.563542 0.4375 0.564583 0.436719 0.564583 0.435937 0.565625 0.435156 0.565625 0.434375 0.567708 0.432812 0.567708 0.432031 0.56875 0.43125 0.56875 0.430469 0.569792 0.429688 0.569792 0.428906 0.571875 0.427344 0.571875 0.426562 0.572917 0.425781 0.572917 0.425 0.573958 0.424219 0.573958 0.422656 0.576042 0.421094 0.576042 0.420312 0.577083 0.419531 0.577083 0.417969 0.578125 0.417187 0.578125 0.414844 0.579167 0.414062 0.579167 0.411719 0.580208 0.410937 0.580208 0.407812 0.580208 0.409375 0.578125 0.410937 0.577083 0.410937 0.576042 0.411719 0.576042 0.4125 0.571875 0.415625 0.571875 0.416406 0.570833 0.417187 0.570833 0.417969 0.567708 0.420312 0.567708 0.421094 0.560417 0.426562 0.560417 0.427344 0.547917 0.436719 0.546875 0.436719 0.544792 0.438281 0.54375 0.438281 0.540625 0.440625 0.539583 0.440625 0.5375 0.442187 0.536458 0.442187 0.535417 0.442969 0.534375 0.442969 0.533333 0.44375 0.532292 0.44375 0.53125 0.444531 0.530208 0.444531 0.529167 0.445312 0.528125 0.445312 0.527083 0.446094 0.526042 0.446094 0.525 0.446875 0.523958 0.446875 0.522917 0.447656 0.519792 0.447656 0.51875 0.448437 0.517708 0.448437 0.516667 0.449219 0.513542 0.449219 0.5125 0.45 0.510417 0.45 0.509375 0.450781 0.50625 0.450781 0.505208 0.451562 0.502083 0.451562 0.501042 0.452344 0.497917 0.452344 0.496875 0.453125 0.492708 0.453125 0.491667 0.453906 0.484375 0.453906 0.483333 0.454687 0.470833 0.454687 0.469792 0.455469 0.465625 0.455469 0.464583 0.454687 0.453125 0.454687 0.452083 0.453906 0.445833 0.453906 0.444792 0.453125 0.438542 0.453125 0.4375 0.452344 0.432292 0.452344 0.43125 0.451562 0.429167 0.451562 0.428125 0.450781 0.426042 0.450781 0.425 0.45 0.421875 0.45 0.420833 0.449219 0.41875 0.449219 0.417708 0.448437 0.416667 0.448437 0.415625 0.447656 0.413542 0.447656 0.4125 0.446875 0.411458 0.446875 0.410417 0.446094 0.408333 0.446094 0.407292 0.445312 0.40625 0.445312 0.405208 0.444531 0.404167 0.444531 0.403125 0.44375 0.401042 0.44375 0.398958 0.442187 0.397917 0.442187 0.396875 0.441406 0.395833 0.441406 0.39375 0.439844 0.392708 0.439844 0.390625 0.438281 0.389583 0.438281 0.388542 0.4375 0.3875 0.4375 0.385417 0.435937 0.384375 0.435937 0.38125 0.433594 0.380208 0.433594 0.379167 0.432812 0.379167 0.432031 0.377083 0.430469 0.376042 0.430469 0.375 0.429688 0.375 0.428906 0.371875 0.426562 0.370833 0.426562 0.369792 0.425781 0.369792 0.425 0.367708 0.423437 0.366667 0.423437 0.364583 0.421875 0.364583 0.421094 0.363542 0.420312 0.3625 0.420312 0.360417 0.41875 0.360417 0.417969 0.359375 0.417187 0.923992
0 0.542708 0.573437 0.54375 0.573437 0.54375 0.572656 0.542708 0.572656 0.542708 0.573437 0.540625 0.575781 0.5375 0.575781 0.535417 0.577344 0.534375 0.577344 0.532292 0.578906 0.53125 0.578906 0.529167 0.580469 0.528125 0.580469 0.527083 0.58125 0.526042 0.58125 0.523958 0.582812 0.522917 0.582812 0.521875 0.583594 0.520833 0.583594 0.51875 0.585156 0.516667 0.585156 0.515625 0.585938 0.514583 0.585938 0.5125 0.5875 0.511458 0.5875 0.510417 0.588281 0.509375 0.588281 0.508333 0.589062 0.505208 0.589062 0.504167 0.589844 0.502083 0.589844 0.501042 0.590625 0.498958 0.590625 0.497917 0.591406 0.494792 0.591406 0.49375 0.592187 0.486458 0.592187 0.485417 0.592969 0.478125 0.592969 0.477083 0.59375 0.463542 0.59375 0.4625 0.592969 0.457292 0.592969 0.45625 0.592187 0.446875 0.592187 0.445833 0.591406 0.442708 0.591406 0.441667 0.590625 0.439583 0.590625 0.438542 0.589844 0.4375 0.589844 0.436458 0.589062 0.433333 0.589062 0.432292 0.588281 0.430208 0.588281 0.429167 0.5875 0.428125 0.5875 0.427083 0.586719 0.425 0.586719 0.423958 0.585938 0.422917 0.585938 0.421875 0.585156 0.420833 0.585156 0.41875 0.583594 0.417708 0.583594 0.415625 0.582031 0.414583 0.582031 0.413542 0.58125 0.4125 0.58125 0.410417 0.579687 0.409375 0.579687 0.407292 0.578125 0.40625 0.578125 0.402083 0.575 0.401042 0.575 0.398958 0.573437 0.398958 0.572656 0.397917 0.572656 0.394792 0.570312 0.394792 0.569531 0.391667 0.567187 0.391667 0.566406 0.389583 0.564844 0.389583 0.564062 0.386458 0.561719 0.386458 0.560937 0.385417 0.560156 0.385417 0.559375 0.384375 0.558594 0.384375 0.557812 0.383333 0.557031 0.383333 0.55625 0.382292 0.555469 0.382292 0.553906 0.38125 0.553125 0.38125 0.552344 0.380208 0.552344 0.379167 0.553125 0.379167 0.557031 0.380208 0.557812 0.380208 0.559375 0.382292 0.560937 0.382292 0.561719 0.383333 0.5625 0.383333 0.564062 0.384375 0.564844 0.384375 0.565625 0.386458 0.567187 0.386458 0.567969 0.3875 0.56875 0.3875 0.569531 0.388542 0.570312 0.388542 0.571094 0.390625 0.572656 0.390625 0.573437 0.39375 0.575781 0.39375 0.576562 0.403125 0.583594 0.404167 0.583594 0.407292 0.585938 0.408333 0.585938 0.409375 0.586719 0.410417 0.586719 0.4125 0.588281 0.413542 0.588281 0.414583 0.589062 0.415625 0.589062 0.417708 0.590625 0.41875 0.590625 0.419792 0.591406 0.420833 0.591406 0.421875 0.592187 0.422917 0.592187 0.423958 0.592969 0.425 0.592969 0.426042 0.59375 0.427083 0.59375 0.428125 0.594531 0.430208 0.594531 0.43125 0.595312 0.433333 0.595312 0.434375 0.596094 0.4375 0.596094 0.438542 0.596875 0.441667 0.596875 0.442708 0.597656 0.445833 0.597656 0.446875 0.598437 0.452083 0.598437 0.453125 0.599219 0.484375 0.599219 0.485417 0.598437 0.488542 0.598437 0.489583 0.597656 0.491667 0.597656 0.492708 0.596875 0.495833 0.596875 0.496875 0.596094 0.498958 0.596094 0.5 0.595312 0.503125 0.595312 0.504167 0.594531 0.50625 0.594531 0.507292 0.59375 0.509375 0.59375 0.510417 0.592969 0.511458 0.592969 0.5125 0.592187 0.513542 0.592187 0.515625 0.590625 0.516667 0.590625 0.517708 0.589844 0.51875 0.589844 0.519792 0.589062 0.520833 0.589062 0.523958 0.586719 0.525 0.586719 0.526042 0.585938 0.527083 0.585938 0.530208 0.583594 0.53125 0.583594 0.5375 0.578906 0.5375 0.578125 0.540625 0.575781 0.921894
0 0.380208 0.514844 0.380208 0.519531 0.383333 0.521875 0.383333 0.522656 0.384375 0.523438 0.384375 0.524219 0.3875 0.526562 0.3875 0.527344 0.392708 0.53125 0.392708 0.532031 0.402083 0.539062 0.403125 0.539062 0.405208 0.540625 0.40625 0.540625 0.408333 0.542187 0.410417 0.542187 0.413542 0.544531 0.414583 0.544531 0.415625 0.545312 0.416667 0.545312 0.417708 0.546094 0.41875 0.546094 0.419792 0.546875 0.420833 0.546875 0.421875 0.547656 0.422917 0.547656 0.423958 0.548437 0.426042 0.548437 0.427083 0.549219 0.428125 0.549219 0.429167 0.55 0.430208 0.55 0.43125 0.550781 0.433333 0.550781 0.434375 0.551562 0.436458 0.551562 0.4375 0.552344 0.439583 0.552344 0.440625 0.553125 0.444792 0.553125 0.445833 0.553906 0.451042 0.553906 0.452083 0.554688 0.459375 0.554688 0.460417 0.555469 0.472917 0.555469 0.473958 0.554688 0.483333 0.554688 0.484375 0.553906 0.489583 0.553906 0.490625 0.553125 0.495833 0.553125 0.496875 0.552344 0.5 0.552344 0.501042 0.551562 0.503125 0.551562 0.504167 0.550781 0.50625 0.550781 0.507292 0.55 0.509375 0.55 0.510417 0.549219 0.511458 0.549219 0.5125 0.548437 0.514583 0.548437 0.515625 0.547656 0.517708 0.547656 0.51875 0.546875 0.519792 0.546875 0.520833 0.546094 0.521875 0.546094 0.522917 0.545312 0.523958 0.545312 0.526042 0.54375 0.527083 0.54375 0.529167 0.542187 0.530208 0.542187 0.533333 0.539844 0.534375 0.539844 0.538542 0.536719 0.539583 0.536719 0.553125 0.526562 0.553125 0.525781 0.55625 0.523438 0.55625 0.522656 0.557292 0.521875 0.557292 0.521094 0.558333 0.520312 0.558333 0.519531 0.559375 0.51875 0.559375 0.517969 0.560417 0.517188 0.560417 0.514844 0.561458 0.514062 0.561458 0.511719 0.560417 0.510937 0.560417 0.511719 0.559375 0.5125 0.559375 0.514062 0.558333 0.514844 0.558333 0.515625 0.555208 0.517969 0.555208 0.51875 0.553125 0.520312 0.553125 0.521094 0.55 0.523438 0.55 0.524219 0.54375 0.528906 0.542708 0.528906 0.539583 0.53125 0.538542 0.53125 0.535417 0.533594 0.534375 0.533594 0.532292 0.535156 0.53125 0.535156 0.529167 0.536719 0.528125 0.536719 0.527083 0.5375 0.526042 0.5375 0.525 0.538281 0.523958 0.538281 0.522917 0.539062 0.521875 0.539062 0.520833 0.539844 0.519792 0.539844 0.51875 0.540625 0.517708 0.540625 0.516667 0.541406 0.515625 0.541406 0.514583 0.542187 0.513542 0.542187 0.5125 0.542969 0.511458 0.542969 0.510417 0.54375 0.507292 0.54375 0.50625 0.544531 0.503125 0.544531 0.502083 0.545312 0.5 0.545312 0.498958 0.546094 0.495833 0.546094 0.494792 0.546875 0.488542 0.546875 0.4875 0.547656 0.483333 0.547656 0.482292 0.548437 0.469792 0.548437 0.46875 0.549219 0.467708 0.548437 0.457292 0.548437 0.45625 0.547656 0.451042 0.547656 0.45 0.546875 0.444792 0.546875 0.44375 0.546094 0.439583 0.546094 0.438542 0.545312 0.436458 0.545312 0.435417 0.544531 0.433333 0.544531 0.432292 0.54375 0.430208 0.54375 0.429167 0.542969 0.427083 0.542969 0.426042 0.542187 0.425 0.542187 0.423958 0.541406 0.422917 0.541406 0.421875 0.540625 0.420833 0.540625 0.419792 0.539844 0.41875 0.539844 0.417708 0.539062 0.416667 0.539062 0.415625 0.538281 0.414583 0.538281 0.413542 0.5375 0.4125 0.5375 0.411458 0.536719 0.410417 0.536719 0.408333 0.535156 0.407292 0.535156 0.405208 0.533594 0.404167 0.533594 0.401042 0.53125 0.4 0.53125 0.392708 0.525781 0.391667 0.525781 0.389583 0.524219 0.389583 0.523438 0.388542 0.522656 0.3875 0.522656 0.385417 0.521094 0.385417 0.520312 0.382292 0.517969 0.382292 0.517188 0.38125 0.516406 0.38125 0.515625 0.380208 0.514844 0.377083 0.511719 0.377083 0.510156 0.563542 0.510156 0.563542 0.505469 0.563542 0.510156 0.377083 0.510156 0.376042 0.509375 0.376042 0.507812 0.376042 0.510937 0.377083 0.511719 0.894397
0 0.5625 0.507031 0.561458 0.507031 0.560417 0.50625 0.560417 0.507031 0.559375 0.507812 0.559375 0.509375 0.558333 0.510156 0.557292 0.510156 0.555208 0.511719 0.555208 0.5125 0.551042 0.515625 0.551042 0.516406 0.545833 0.520312 0.544792 0.520312 0.540625 0.523438 0.539583 0.523438 0.5375 0.525 0.536458 0.525 0.535417 0.525781 0.534375 0.525781 0.532292 0.527344 0.53125 0.527344 0.530208 0.528125 0.529167 0.528125 0.528125 0.528906 0.527083 0.528906 0.526042 0.529687 0.525 0.529687 0.522917 0.53125 0.520833 0.53125 0.519792 0.532031 0.51875 0.532031 0.517708 0.532812 0.516667 0.532812 0.515625 0.533594 0.514583 0.533594 0.513542 0.534375 0.5125 0.534375 0.511458 0.535156 0.508333 0.535156 0.507292 0.535937 0.505208 0.535937 0.504167 0.536719 0.502083 0.536719 0.501042 0.5375 0.497917 0.5375 0.496875 0.538281 0.491667 0.538281 0.490625 0.539062 0.4875 0.539062 0.486458 0.539844 0.482292 0.539844 0.48125 0.540625 0.457292 0.540625 0.45625 0.539844 0.453125 0.539844 0.452083 0.539062 0.447917 0.539062 0.446875 0.538281 0.441667 0.538281 0.440625 0.5375 0.436458 0.5375 0.435417 0.536719 0.434375 0.536719 0.433333 0.535937 0.43125 0.535937 0.430208 0.535156 0.427083 0.535156 0.426042 0.534375 0.423958 0.534375 0.421875 0.532812 0.420833 0.532812 0.419792 0.532031 0.417708 0.532031 0.416667 0.53125 0.415625 0.53125 0.413542 0.529687 0.4125 0.529687 0.411458 0.528906 0.410417 0.528906 0.409375 0.528125 0.408333 0.528125 0.405208 0.525781 0.404167 0.525781 0.403125 0.525 0.402083 0.525 0.401042 0.524219 0.4 0.524219 0.396875 0.521875 0.395833 0.521875 0.39375 0.520312 0.39375 0.519531 0.392708 0.519531 0.38125 0.510937 0.38125 0.509375 0.380208 0.508594 0.380208 0.507812 0.379167 0.507812 0.377083 0.50625 0.377083 0.503906 0.376042 0.503125 0.376042 0.507031 0.379167 0.509375 0.379167 0.5125 0.380208 0.513281 0.380208 0.514062 0.38125 0.514844 0.38125 0.515625 0.383333 0.517188 0.383333 0.517969 0.386458 0.520312 0.386458 0.521094 0.389583 0.523438 0.390625 0.523438 0.398958 0.529687 0.4 0.529687 0.404167 0.532812 0.405208 0.532812 0.40625 0.533594 0.407292 0.533594 0.410417 0.535937 0.411458 0.535937 0.4125 0.536719 0.413542 0.536719 0.414583 0.5375 0.415625 0.5375 0.416667 0.538281 0.417708 0.538281 0.41875 0.539062 0.419792 0.539062 0.420833 0.539844 0.421875 0.539844 0.422917 0.540625 0.423958 0.540625 0.425 0.541406 0.426042 0.541406 0.427083 0.542187 0.429167 0.542187 0.430208 0.542969 0.432292 0.542969 0.433333 0.54375 0.434375 0.54375 0.435417 0.544531 0.4375 0.544531 0.438542 0.545312 0.442708 0.545312 0.44375 0.546094 0.45 0.546094 0.451042 0.546875 0.45625 0.546875 0.457292 0.547656 0.483333 0.547656 0.484375 0.546875 0.4875 0.546875 0.488542 0.546094 0.49375 0.546094 0.494792 0.545312 0.5 0.545312 0.501042 0.544531 0.503125 0.544531 0.504167 0.54375 0.505208 0.54375 0.50625 0.542969 0.509375 0.542969 0.510417 0.542187 0.5125 0.542187 0.513542 0.541406 0.514583 0.541406 0.515625 0.540625 0.516667 0.540625 0.517708 0.539844 0.51875 0.539844 0.519792 0.539062 0.521875 0.539062 0.522917 0.538281 0.523958 0.538281 0.525 0.5375 0.526042 0.5375 0.527083 0.536719 0.528125 0.536719 0.529167 0.535937 0.530208 0.535937 0.533333 0.533594 0.534375 0.533594 0.536458 0.532031 0.5375 0.532031 0.539583 0.530469 0.540625 0.530469 0.545833 0.526562 0.546875 0.526562 0.547917 0.525781 0.547917 0.525 0.55 0.523438 0.55 0.522656 0.553125 0.520312 0.553125 0.519531 0.55625 0.517188 0.55625 0.516406 0.558333 0.514844 0.558333 0.514062 0.560417 0.5125 0.560417 0.511719 0.561458 0.510937 0.561458 0.508594 0.5625 0.507812 0.5625 0.507031 0.563542 0.504687 0.563542 0.503125 0.564583 0.502344 0.564583 0.5 0.563542 0.500781 0.563542 0.504687 0.861284
0 0.447917 0.301562 0.446875 0.302344 0.441667 0.302344 0.440625 0.303125 0.4375 0.303125 0.436458 0.303906 0.435417 0.303906 0.434375 0.304688 0.43125 0.304688 0.430208 0.305469 0.428125 0.305469 0.427083 0.30625 0.425 0.30625 0.423958 0.307031 0.422917 0.307031 0.421875 0.307812 0.419792 0.307812 0.41875 0.308594 0.416667 0.308594 0.415625 0.309375 0.413542 0.309375 0.4125 0.310156 0.411458 0.310156 0.410417 0.310937 0.409375 0.310937 0.408333 0.311719 0.407292 0.311719 0.40625 0.3125 0.405208 0.3125 0.404167 0.313281 0.403125 0.313281 0.401042 0.314844 0.4 0.314844 0.397917 0.316406 0.396875 0.316406 0.395833 0.317187 0.394792 0.317187 0.391667 0.319531 0.390625 0.319531 0.3875 0.321875 0.386458 0.321875 0.372917 0.332031 0.372917 0.332812 0.371875 0.333594 0.371875 0.334375 0.369792 0.335938 0.369792 0.336719 0.366667 0.339062 0.366667 0.339844 0.365625 0.340625 0.365625 0.341406 0.364583 0.342187 0.364583 0.342969 0.363542 0.34375 0.363542 0.344531 0.3625 0.345312 0.3625 0.346094 0.361458 0.346875 0.361458 0.347656 0.360417 0.348437 0.360417 0.354687 0.359375 0.355469 0.359375 0.35625 0.358333 0.357031 0.358333 0.367969 0.359375 0.36875 0.359375 0.375 0.360417 0.375781 0.360417 0.38125 0.361458 0.382031 0.361458 0.384375 0.3625 0.385156 0.3625 0.386719 0.363542 0.3875 0.363542 0.389062 0.364583 0.389844 0.364583 0.391406 0.365625 0.392187 0.365625 0.392969 0.366667 0.39375 0.366667 0.395312 0.367708 0.396094 0.367708 0.396875 0.36875 0.397656 0.36875 0.398438 0.370833 0.4 0.370833 0.400781 0.373958 0.403125 0.373958 0.403906 0.38125 0.409375 0.38125 0.410156 0.390625 0.417187 0.391667 0.417187 0.39375 0.41875 0.394792 0.41875 0.395833 0.419531 0.396875 0.419531 0.398958 0.421094 0.4 0.421094 0.402083 0.422656 0.403125 0.422656 0.404167 0.423437 0.405208 0.423437 0.40625 0.424219 0.407292 0.424219 0.408333 0.425 0.409375 0.425 0.410417 0.425781 0.411458 0.425781 0.4125 0.426562 0.413542 0.426562 0.414583 0.427344 0.415625 0.427344 0.416667 0.428125 0.41875 0.428125 0.419792 0.428906 0.421875 0.428906 0.422917 0.429688 0.423958 0.429688 0.425 0.430469 0.427083 0.430469 0.428125 0.43125 0.430208 0.43125 0.43125 0.432031 0.434375 0.432031 0.435417 0.432812 0.439583 0.432812 0.440625 0.433594 0.444792 0.433594 0.445833 0.434375 0.45 0.434375 0.451042 0.435156 0.45625 0.435156 0.457292 0.435937 0.463542 0.435937 0.464583 0.436719 0.501042 0.436719 0.502083 0.435937 0.507292 0.435937 0.508333 0.435156 0.511458 0.435156 0.5125 0.434375 0.515625 0.434375 0.516667 0.433594 0.519792 0.433594 0.520833 0.432812 0.522917 0.432812 0.523958 0.432031 0.526042 0.432031 0.527083 0.43125 0.528125 0.43125 0.529167 0.430469 0.532292 0.430469 0.533333 0.429688 0.534375 0.429688 0.535417 0.428906 0.536458 0.428906 0.5375 0.428125 0.539583 0.428125 0.540625 0.427344 0.541667 0.427344 0.542708 0.426562 0.54375 0.426562 0.544792 0.425781 0.545833 0.425781 0.546875 0.425 0.548958 0.425 0.551042 0.423437 0.552083 0.423437 0.554167 0.421875 0.55625 0.421875 0.557292 0.421094 0.558333 0.421094 0.5625 0.417969 0.563542 0.417969 0.567708 0.414844 0.56875 0.414844 0.570833 0.413281 0.570833 0.4125 0.575 0.409375 0.575 0.408594 0.577083 0.407031 0.578125 0.407031 0.584375 0.402344 0.584375 0.401562 0.5875 0.399219 0.5875 0.398438 0.588542 0.397656 0.588542 0.396875 0.589583 0.396094 0.589583 0.394531 0.591667 0.392969 0.591667 0.392187 0.592708 0.391406 0.592708 0.389062 0.59375 0.388281 0.59375 0.385937 0.594792 0.385156 0.594792 0.382812 0.595833 0.382031 0.595833 0.379687 0.596875 0.378906 0.596875 0.375 0.597917 0.374219 0.597917 0.3625 0.596875 0.361719 0.596875 0.357031 0.595833 0.35625 0.595833 0.354687 0.594792 0.353906 0.594792 0.351562 0.59375 0.350781 0.59375 0.349219 0.592708 0.348437 0.592708 0.347656 0.591667 0.346875 0.591667 0.346094 0.589583 0.344531 0.589583 0.342969 0.588542 0.342187 0.588542 0.341406 0.586458 0.339844 0.586458 0.339062 0.584375 0.3375 0.584375 0.336719 0.58125 0.334375 0.58125 0.333594 0.579167 0.332031 0.579167 0.33125 0.567708 0.322656 0.566667 0.322656 0.563542 0.320312 0.5625 0.320312 0.559375 0.317969 0.558333 0.317969 0.55625 0.316406 0.555208 0.316406 0.553125 0.314844 0.552083 0.314844 0.551042 0.314062 0.55 0.314062 0.548958 0.313281 0.547917 0.313281 0.545833 0.311719 0.544792 0.311719 0.54375 0.310937 0.542708 0.310937 0.541667 0.310156 0.540625 0.310156 0.539583 0.309375 0.5375 0.309375 0.536458 0.308594 0.534375 0.308594 0.533333 0.307812 0.532292 0.307812 0.53125 0.307031 0.530208 0.307031 0.529167 0.30625 0.527083 0.30625 0.526042 0.305469 0.523958 0.305469 0.522917 0.304688 0.519792 0.304688 0.51875 0.303906 0.517708 0.303906 0.516667 0.303125 0.514583 0.303125 0.513542 0.302344 0.508333 0.302344 0.507292 0.301562 0.502015
0 0.364583 0.464062 0.364583 0.475 0.365625 0.475781 0.365625 0.478125 0.366667 0.478906 0.366667 0.482031 0.367708 0.482812 0.367708 0.484375 0.36875 0.485156 0.36875 0.485937 0.369792 0.486719 0.369792 0.4875 0.371875 0.489062 0.371875 0.489844 0.378125 0.494531 0.378125 0.495312 0.379167 0.496094 0.379167 0.496875 0.389583 0.504687 0.390625 0.504687 0.394792 0.507812 0.395833 0.507812 0.397917 0.509375 0.398958 0.509375 0.401042 0.510937 0.402083 0.510937 0.404167 0.5125 0.405208 0.5125 0.407292 0.514062 0.409375 0.514062 0.410417 0.514844 0.411458 0.514844 0.4125 0.515625 0.413542 0.515625 0.414583 0.516406 0.415625 0.516406 0.416667 0.517188 0.417708 0.517188 0.41875 0.517969 0.420833 0.517969 0.421875 0.51875 0.422917 0.51875 0.423958 0.519531 0.426042 0.519531 0.427083 0.520312 0.429167 0.520312 0.430208 0.521094 0.434375 0.521094 0.435417 0.521875 0.438542 0.521875 0.439583 0.522656 0.442708 0.522656 0.44375 0.523438 0.447917 0.523438 0.448958 0.524219 0.482292 0.524219 0.483333 0.523438 0.4875 0.523438 0.488542 0.522656 0.490625 0.522656 0.491667 0.521875 0.495833 0.521875 0.496875 0.521094 0.501042 0.521094 0.502083 0.520312 0.504167 0.520312 0.505208 0.519531 0.50625 0.519531 0.507292 0.51875 0.509375 0.51875 0.510417 0.517969 0.5125 0.517969 0.513542 0.517188 0.514583 0.517188 0.515625 0.516406 0.516667 0.516406 0.517708 0.515625 0.519792 0.515625 0.520833 0.514844 0.522917 0.514844 0.523958 0.514062 0.525 0.514062 0.526042 0.513281 0.527083 0.513281 0.528125 0.5125 0.529167 0.5125 0.530208 0.511719 0.53125 0.511719 0.534375 0.509375 0.535417 0.509375 0.536458 0.508594 0.5375 0.508594 0.545833 0.502344 0.545833 0.501562 0.547917 0.5 0.548958 0.5 0.554167 0.496094 0.554167 0.495312 0.55625 0.49375 0.55625 0.492969 0.557292 0.492187 0.557292 0.491406 0.55625 0.490625 0.555208 0.490625 0.54375 0.499219 0.542708 0.499219 0.538542 0.502344 0.5375 0.502344 0.536458 0.503125 0.535417 0.503125 0.534375 0.503906 0.533333 0.503906 0.53125 0.505469 0.530208 0.505469 0.528125 0.507031 0.527083 0.507031 0.526042 0.507812 0.525 0.507812 0.523958 0.508594 0.522917 0.508594 0.521875 0.509375 0.519792 0.509375 0.51875 0.510156 0.517708 0.510156 0.516667 0.510937 0.515625 0.510937 0.514583 0.511719 0.5125 0.511719 0.511458 0.5125 0.509375 0.5125 0.508333 0.513281 0.50625 0.513281 0.505208 0.514062 0.504167 0.514062 0.503125 0.514844 0.498958 0.514844 0.497917 0.515625 0.49375 0.515625 0.492708 0.516406 0.489583 0.516406 0.488542 0.517188 0.486458 0.517188 0.485417 0.517969 0.45 0.517969 0.448958 0.517188 0.445833 0.517188 0.444792 0.516406 0.441667 0.516406 0.440625 0.515625 0.4375 0.515625 0.436458 0.514844 0.433333 0.514844 0.432292 0.514062 0.429167 0.514062 0.428125 0.513281 0.425 0.513281 0.423958 0.5125 0.422917 0.5125 0.421875 0.511719 0.41875 0.511719 0.416667 0.510156 0.415625 0.510156 0.414583 0.509375 0.4125 0.509375 0.410417 0.507812 0.409375 0.507812 0.407292 0.50625 0.40625 0.50625 0.405208 0.505469 0.404167 0.505469 0.403125 0.504687 0.402083 0.504687 0.401042 0.503906 0.4 0.503906 0.394792 0.5 0.39375 0.5 0.378125 0.488281 0.378125 0.4875 0.377083 0.486719 0.377083 0.485937 0.373958 0.483594 0.373958 0.482031 0.372917 0.48125 0.372917 0.480469 0.371875 0.479687 0.371875 0.478906 0.370833 0.478125 0.370833 0.477344 0.369792 0.476562 0.369792 0.475 0.36875 0.474219 0.36875 0.472656 0.367708 0.471875 0.367708 0.46875 0.366667 0.467969 0.366667 0.466406 0.365625 0.465625 0.365625 0.464062 0.420642
0 0.55625 0.55 0.555208 0.55 0.555208 0.550781 0.554167 0.551562 0.554167 0.554688 0.553125 0.555469 0.553125 0.55625 0.55 0.558594 0.55 0.559375 0.548958 0.560156 0.547917 0.560156 0.547917 0.560937 0.536458 0.569531 0.535417 0.569531 0.53125 0.572656 0.530208 0.572656 0.527083 0.575 0.526042 0.575 0.525 0.575781 0.522917 0.575781 0.519792 0.578125 0.51875 0.578125 0.517708 0.578906 0.515625 0.578906 0.513542 0.580469 0.5125 0.580469 0.511458 0.58125 0.510417 0.58125 0.509375 0.582031 0.50625 0.582031 0.505208 0.582812 0.504167 0.582812 0.503125 0.583594 0.502083 0.583594 0.501042 0.584375 0.496875 0.584375 0.495833 0.585156 0.490625 0.585156 0.489583 0.585938 0.484375 0.585938 0.483333 0.586719 0.457292 0.586719 0.45625 0.585938 0.452083 0.585938 0.451042 0.585156 0.446875 0.585156 0.445833 0.584375 0.441667 0.584375 0.440625 0.583594 0.438542 0.583594 0.4375 0.582812 0.436458 0.582812 0.435417 0.582031 0.433333 0.582031 0.432292 0.58125 0.430208 0.58125 0.429167 0.580469 0.428125 0.580469 0.427083 0.579687 0.426042 0.579687 0.425 0.578906 0.423958 0.578906 0.422917 0.578125 0.421875 0.578125 0.420833 0.577344 0.419792 0.577344 0.41875 0.576562 0.417708 0.576562 0.416667 0.575781 0.415625 0.575781 0.414583 0.575 0.413542 0.575 0.409375 0.571875 0.408333 0.571875 0.403125 0.567969 0.402083 0.567969 0.4 0.566406 0.4 0.565625 0.39375 0.560937 0.39375 0.560156 0.392708 0.560156 0.389583 0.557812 0.389583 0.557031 0.388542 0.55625 0.3875 0.55625 0.386458 0.555469 0.386458 0.554688 0.385417 0.553906 0.385417 0.553125 0.384375 0.552344 0.384375 0.551562 0.383333 0.551562 0.382292 0.550781 0.382292 0.55 0.38125 0.549219 0.38125 0.546875 0.380208 0.546094 0.380208 0.551562 0.383333 0.553906 0.383333 0.555469 0.384375 0.55625 0.384375 0.557812 0.3875 0.560156 0.3875 0.560937 0.388542 0.561719 0.388542 0.5625 0.391667 0.564844 0.391667 0.565625 0.395833 0.56875 0.395833 0.569531 0.40625 0.577344 0.407292 0.577344 0.410417 0.579687 0.411458 0.579687 0.4125 0.580469 0.413542 0.580469 0.415625 0.582031 0.416667 0.582031 0.417708 0.582812 0.41875 0.582812 0.419792 0.583594 0.420833 0.583594 0.421875 0.584375 0.422917 0.584375 0.423958 0.585156 0.425 0.585156 0.426042 0.585938 0.427083 0.585938 0.428125 0.586719 0.429167 0.586719 0.430208 0.5875 0.432292 0.5875 0.433333 0.588281 0.435417 0.588281 0.436458 0.589062 0.438542 0.589062 0.439583 0.589844 0.441667 0.589844 0.442708 0.590625 0.447917 0.590625 0.448958 0.591406 0.453125 0.591406 0.454167 0.592187 0.458333 0.592187 0.459375 0.592969 0.48125 0.592969 0.482292 0.592187 0.486458 0.592187 0.4875 0.591406 0.492708 0.591406 0.49375 0.590625 0.496875 0.590625 0.497917 0.589844 0.501042 0.589844 0.502083 0.589062 0.504167 0.589062 0.505208 0.588281 0.50625 0.588281 0.507292 0.5875 0.509375 0.5875 0.510417 0.586719 0.511458 0.586719 0.5125 0.585938 0.513542 0.585938 0.514583 0.585156 0.515625 0.585156 0.516667 0.584375 0.517708 0.584375 0.51875 0.583594 0.519792 0.583594 0.520833 0.582812 0.521875 0.582812 0.522917 0.582031 0.523958 0.582031 0.526042 0.580469 0.527083 0.580469 0.528125 0.579687 0.529167 0.579687 0.53125 0.578125 0.532292 0.578125 0.534375 0.576562 0.535417 0.576562 0.538542 0.574219 0.539583 0.574219 0.545833 0.569531 0.545833 0.56875 0.547917 0.567187 0.548958 0.567187 0.548958 0.566406 0.552083 0.564062 0.552083 0.563281 0.553125 0.5625 0.553125 0.561719 0.554167 0.560937 0.554167 0.560156 0.555208 0.559375 0.555208 0.558594 0.55625 0.557812 0.55625 0.55 0.55625 0.545312 0.559375 0.545312 0.559375 0.539062 0.555208 0.539062 0.555208 0.544531 0.55625 0.545312 0.388178
