0 0.452083 0.275 0.45 0.276562 0.447917 0.276562 0.445833 0.278125 0.445833 0.3 0.447917 0.301562 0.447917 0.304688 0.45 0.30625 0.45 0.310937 0.452083 0.3125 0.452083 0.315625 0.454167 0.317187 0.454167 0.320312 0.458333 0.323437 0.458333 0.325 0.460417 0.326562 0.460417 0.328125 0.475 0.339062 0.475 0.340625 0.477083 0.340625 0.479167 0.342187 0.48125 0.342187 0.485417 0.345312 0.485417 0.346875 0.489583 0.346875 0.49375 0.35 0.495833 0.35 0.5 0.353125 0.504167 0.353125 0.50625 0.354687 0.510417 0.354687 0.5125 0.35625 0.514583 0.35625 0.516667 0.357812 0.51875 0.357812 0.520833 0.359375 0.529167 0.359375 0.53125 0.360937 0.54375 0.360937 0.545833 0.3625 0.558333 0.3625 0.560417 0.364062 0.579167 0.364062 0.58125 0.3625 0.589583 0.3625 0.591667 0.360937 0.604167 0.360937 0.60625 0.359375 0.6125 0.359375 0.614583 0.357812 0.616667 0.357812 0.61875 0.35625 0.620833 0.35625 0.622917 0.354687 0.627083 0.354687 0.629167 0.353125 0.63125 0.353125 0.6375 0.348437 0.639583 0.348437 0.64375 0.345312 0.645833 0.345312 0.645833 0.34375 0.652083 0.339062 0.654167 0.339062 0.658333 0.335938 0.658333 0.334375 0.6625 0.33125 0.6625 0.329687 0.664583 0.328125 0.664583 0.326562 0.66875 0.323437 0.66875 0.321875 0.670833 0.320312 0.670833 0.310937 0.672917 0.309375 0.670833 0.307812 0.66875 0.307812 0.66875 0.309375 0.666667 0.310937 0.666667 0.314062 0.660417 0.31875 0.660417 0.320312 0.658333 0.321875 0.658333 0.323437 0.65625 0.325 0.654167 0.325 0.652083 0.326562 0.652083 0.328125 0.647917 0.33125 0.645833 0.33125 0.6375 0.3375 0.635417 0.3375 0.633333 0.339062 0.63125 0.339062 0.625 0.34375 0.620833 0.34375 0.61875 0.345312 0.614583 0.345312 0.6125 0.346875 0.610417 0.346875 0.608333 0.348437 0.604167 0.348437 0.602083 0.35 0.589583 0.35 0.5875 0.351562 0.545833 0.351562 0.54375 0.35 0.533333 0.35 0.53125 0.348437 0.529167 0.348437 0.527083 0.346875 0.522917 0.346875 0.520833 0.345312 0.516667 0.345312 0.514583 0.34375 0.510417 0.34375 0.508333 0.342187 0.50625 0.342187 0.502083 0.339062 0.497917 0.339062 0.49375 0.335938 0.491667 0.335938 0.4875 0.332812 0.485417 0.332812 0.479167 0.328125 0.479167 0.326562 0.477083 0.326562 0.470833 0.321875 0.470833 0.320312 0.464583 0.315625 0.464583 0.314062 0.4625 0.3125 0.4625 0.310937 0.458333 0.307812 0.458333 0.30625 0.45625 0.304688 0.45625 0.3 0.454167 0.298437 0.454167 0.295312 0.452083 0.29375 0.987838
0 0.535417 0.167187 0.533333 0.16875 0.529167 0.16875 0.525 0.171875 0.522917 0.171875 0.520833 0.173437 0.51875 0.173437 0.516667 0.175 0.514583 0.175 0.5125 0.176562 0.508333 0.176562 0.504167 0.179688 0.502083 0.179688 0.497917 0.182812 0.495833 0.182812 0.485417 0.190625 0.485417 0.192187 0.479167 0.196875 0.479167 0.198437 0.477083 0.2 0.477083 0.201562 0.475 0.203125 0.475 0.204687 0.472917 0.20625 0.472917 0.234375 0.475 0.235937 0.475 0.239062 0.477083 0.240625 0.477083 0.242187 0.479167 0.24375 0.479167 0.245312 0.483333 0.248437 0.483333 0.25 0.485417 0.251563 0.485417 0.253125 0.502083 0.265625 0.504167 0.265625 0.5125 0.271875 0.514583 0.271875 0.51875 0.275 0.520833 0.275 0.522917 0.276562 0.525 0.276562 0.527083 0.278125 0.53125 0.278125 0.533333 0.279687 0.5375 0.279687 0.539583 0.28125 0.541667 0.28125 0.54375 0.282812 0.545833 0.282812 0.547917 0.284375 0.55625 0.284375 0.558333 0.285937 0.56875 0.285937 0.570833 0.2875 0.579167 0.2875 0.58125 0.289062 0.6125 0.289062 0.614583 0.2875 0.622917 0.2875 0.625 0.285937 0.6375 0.285937 0.639583 0.284375 0.64375 0.284375 0.647917 0.28125 0.65 0.28125 0.652083 0.279687 0.658333 0.279687 0.660417 0.278125 0.6625 0.278125 0.66875 0.273438 0.670833 0.273438 0.672917 0.271875 0.675 0.271875 0.675 0.270312 0.691667 0.257812 0.691667 0.25625 0.695833 0.253125 0.695833 0.251563 0.697917 0.25 0.697917 0.248437 0.7 0.246875 0.7 0.245312 0.702083 0.24375 0.702083 0.242187 0.704167 0.240625 0.704167 0.220312 0.702083 0.21875 0.702083 0.215625 0.7 0.214062 0.7 0.210938 0.697917 0.209375 0.697917 0.207812 0.691667 0.203125 0.691667 0.201562 0.683333 0.195312 0.68125 0.195312 0.670833 0.1875 0.66875 0.1875 0.664583 0.184375 0.6625 0.184375 0.658333 0.18125 0.65625 0.18125 0.654167 0.179688 0.652083 0.179688 0.65 0.178125 0.647917 0.178125 0.645833 0.176562 0.64375 0.176562 0.641667 0.175 0.639583 0.175 0.6375 0.173437 0.633333 0.173437 0.63125 0.171875 0.629167 0.171875 0.627083 0.170312 0.622917 0.170312 0.620833 0.16875 0.614583 0.16875 0.6125 0.167187 0.980418
0 0.466667 0.246875 0.466667 0.264062 0.472917 0.26875 0.472917 0.270312 0.475 0.271875 0.475 0.273438 0.477083 0.275 0.477083 0.276562 0.483333 0.28125 0.483333 0.282812 0.491667 0.289062 0.491667 0.290625 0.49375 0.290625 0.504167 0.298437 0.508333 0.298437 0.510417 0.3 0.5125 0.3 0.51875 0.304688 0.522917 0.304688 0.525 0.30625 0.529167 0.30625 0.533333 0.309375 0.5375 0.309375 0.539583 0.310937 0.55 0.310937 0.552083 0.3125 0.560417 0.3125 0.5625 0.314062 0.566667 0.314062 0.56875 0.315625 0.60625 0.315625 0.608333 0.314062 0.6125 0.314062 0.614583 0.3125 0.622917 0.3125 0.625 0.310937 0.63125 0.310937 0.633333 0.309375 0.6375 0.309375 0.641667 0.30625 0.64375 0.30625 0.645833 0.304688 0.65 0.304688 0.652083 0.303125 0.654167 0.303125 0.654167 0.301562 0.658333 0.298437 0.6625 0.298437 0.666667 0.295312 0.666667 0.29375 0.66875 0.292187 0.670833 0.292187 0.672917 0.290625 0.672917 0.2875 0.670833 0.2875 0.66875 0.289062 0.666667 0.289062 0.666667 0.290625 0.664583 0.292187 0.6625 0.292187 0.660417 0.29375 0.65625 0.29375 0.654167 0.295312 0.652083 0.295312 0.647917 0.298437 0.645833 0.298437 0.64375 0.3 0.633333 0.3 0.63125 0.301562 0.625 0.301562 0.622917 0.303125 0.614583 0.303125 0.6125 0.304688 0.577083 0.304688 0.575 0.303125 0.566667 0.303125 0.564583 0.301562 0.55625 0.301562 0.554167 0.3 0.545833 0.3 0.54375 0.298437 0.539583 0.298437 0.5375 0.296875 0.535417 0.296875 0.533333 0.295312 0.529167 0.295312 0.527083 0.29375 0.522917 0.29375 0.520833 0.292187 0.51875 0.292187 0.514583 0.289062 0.5125 0.289062 0.510417 0.2875 0.508333 0.2875 0.502083 0.282812 0.5 0.282812 0.4875 0.273438 0.485417 0.273438 0.483333 0.271875 0.483333 0.270312 0.475 0.264062 0.475 0.2625 0.472917 0.260937 0.472917 0.257812 0.470833 0.25625 0.470833 0.253125 0.46875 0.251563 0.46875 0.248437 0.968028
0 0.45625 0.26875 0.45625 0.296875 0.458333 0.298437 0.458333 0.301562 0.460417 0.303125 0.460417 0.307812 0.466667 0.3125 0.466667 0.314062 0.46875 0.315625 0.46875 0.317187 0.485417 0.329687 0.4875 0.329687 0.49375 0.334375 0.495833 0.334375 0.497917 0.335938 0.5 0.335938 0.502083 0.3375 0.504167 0.3375 0.508333 0.340625 0.5125 0.340625 0.514583 0.342187 0.51875 0.342187 0.520833 0.34375 0.522917 0.34375 0.525 0.345312 0.527083 0.345312 0.529167 0.346875 0.533333 0.346875 0.535417 0.348437 0.55625 0.348437 0.558333 0.35 0.570833 0.35 0.572917 0.348437 0.595833 0.348437 0.597917 0.346875 0.60625 0.346875 0.608333 0.345312 0.610417 0.345312 0.6125 0.34375 0.614583 0.34375 0.616667 0.342187 0.620833 0.342187 0.622917 0.340625 0.627083 0.340625 0.633333 0.335938 0.635417 0.335938 0.64375 0.329687 0.645833 0.329687 0.65 0.326562 0.65 0.325 0.654167 0.321875 0.654167 0.31875 0.652083 0.31875 0.645833 0.323437 0.64375 0.323437 0.641667 0.325 0.6375 0.325 0.63125 0.329687 0.629167 0.329687 0.627083 0.33125 0.625 0.33125 0.622917 0.332812 0.61875 0.332812 0.614583 0.335938 0.610417 0.335938 0.608333 0.3375 0.602083 0.3375 0.6 0.339062 0.552083 0.339062 0.55 0.3375 0.541667 0.3375 0.539583 0.335938 0.5375 0.335938 0.535417 0.334375 0.53125 0.334375 0.529167 0.332812 0.520833 0.332812 0.51875 0.33125 0.516667 0.33125 0.5125 0.328125 0.510417 0.328125 0.508333 0.326562 0.504167 0.326562 0.502083 0.325 0.5 0.325 0.49375 0.320312 0.491667 0.320312 0.470833 0.304688 0.470833 0.303125 0.464583 0.298437 0.464583 0.295312 0.4625 0.29375 0.4625 0.289062 0.460417 0.2875 0.460417 0.284375 0.458333 0.282812 0.458333 0.279687 0.45625 0.278125 0.952563
0 0.435417 0.301562 0.435417 0.34375 0.4375 0.345312 0.4375 0.346875 0.441667 0.35 0.441667 0.351562 0.44375 0.353125 0.44375 0.354687 0.447917 0.357812 0.447917 0.359375 0.452083 0.3625 0.452083 0.364062 0.454167 0.365625 0.45625 0.365625 0.466667 0.373437 0.46875 0.373437 0.475 0.378125 0.477083 0.378125 0.479167 0.379687 0.48125 0.379687 0.483333 0.38125 0.485417 0.38125 0.489583 0.384375 0.49375 0.384375 0.495833 0.385937 0.504167 0.385937 0.50625 0.3875 0.508333 0.3875 0.510417 0.389062 0.5125 0.389062 0.514583 0.390625 0.522917 0.390625 0.525 0.392187 0.56875 0.392187 0.570833 0.390625 0.58125 0.390625 0.583333 0.389062 0.585417 0.389062 0.589583 0.385937 0.595833 0.385937 0.597917 0.384375 0.604167 0.384375 0.604167 0.382812 0.608333 0.379687 0.610417 0.379687 0.6125 0.378125 0.614583 0.378125 0.616667 0.376562 0.614583 0.376562 0.6125 0.375 0.610417 0.375 0.608333 0.376562 0.60625 0.376562 0.604167 0.378125 0.602083 0.378125 0.6 0.379687 0.597917 0.379687 0.595833 0.38125 0.583333 0.38125 0.58125 0.382812 0.564583 0.382812 0.5625 0.384375 0.541667 0.384375 0.539583 0.382812 0.520833 0.382812 0.51875 0.38125 0.510417 0.38125 0.508333 0.379687 0.50625 0.379687 0.504167 0.378125 0.502083 0.378125 0.5 0.376562 0.49375 0.376562 0.491667 0.375 0.489583 0.375 0.483333 0.370312 0.48125 0.370312 0.479167 0.36875 0.477083 0.36875 0.470833 0.364062 0.46875 0.364062 0.454167 0.353125 0.454167 0.351562 0.45 0.348437 0.45 0.346875 0.447917 0.345312 0.447917 0.342187 0.445833 0.340625 0.445833 0.339062 0.44375 0.3375 0.44375 0.334375 0.441667 0.332812 0.441667 0.33125 0.439583 0.329687 0.439583 0.315625 0.4375 0.314062 0.4375 0.301562 0.951857
0 0.45 0.3375 0.45 0.34375 0.452083 0.345312 0.452083 0.346875 0.45625 0.35 0.45625 0.351562 0.458333 0.353125 0.458333 0.354687 0.466667 0.360937 0.46875 0.360937 0.477083 0.367188 0.479167 0.367188 0.48125 0.36875 0.483333 0.36875 0.4875 0.371875 0.489583 0.371875 0.491667 0.373437 0.49375 0.373437 0.495833 0.375 0.502083 0.375 0.504167 0.376562 0.50625 0.376562 0.508333 0.378125 0.510417 0.378125 0.5125 0.379687 0.520833 0.379687 0.522917 0.38125 0.545833 0.38125 0.547917 0.382812 0.560417 0.382812 0.5625 0.38125 0.56875 0.38125 0.570833 0.379687 0.59375 0.379687 0.595833 0.378125 0.6 0.378125 0.604167 0.375 0.60625 0.375 0.608333 0.373437 0.616667 0.373437 0.61875 0.371875 0.620833 0.371875 0.622917 0.370312 0.625 0.370312 0.63125 0.365625 0.633333 0.365625 0.635417 0.364062 0.635417 0.3625 0.6375 0.360937 0.6375 0.359375 0.635417 0.359375 0.635417 0.360937 0.633333 0.3625 0.63125 0.3625 0.629167 0.364062 0.625 0.364062 0.622917 0.365625 0.620833 0.365625 0.616667 0.36875 0.614583 0.36875 0.6125 0.370312 0.602083 0.370312 0.595833 0.375 0.589583 0.375 0.5875 0.376562 0.541667 0.376562 0.539583 0.375 0.527083 0.375 0.525 0.373437 0.522917 0.373437 0.520833 0.371875 0.516667 0.371875 0.514583 0.370312 0.508333 0.370312 0.50625 0.36875 0.502083 0.36875 0.5 0.367188 0.497917 0.367188 0.49375 0.364062 0.491667 0.364062 0.489583 0.3625 0.485417 0.3625 0.479167 0.357812 0.477083 0.357812 0.475 0.35625 0.472917 0.35625 0.454167 0.342187 0.454167 0.339062 0.452083 0.3375 0.45 0.3375 0.445833 0.334375 0.445833 0.321875 0.44375 0.320312 0.44375 0.317187 0.441667 0.315625 0.441667 0.328125 0.44375 0.329687 0.44375 0.332812 0.445833 0.334375 0.945838
0 0.460417 0.254688 0.460417 0.285937 0.4625 0.2875 0.4625 0.289062 0.464583 0.290625 0.464583 0.292187 0.466667 0.29375 0.466667 0.296875 0.470833 0.3 0.470833 0.301562 0.477083 0.30625 0.477083 0.307812 0.4875 0.315625 0.489583 0.315625 0.497917 0.321875 0.5 0.321875 0.502083 0.323437 0.504167 0.323437 0.50625 0.325 0.508333 0.325 0.510417 0.326562 0.5125 0.326562 0.514583 0.328125 0.516667 0.328125 0.51875 0.329687 0.520833 0.329687 0.522917 0.33125 0.527083 0.33125 0.529167 0.332812 0.533333 0.332812 0.535417 0.334375 0.539583 0.334375 0.541667 0.335938 0.552083 0.335938 0.554167 0.3375 0.59375 0.3375 0.595833 0.335938 0.60625 0.335938 0.608333 0.334375 0.6125 0.334375 0.614583 0.332812 0.616667 0.332812 0.620833 0.329687 0.625 0.329687 0.627083 0.328125 0.63125 0.328125 0.633333 0.326562 0.633333 0.325 0.635417 0.323437 0.6375 0.323437 0.639583 0.321875 0.645833 0.321875 0.645833 0.320312 0.641667 0.320312 0.639583 0.321875 0.635417 0.321875 0.635417 0.323437 0.633333 0.325 0.627083 0.325 0.625 0.326562 0.614583 0.326562 0.6125 0.328125 0.59375 0.328125 0.591667 0.329687 0.575 0.329687 0.572917 0.328125 0.552083 0.328125 0.55 0.326562 0.541667 0.326562 0.539583 0.325 0.5375 0.325 0.535417 0.323437 0.533333 0.323437 0.53125 0.321875 0.527083 0.321875 0.525 0.320312 0.522917 0.320312 0.520833 0.31875 0.516667 0.31875 0.510417 0.314062 0.508333 0.314062 0.50625 0.3125 0.504167 0.3125 0.502083 0.310937 0.5 0.310937 0.495833 0.307812 0.49375 0.307812 0.470833 0.290625 0.470833 0.2875 0.464583 0.282812 0.464583 0.279687 0.4625 0.278125 0.4625 0.254688 0.93706
0 0.69375 0.259375 0.69375 0.257812 0.69375 0.259375 0.689583 0.264062 0.685417 0.264062 0.685417 0.267187 0.68125 0.270312 0.679167 0.270312 0.672917 0.275 0.670833 0.275 0.66875 0.276562 0.666667 0.276562 0.660417 0.28125 0.65625 0.28125 0.654167 0.282812 0.647917 0.282812 0.641667 0.2875 0.633333 0.2875 0.63125 0.289062 0.6125 0.289062 0.610417 0.290625 0.583333 0.290625 0.58125 0.289062 0.564583 0.289062 0.5625 0.2875 0.55 0.2875 0.547917 0.285937 0.545833 0.285937 0.541667 0.282812 0.535417 0.282812 0.533333 0.28125 0.527083 0.28125 0.520833 0.276562 0.516667 0.276562 0.514583 0.275 0.5125 0.275 0.504167 0.26875 0.502083 0.26875 0.48125 0.253125 0.48125 0.251563 0.479167 0.25 0.479167 0.246875 0.472917 0.242187 0.472917 0.240625 0.470833 0.239062 0.470833 0.229687 0.470833 0.246875 0.472917 0.248437 0.472917 0.251563 0.475 0.253125 0.475 0.254688 0.477083 0.25625 0.477083 0.259375 0.479167 0.260937 0.479167 0.264062 0.49375 0.275 0.49375 0.276562 0.495833 0.278125 0.497917 0.278125 0.504167 0.282812 0.50625 0.282812 0.508333 0.284375 0.510417 0.284375 0.5125 0.285937 0.514583 0.285937 0.520833 0.290625 0.527083 0.290625 0.529167 0.292187 0.53125 0.292187 0.533333 0.29375 0.535417 0.29375 0.5375 0.295312 0.539583 0.295312 0.541667 0.296875 0.547917 0.296875 0.55 0.298437 0.558333 0.298437 0.560417 0.3 0.566667 0.3 0.56875 0.301562 0.572917 0.301562 0.575 0.303125 0.614583 0.303125 0.616667 0.301562 0.620833 0.301562 0.622917 0.3 0.625 0.3 0.627083 0.298437 0.633333 0.298437 0.635417 0.296875 0.645833 0.296875 0.645833 0.295312 0.65 0.292187 0.652083 0.292187 0.654167 0.290625 0.660417 0.290625 0.66875 0.284375 0.670833 0.284375 0.677083 0.279687 0.679167 0.279687 0.68125 0.278125 0.68125 0.276562 0.6875 0.271875 0.6875 0.267187 0.689583 0.265625 0.689583 0.264062 0.929324
0 0.44375 0.290625 0.44375 0.292187 0.441667 0.29375 0.441667 0.315625 0.447917 0.320312 0.447917 0.321875 0.45 0.323437 0.45 0.33125 0.452083 0.332812 0.452083 0.334375 0.454167 0.335938 0.454167 0.3375 0.45625 0.339062 0.45625 0.340625 0.460417 0.34375 0.460417 0.345312 0.4625 0.345312 0.475 0.354687 0.477083 0.354687 0.483333 0.359375 0.485417 0.359375 0.4875 0.360937 0.491667 0.360937 0.495833 0.364062 0.497917 0.364062 0.5 0.365625 0.502083 0.365625 0.504167 0.367188 0.508333 0.367188 0.510417 0.36875 0.516667 0.36875 0.51875 0.370312 0.520833 0.370312 0.522917 0.371875 0.527083 0.371875 0.529167 0.373437 0.545833 0.373437 0.547917 0.375 0.579167 0.375 0.58125 0.373437 0.591667 0.373437 0.59375 0.371875 0.597917 0.371875 0.6 0.370312 0.602083 0.370312 0.604167 0.36875 0.608333 0.36875 0.610417 0.367188 0.614583 0.367188 0.616667 0.365625 0.61875 0.365625 0.622917 0.3625 0.625 0.3625 0.627083 0.360937 0.63125 0.360937 0.639583 0.354687 0.641667 0.354687 0.64375 0.353125 0.645833 0.353125 0.645833 0.35 0.65 0.346875 0.652083 0.346875 0.654167 0.345312 0.654167 0.34375 0.652083 0.34375 0.647917 0.346875 0.645833 0.346875 0.645833 0.348437 0.641667 0.351562 0.635417 0.351562 0.635417 0.353125 0.63125 0.35625 0.627083 0.35625 0.625 0.357812 0.620833 0.357812 0.61875 0.359375 0.616667 0.359375 0.614583 0.360937 0.6125 0.360937 0.610417 0.3625 0.60625 0.3625 0.604167 0.364062 0.5875 0.364062 0.585417 0.365625 0.554167 0.365625 0.552083 0.364062 0.533333 0.364062 0.53125 0.3625 0.525 0.3625 0.522917 0.360937 0.51875 0.360937 0.516667 0.359375 0.514583 0.359375 0.5125 0.357812 0.50625 0.357812 0.504167 0.35625 0.502083 0.35625 0.5 0.354687 0.497917 0.354687 0.49375 0.351562 0.491667 0.351562 0.489583 0.35 0.4875 0.35 0.48125 0.345312 0.479167 0.345312 0.470833 0.339062 0.46875 0.339062 0.464583 0.335938 0.464583 0.334375 0.4625 0.332812 0.4625 0.33125 0.460417 0.33125 0.45625 0.328125 0.45625 0.326562 0.454167 0.325 0.454167 0.321875 0.452083 0.320312 0.452083 0.31875 0.45 0.31875 0.447917 0.317187 0.447917 0.307812 0.445833 0.30625 0.445833 0.290625 0.927109
0 0.464583 0.254688 0.464583 0.279687 0.46875 0.282812 0.46875 0.284375 0.470833 0.285937 0.470833 0.2875 0.472917 0.289062 0.472917 0.290625 0.495833 0.307812 0.497917 0.307812 0.5 0.309375 0.502083 0.309375 0.504167 0.310937 0.50625 0.310937 0.5125 0.315625 0.516667 0.315625 0.51875 0.317187 0.522917 0.317187 0.527083 0.320312 0.529167 0.320312 0.53125 0.321875 0.5375 0.321875 0.539583 0.323437 0.541667 0.323437 0.54375 0.325 0.547917 0.325 0.55 0.326562 0.552083 0.326562 0.554167 0.328125 0.55625 0.328125 0.558333 0.329687 0.610417 0.329687 0.616667 0.325 0.620833 0.325 0.622917 0.323437 0.629167 0.323437 0.63125 0.321875 0.633333 0.321875 0.635417 0.320312 0.639583 0.320312 0.641667 0.31875 0.64375 0.31875 0.645833 0.317187 0.647917 0.317187 0.654167 0.3125 0.65625 0.3125 0.670833 0.301562 0.670833 0.3 0.677083 0.295312 0.677083 0.292187 0.679167 0.290625 0.679167 0.289062 0.677083 0.2875 0.677083 0.290625 0.672917 0.29375 0.670833 0.29375 0.66875 0.295312 0.66875 0.296875 0.6625 0.301562 0.658333 0.301562 0.652083 0.30625 0.65 0.30625 0.647917 0.307812 0.64375 0.307812 0.639583 0.310937 0.6375 0.310937 0.635417 0.3125 0.633333 0.3125 0.63125 0.314062 0.620833 0.314062 0.61875 0.315625 0.608333 0.315625 0.60625 0.317187 0.602083 0.317187 0.6 0.31875 0.572917 0.31875 0.570833 0.317187 0.56875 0.317187 0.566667 0.315625 0.558333 0.315625 0.55625 0.314062 0.541667 0.314062 0.539583 0.3125 0.535417 0.3125 0.53125 0.309375 0.529167 0.309375 0.527083 0.307812 0.520833 0.307812 0.51875 0.30625 0.516667 0.30625 0.510417 0.301562 0.50625 0.301562 0.504167 0.3 0.502083 0.3 0.49375 0.29375 0.491667 0.29375 0.4875 0.290625 0.4875 0.289062 0.48125 0.284375 0.48125 0.282812 0.479167 0.28125 0.479167 0.279687 0.472917 0.275 0.472917 0.273438 0.470833 0.271875 0.470833 0.267187 0.466667 0.264062 0.466667 0.2625 0.464583 0.260937 0.907121
0 0.45 0.3375 0.447917 0.339062 0.45 0.340625 0.45 0.345312 0.452083 0.346875 0.452083 0.348437 0.45625 0.351562 0.45625 0.353125 0.475 0.367188 0.477083 0.367188 0.479167 0.36875 0.48125 0.36875 0.485417 0.371875 0.4875 0.371875 0.489583 0.373437 0.491667 0.373437 0.49375 0.375 0.5 0.375 0.502083 0.376562 0.504167 0.376562 0.50625 0.378125 0.508333 0.378125 0.510417 0.379687 0.516667 0.379687 0.51875 0.38125 0.539583 0.38125 0.541667 0.382812 0.564583 0.382812 0.566667 0.38125 0.572917 0.38125 0.575 0.379687 0.597917 0.379687 0.6 0.378125 0.604167 0.378125 0.610417 0.373437 0.61875 0.373437 0.620833 0.371875 0.622917 0.371875 0.625 0.370312 0.627083 0.370312 0.627083 0.36875 0.63125 0.365625 0.633333 0.365625 0.635417 0.364062 0.635417 0.3625 0.6375 0.360937 0.6375 0.357812 0.635417 0.359375 0.635417 0.360937 0.633333 0.3625 0.629167 0.3625 0.627083 0.364062 0.622917 0.364062 0.616667 0.36875 0.6125 0.36875 0.610417 0.370312 0.602083 0.370312 0.597917 0.373437 0.595833 0.373437 0.59375 0.375 0.5875 0.375 0.585417 0.376562 0.545833 0.376562 0.54375 0.375 0.527083 0.375 0.525 0.373437 0.522917 0.373437 0.520833 0.371875 0.51875 0.371875 0.516667 0.370312 0.508333 0.370312 0.50625 0.36875 0.502083 0.36875 0.5 0.367188 0.497917 0.367188 0.49375 0.364062 0.491667 0.364062 0.489583 0.3625 0.485417 0.3625 0.479167 0.357812 0.477083 0.357812 0.475 0.35625 0.472917 0.35625 0.470833 0.354687 0.470833 0.353125 0.46875 0.351562 0.466667 0.351562 0.4625 0.348437 0.4625 0.346875 0.460417 0.346875 0.454167 0.342187 0.454167 0.339062 0.452083 0.3375 0.45 0.3375 0.445833 0.335938 0.445833 0.321875 0.44375 0.320312 0.441667 0.320312 0.441667 0.332812 0.44375 0.334375 0.44375 0.335938 0.445833 0.335938 0.0531142
