0 0.5875 0.21875 0.5875 0.220312 0.602083 0.23125 0.602083 0.232812 0.604167 0.234375 0.604167 0.235937 0.60625 0.2375 0.60625 0.239062 0.608333 0.240625 0.608333 0.24375 0.610417 0.245312 0.610417 0.259375 0.608333 0.260937 0.608333 0.267187 0.60625 0.26875 0.60625 0.278125 0.604167 0.279687 0.604167 0.282812 0.602083 0.284375 0.602083 0.285937 0.6 0.2875 0.6 0.289062 0.585417 0.3 0.583333 0.3 0.58125 0.301562 0.579167 0.301562 0.575 0.304688 0.572917 0.304688 0.570833 0.30625 0.566667 0.30625 0.564583 0.307812 0.560417 0.307812 0.558333 0.309375 0.564583 0.314062 0.566667 0.314062 0.56875 0.315625 0.577083 0.315625 0.579167 0.317187 0.63125 0.317187 0.633333 0.315625 0.6375 0.315625 0.639583 0.314062 0.641667 0.314062 0.64375 0.3125 0.65 0.3125 0.652083 0.310937 0.65625 0.310937 0.658333 0.309375 0.660417 0.309375 0.666667 0.304688 0.66875 0.304688 0.679167 0.296875 0.68125 0.296875 0.68125 0.295312 0.685417 0.292187 0.685417 0.290625 0.6875 0.289062 0.6875 0.285937 0.689583 0.284375 0.689583 0.28125 0.691667 0.279687 0.691667 0.260937 0.689583 0.259375 0.689583 0.25625 0.683333 0.251563 0.683333 0.25 0.664583 0.235937 0.6625 0.235937 0.658333 0.232812 0.65625 0.232812 0.654167 0.23125 0.652083 0.23125 0.65 0.229687 0.647917 0.229687 0.645833 0.228125 0.64375 0.228125 0.641667 0.226562 0.639583 0.226562 0.6375 0.225 0.635417 0.225 0.633333 0.223437 0.629167 0.223437 0.627083 0.221875 0.625 0.221875 0.622917 0.220312 0.61875 0.220312 0.616667 0.21875 0.98352
0 0.460417 0.198437 0.458333 0.2 0.454167 0.2 0.452083 0.201562 0.45 0.201562 0.445833 0.204687 0.441667 0.204687 0.439583 0.20625 0.4375 0.20625 0.435417 0.207812 0.433333 0.207812 0.429167 0.210938 0.427083 0.210938 0.425 0.2125 0.422917 0.2125 0.416667 0.217187 0.416667 0.21875 0.4125 0.221875 0.4125 0.225 0.408333 0.228125 0.408333 0.229687 0.40625 0.23125 0.40625 0.232812 0.404167 0.234375 0.404167 0.25 0.40625 0.251563 0.40625 0.257812 0.408333 0.259375 0.408333 0.260937 0.410417 0.2625 0.410417 0.264062 0.416667 0.26875 0.416667 0.270312 0.425 0.276562 0.425 0.278125 0.427083 0.278125 0.4375 0.285937 0.439583 0.285937 0.441667 0.2875 0.44375 0.2875 0.447917 0.290625 0.45 0.290625 0.452083 0.292187 0.45625 0.292187 0.458333 0.29375 0.464583 0.29375 0.46875 0.296875 0.475 0.296875 0.477083 0.298437 0.497917 0.298437 0.5 0.3 0.539583 0.3 0.541667 0.298437 0.554167 0.298437 0.55625 0.296875 0.558333 0.296875 0.560417 0.295312 0.5625 0.295312 0.564583 0.29375 0.56875 0.29375 0.570833 0.292187 0.575 0.292187 0.579167 0.289062 0.58125 0.289062 0.583333 0.2875 0.585417 0.2875 0.5875 0.285937 0.589583 0.285937 0.591667 0.284375 0.591667 0.282812 0.59375 0.28125 0.595833 0.28125 0.597917 0.279687 0.597917 0.278125 0.6 0.276562 0.6 0.275 0.602083 0.273438 0.602083 0.271875 0.604167 0.270312 0.604167 0.267187 0.60625 0.265625 0.60625 0.25625 0.608333 0.254688 0.608333 0.251563 0.60625 0.25 0.60625 0.245312 0.604167 0.24375 0.604167 0.239062 0.602083 0.2375 0.602083 0.235937 0.595833 0.23125 0.595833 0.229687 0.5875 0.223437 0.5875 0.221875 0.585417 0.220312 0.585417 0.21875 0.583333 0.21875 0.575 0.2125 0.572917 0.2125 0.56875 0.209375 0.566667 0.209375 0.5625 0.20625 0.560417 0.20625 0.558333 0.204687 0.55625 0.204687 0.554167 0.203125 0.552083 0.203125 0.547917 0.2 0.545833 0.2 0.54375 0.198437 0.978146
0 0.345833 0.225 0.34375 0.226562 0.339583 0.226562 0.3375 0.228125 0.335417 0.228125 0.333333 0.229687 0.329167 0.229687 0.327083 0.23125 0.325 0.23125 0.322917 0.232812 0.320833 0.232812 0.31875 0.234375 0.316667 0.234375 0.3125 0.2375 0.310417 0.2375 0.308333 0.239062 0.30625 0.239062 0.291667 0.25 0.291667 0.251563 0.285417 0.25625 0.285417 0.257812 0.283333 0.259375 0.283333 0.260937 0.28125 0.2625 0.28125 0.2875 0.283333 0.289062 0.283333 0.290625 0.289583 0.295312 0.289583 0.296875 0.29375 0.3 0.29375 0.301562 0.304167 0.309375 0.30625 0.309375 0.314583 0.315625 0.316667 0.315625 0.31875 0.317187 0.322917 0.317187 0.325 0.31875 0.327083 0.31875 0.33125 0.321875 0.3375 0.321875 0.339583 0.323437 0.347917 0.323437 0.35 0.325 0.354167 0.325 0.35625 0.326562 0.364583 0.326562 0.366667 0.328125 0.4 0.328125 0.402083 0.326562 0.410417 0.326562 0.4125 0.325 0.414583 0.325 0.416667 0.323437 0.425 0.323437 0.427083 0.321875 0.433333 0.321875 0.435417 0.320312 0.4375 0.320312 0.441667 0.317187 0.44375 0.317187 0.445833 0.315625 0.45 0.315625 0.454167 0.3125 0.454167 0.310937 0.45625 0.309375 0.45625 0.307812 0.452083 0.307812 0.45 0.30625 0.447917 0.30625 0.44375 0.303125 0.441667 0.303125 0.439583 0.301562 0.4375 0.301562 0.435417 0.3 0.433333 0.3 0.427083 0.295312 0.425 0.295312 0.4125 0.285937 0.4125 0.284375 0.40625 0.279687 0.40625 0.276562 0.404167 0.275 0.404167 0.273438 0.402083 0.271875 0.402083 0.270312 0.4 0.26875 0.4 0.260937 0.397917 0.259375 0.397917 0.257812 0.4 0.25625 0.4 0.25 0.402083 0.248437 0.402083 0.24375 0.404167 0.242187 0.404167 0.235937 0.40625 0.234375 0.40625 0.229687 0.408333 0.228125 0.408333 0.225 0.973939
0 0.279167 0.3 0.279167 0.33125 0.28125 0.332812 0.28125 0.335938 0.289583 0.342187 0.289583 0.34375 0.291667 0.345312 0.291667 0.346875 0.302083 0.354687 0.304167 0.354687 0.310417 0.359375 0.3125 0.359375 0.314583 0.360937 0.316667 0.360937 0.31875 0.3625 0.320833 0.3625 0.325 0.365625 0.327083 0.365625 0.329167 0.367188 0.335417 0.367188 0.3375 0.36875 0.34375 0.36875 0.345833 0.370312 0.347917 0.370312 0.35 0.371875 0.360417 0.371875 0.3625 0.373437 0.402083 0.373437 0.404167 0.371875 0.414583 0.371875 0.416667 0.370312 0.41875 0.370312 0.420833 0.36875 0.425 0.36875 0.427083 0.367188 0.435417 0.367188 0.4375 0.365625 0.439583 0.365625 0.44375 0.3625 0.445833 0.3625 0.447917 0.360937 0.45 0.360937 0.452083 0.359375 0.454167 0.359375 0.454167 0.357812 0.458333 0.354687 0.460417 0.354687 0.4625 0.353125 0.464583 0.353125 0.464583 0.351562 0.46875 0.348437 0.470833 0.348437 0.475 0.345312 0.475 0.34375 0.477083 0.342187 0.479167 0.342187 0.48125 0.340625 0.48125 0.339062 0.4875 0.334375 0.4875 0.332812 0.489583 0.33125 0.489583 0.315625 0.485417 0.315625 0.485417 0.31875 0.483333 0.320312 0.483333 0.321875 0.477083 0.326562 0.477083 0.328125 0.472917 0.33125 0.472917 0.332812 0.458333 0.34375 0.45625 0.34375 0.45 0.348437 0.447917 0.348437 0.445833 0.35 0.44375 0.35 0.441667 0.351562 0.439583 0.351562 0.4375 0.353125 0.435417 0.353125 0.433333 0.354687 0.43125 0.354687 0.429167 0.35625 0.425 0.35625 0.422917 0.357812 0.416667 0.357812 0.414583 0.359375 0.410417 0.359375 0.408333 0.360937 0.395833 0.360937 0.39375 0.3625 0.366667 0.3625 0.364583 0.360937 0.35625 0.360937 0.354167 0.359375 0.35 0.359375 0.347917 0.357812 0.34375 0.357812 0.341667 0.35625 0.335417 0.35625 0.333333 0.354687 0.329167 0.354687 0.325 0.351562 0.322917 0.351562 0.320833 0.35 0.316667 0.35 0.308333 0.34375 0.30625 0.34375 0.297917 0.3375 0.297917 0.335938 0.289583 0.329687 0.289583 0.326562 0.2875 0.325 0.2875 0.323437 0.285417 0.321875 0.285417 0.320312 0.28125 0.317187 0.28125 0.307812 0.279167 0.30625 0.969358
0 0.6625 0.332812 0.660417 0.332812 0.660417 0.334375 0.6625 0.334375 0.6625 0.332812 0.66875 0.328125 0.65625 0.3375 0.652083 0.3375 0.65 0.339062 0.647917 0.339062 0.645833 0.340625 0.64375 0.340625 0.641667 0.342187 0.639583 0.342187 0.6375 0.34375 0.633333 0.34375 0.63125 0.345312 0.625 0.345312 0.622917 0.346875 0.614583 0.346875 0.6125 0.348437 0.5875 0.348437 0.585417 0.346875 0.5625 0.346875 0.560417 0.345312 0.55625 0.345312 0.554167 0.34375 0.55 0.34375 0.547917 0.342187 0.545833 0.342187 0.54375 0.340625 0.541667 0.340625 0.539583 0.339062 0.533333 0.339062 0.529167 0.335938 0.527083 0.335938 0.525 0.334375 0.522917 0.334375 0.520833 0.332812 0.516667 0.332812 0.5125 0.329687 0.5125 0.328125 0.510417 0.326562 0.508333 0.326562 0.504167 0.323437 0.502083 0.323437 0.502083 0.328125 0.504167 0.328125 0.508333 0.33125 0.508333 0.332812 0.510417 0.334375 0.5125 0.334375 0.514583 0.335938 0.516667 0.335938 0.51875 0.3375 0.51875 0.339062 0.520833 0.340625 0.522917 0.340625 0.527083 0.34375 0.529167 0.34375 0.53125 0.345312 0.533333 0.345312 0.535417 0.346875 0.539583 0.346875 0.541667 0.348437 0.54375 0.348437 0.545833 0.35 0.554167 0.35 0.55625 0.351562 0.558333 0.351562 0.560417 0.353125 0.564583 0.353125 0.566667 0.354687 0.58125 0.354687 0.583333 0.35625 0.602083 0.35625 0.604167 0.354687 0.616667 0.354687 0.61875 0.353125 0.625 0.353125 0.627083 0.351562 0.629167 0.351562 0.63125 0.35 0.635417 0.35 0.6375 0.348437 0.641667 0.348437 0.65 0.342187 0.652083 0.342187 0.654167 0.340625 0.65625 0.340625 0.65625 0.3375 0.66875 0.328125 0.66875 0.326562 0.66875 0.328125 0.961303
0 0.6625 0.346875 0.660417 0.348437 0.660417 0.35 0.652083 0.35625 0.652083 0.357812 0.645833 0.3625 0.64375 0.3625 0.641667 0.364062 0.639583 0.364062 0.633333 0.36875 0.63125 0.36875 0.629167 0.370312 0.620833 0.370312 0.61875 0.371875 0.616667 0.371875 0.614583 0.373437 0.610417 0.373437 0.608333 0.375 0.602083 0.375 0.6 0.376562 0.56875 0.376562 0.566667 0.375 0.558333 0.375 0.55625 0.373437 0.554167 0.373437 0.552083 0.371875 0.547917 0.371875 0.545833 0.370312 0.539583 0.370312 0.5375 0.36875 0.533333 0.36875 0.53125 0.367188 0.529167 0.367188 0.525 0.364062 0.522917 0.364062 0.520833 0.3625 0.51875 0.3625 0.516667 0.360937 0.514583 0.360937 0.510417 0.357812 0.508333 0.357812 0.504167 0.354687 0.504167 0.353125 0.5 0.353125 0.5 0.357812 0.5125 0.367188 0.514583 0.367188 0.520833 0.371875 0.525 0.371875 0.527083 0.373437 0.529167 0.373437 0.53125 0.375 0.533333 0.375 0.5375 0.378125 0.541667 0.378125 0.54375 0.379687 0.552083 0.379687 0.554167 0.38125 0.558333 0.38125 0.560417 0.382812 0.564583 0.382812 0.566667 0.384375 0.604167 0.384375 0.60625 0.382812 0.610417 0.382812 0.6125 0.38125 0.614583 0.38125 0.616667 0.379687 0.627083 0.379687 0.629167 0.378125 0.63125 0.378125 0.635417 0.375 0.6375 0.375 0.641667 0.371875 0.645833 0.371875 0.645833 0.370312 0.652083 0.365625 0.654167 0.365625 0.654167 0.3625 0.660417 0.357812 0.660417 0.35625 0.6625 0.354687 0.6625 0.346875 0.66875 0.340625 0.66875 0.339062 0.66875 0.340625 0.956628
0 0.29375 0.370312 0.29375 0.376562 0.295833 0.378125 0.297917 0.378125 0.302083 0.38125 0.302083 0.384375 0.304167 0.384375 0.30625 0.385937 0.308333 0.385937 0.310417 0.3875 0.310417 0.389062 0.3125 0.390625 0.316667 0.390625 0.31875 0.392187 0.320833 0.392187 0.327083 0.396875 0.333333 0.396875 0.335417 0.398438 0.339583 0.398438 0.341667 0.4 0.34375 0.4 0.345833 0.401562 0.347917 0.401562 0.35 0.403125 0.366667 0.403125 0.36875 0.404687 0.39375 0.404687 0.395833 0.403125 0.4125 0.403125 0.414583 0.401562 0.416667 0.401562 0.41875 0.4 0.420833 0.4 0.422917 0.398438 0.43125 0.398438 0.433333 0.396875 0.4375 0.396875 0.439583 0.395312 0.441667 0.395312 0.445833 0.392187 0.447917 0.392187 0.45 0.390625 0.452083 0.390625 0.458333 0.385937 0.460417 0.385937 0.470833 0.378125 0.470833 0.376562 0.472917 0.375 0.472917 0.373437 0.475 0.371875 0.477083 0.371875 0.479167 0.370312 0.479167 0.364062 0.477083 0.364062 0.477083 0.367188 0.472917 0.370312 0.470833 0.370312 0.46875 0.371875 0.46875 0.373437 0.464583 0.376562 0.4625 0.376562 0.45625 0.38125 0.454167 0.38125 0.452083 0.382812 0.45 0.382812 0.447917 0.384375 0.445833 0.384375 0.441667 0.3875 0.4375 0.3875 0.435417 0.389062 0.43125 0.389062 0.429167 0.390625 0.425 0.390625 0.422917 0.392187 0.414583 0.392187 0.4125 0.39375 0.404167 0.39375 0.402083 0.395312 0.391667 0.395312 0.389583 0.396875 0.372917 0.396875 0.370833 0.395312 0.358333 0.395312 0.35625 0.39375 0.347917 0.39375 0.345833 0.392187 0.3375 0.392187 0.335417 0.390625 0.333333 0.390625 0.33125 0.389062 0.325 0.389062 0.320833 0.385937 0.31875 0.385937 0.314583 0.382812 0.3125 0.382812 0.310417 0.38125 0.308333 0.38125 0.302083 0.376562 0.3 0.376562 0.295833 0.373437 0.295833 0.371875 0.29375 0.370312 0.2875 0.367188 0.2875 0.3625 0.285417 0.360937 0.285417 0.365625 0.2875 0.367188 0.950678
0 0.660417 0.340625 0.6625 0.340625 0.6625 0.339062 0.660417 0.339062 0.660417 0.340625 0.65625 0.345312 0.65 0.345312 0.64375 0.35 0.641667 0.35 0.639583 0.351562 0.63125 0.351562 0.629167 0.353125 0.627083 0.353125 0.625 0.354687 0.622917 0.354687 0.620833 0.35625 0.616667 0.35625 0.614583 0.357812 0.572917 0.357812 0.570833 0.35625 0.564583 0.35625 0.5625 0.354687 0.558333 0.354687 0.55625 0.353125 0.554167 0.353125 0.552083 0.351562 0.541667 0.351562 0.539583 0.35 0.5375 0.35 0.535417 0.348437 0.533333 0.348437 0.53125 0.346875 0.529167 0.346875 0.527083 0.345312 0.525 0.345312 0.514583 0.3375 0.510417 0.3375 0.50625 0.334375 0.50625 0.332812 0.502083 0.329687 0.497917 0.329687 0.495833 0.328125 0.495833 0.334375 0.5 0.3375 0.5 0.339062 0.504167 0.342187 0.50625 0.342187 0.514583 0.348437 0.516667 0.348437 0.522917 0.353125 0.527083 0.353125 0.529167 0.354687 0.533333 0.354687 0.5375 0.357812 0.539583 0.357812 0.541667 0.359375 0.547917 0.359375 0.55 0.360937 0.554167 0.360937 0.55625 0.3625 0.560417 0.3625 0.5625 0.364062 0.572917 0.364062 0.575 0.365625 0.579167 0.365625 0.58125 0.367188 0.60625 0.367188 0.608333 0.365625 0.610417 0.365625 0.6125 0.364062 0.616667 0.364062 0.61875 0.3625 0.622917 0.3625 0.625 0.360937 0.629167 0.360937 0.63125 0.359375 0.633333 0.359375 0.6375 0.35625 0.641667 0.35625 0.64375 0.354687 0.645833 0.354687 0.65625 0.346875 0.65625 0.345312 0.950395
0 0.48125 0.34375 0.479167 0.34375 0.477083 0.345312 0.477083 0.348437 0.472917 0.351562 0.46875 0.351562 0.46875 0.353125 0.464583 0.35625 0.4625 0.35625 0.460417 0.357812 0.458333 0.357812 0.452083 0.3625 0.45 0.3625 0.447917 0.364062 0.445833 0.364062 0.439583 0.36875 0.435417 0.36875 0.433333 0.370312 0.422917 0.370312 0.420833 0.371875 0.416667 0.371875 0.414583 0.373437 0.410417 0.373437 0.408333 0.375 0.35625 0.375 0.354167 0.373437 0.35 0.373437 0.347917 0.371875 0.34375 0.371875 0.341667 0.370312 0.333333 0.370312 0.33125 0.36875 0.327083 0.36875 0.325 0.367188 0.322917 0.367188 0.31875 0.364062 0.316667 0.364062 0.314583 0.3625 0.310417 0.3625 0.304167 0.357812 0.302083 0.357812 0.295833 0.353125 0.295833 0.351562 0.289583 0.351562 0.2875 0.35 0.2875 0.34375 0.285417 0.342187 0.285417 0.340625 0.283333 0.340625 0.28125 0.339062 0.28125 0.340625 0.283333 0.342187 0.283333 0.346875 0.291667 0.353125 0.291667 0.354687 0.29375 0.35625 0.29375 0.357812 0.30625 0.367188 0.308333 0.367188 0.316667 0.373437 0.320833 0.373437 0.322917 0.375 0.325 0.375 0.327083 0.376562 0.329167 0.376562 0.33125 0.378125 0.335417 0.378125 0.3375 0.379687 0.341667 0.379687 0.34375 0.38125 0.35625 0.38125 0.358333 0.382812 0.360417 0.382812 0.3625 0.384375 0.370833 0.384375 0.372917 0.385937 0.389583 0.385937 0.391667 0.384375 0.4 0.384375 0.402083 0.382812 0.40625 0.382812 0.408333 0.38125 0.414583 0.38125 0.416667 0.379687 0.422917 0.379687 0.425 0.378125 0.43125 0.378125 0.435417 0.375 0.4375 0.375 0.439583 0.373437 0.44375 0.373437 0.445833 0.371875 0.45 0.371875 0.458333 0.365625 0.460417 0.365625 0.4625 0.364062 0.4625 0.3625 0.464583 0.360937 0.466667 0.360937 0.470833 0.357812 0.470833 0.35625 0.479167 0.35 0.479167 0.348437 0.48125 0.346875 0.48125 0.34375 0.485417 0.340625 0.4875 0.340625 0.4875 0.3375 0.485417 0.339062 0.485417 0.340625 0.948027
0 0.2875 0.310937 0.2875 0.320312 0.289583 0.320312 0.291667 0.321875 0.291667 0.328125 0.29375 0.329687 0.29375 0.33125 0.302083 0.3375 0.302083 0.339062 0.304167 0.340625 0.30625 0.340625 0.314583 0.346875 0.316667 0.346875 0.31875 0.348437 0.320833 0.348437 0.322917 0.35 0.325 0.35 0.329167 0.353125 0.333333 0.353125 0.335417 0.354687 0.341667 0.354687 0.34375 0.35625 0.347917 0.35625 0.35 0.357812 0.352083 0.357812 0.354167 0.359375 0.408333 0.359375 0.410417 0.357812 0.414583 0.357812 0.416667 0.35625 0.41875 0.35625 0.420833 0.354687 0.427083 0.354687 0.429167 0.353125 0.433333 0.353125 0.435417 0.351562 0.4375 0.351562 0.441667 0.348437 0.445833 0.348437 0.447917 0.346875 0.45 0.346875 0.458333 0.340625 0.460417 0.340625 0.4625 0.339062 0.4625 0.3375 0.466667 0.334375 0.46875 0.334375 0.470833 0.332812 0.470833 0.329687 0.466667 0.332812 0.464583 0.332812 0.4625 0.334375 0.460417 0.334375 0.460417 0.335938 0.458333 0.3375 0.454167 0.3375 0.452083 0.339062 0.45 0.339062 0.445833 0.342187 0.44375 0.342187 0.441667 0.34375 0.435417 0.34375 0.433333 0.345312 0.43125 0.345312 0.427083 0.348437 0.41875 0.348437 0.416667 0.35 0.404167 0.35 0.402083 0.351562 0.370833 0.351562 0.36875 0.35 0.358333 0.35 0.35625 0.348437 0.345833 0.348437 0.34375 0.346875 0.341667 0.346875 0.339583 0.345312 0.335417 0.345312 0.333333 0.34375 0.329167 0.34375 0.327083 0.342187 0.325 0.342187 0.322917 0.340625 0.320833 0.340625 0.316667 0.3375 0.314583 0.3375 0.30625 0.33125 0.304167 0.33125 0.297917 0.326562 0.297917 0.325 0.29375 0.321875 0.291667 0.321875 0.289583 0.320312 0.289583 0.315625 0.2875 0.314062 0.944345
0 0.61875 0.348437 0.616667 0.348437 0.61875 0.348437 0.66875 0.321875 0.664583 0.326562 0.6625 0.325 0.660417 0.326562 0.658333 0.326562 0.658333 0.328125 0.654167 0.33125 0.645833 0.33125 0.64375 0.332812 0.641667 0.332812 0.6375 0.335938 0.629167 0.335938 0.627083 0.3375 0.620833 0.3375 0.61875 0.339062 0.577083 0.339062 0.575 0.3375 0.566667 0.3375 0.564583 0.335938 0.554167 0.335938 0.552083 0.334375 0.55 0.334375 0.547917 0.332812 0.545833 0.332812 0.54375 0.33125 0.539583 0.33125 0.5375 0.329687 0.533333 0.329687 0.529167 0.326562 0.525 0.326562 0.516667 0.320312 0.514583 0.320312 0.5125 0.31875 0.508333 0.31875 0.504167 0.315625 0.5 0.315625 0.5 0.317187 0.516667 0.329687 0.51875 0.329687 0.520833 0.33125 0.522917 0.33125 0.525 0.332812 0.527083 0.332812 0.529167 0.334375 0.53125 0.334375 0.535417 0.3375 0.539583 0.3375 0.541667 0.339062 0.545833 0.339062 0.547917 0.340625 0.552083 0.340625 0.554167 0.342187 0.558333 0.342187 0.560417 0.34375 0.566667 0.34375 0.56875 0.345312 0.5875 0.345312 0.589583 0.346875 0.595833 0.346875 0.597917 0.348437 0.604167 0.348437 0.60625 0.346875 0.608333 0.346875 0.610417 0.345312 0.61875 0.345312 0.620833 0.34375 0.625 0.34375 0.627083 0.342187 0.63125 0.342187 0.633333 0.340625 0.641667 0.340625 0.647917 0.335938 0.65 0.335938 0.652083 0.334375 0.654167 0.334375 0.65625 0.332812 0.65625 0.33125 0.658333 0.329687 0.660417 0.329687 0.6625 0.328125 0.664583 0.328125 0.664583 0.326562 0.66875 0.321875 0.670833 0.320312 0.66875 0.320312 0.66875 0.321875 0.940834
0 0.291667 0.360937 0.291667 0.365625 0.297917 0.370312 0.297917 0.371875 0.302083 0.375 0.304167 0.375 0.30625 0.376562 0.30625 0.378125 0.308333 0.379687 0.310417 0.379687 0.3125 0.38125 0.314583 0.38125 0.320833 0.385937 0.325 0.385937 0.327083 0.3875 0.329167 0.3875 0.33125 0.389062 0.333333 0.389062 0.335417 0.390625 0.341667 0.390625 0.34375 0.392187 0.354167 0.392187 0.35625 0.39375 0.364583 0.39375 0.366667 0.395312 0.395833 0.395312 0.397917 0.39375 0.404167 0.39375 0.40625 0.392187 0.4125 0.392187 0.414583 0.390625 0.427083 0.390625 0.43125 0.3875 0.433333 0.3875 0.435417 0.385937 0.439583 0.385937 0.441667 0.384375 0.445833 0.384375 0.452083 0.379687 0.45625 0.379687 0.477083 0.364062 0.477083 0.3625 0.479167 0.360937 0.479167 0.359375 0.48125 0.357812 0.48125 0.354687 0.479167 0.353125 0.477083 0.354687 0.477083 0.35625 0.466667 0.364062 0.464583 0.364062 0.45625 0.370312 0.454167 0.370312 0.447917 0.375 0.445833 0.375 0.44375 0.376562 0.435417 0.376562 0.429167 0.38125 0.422917 0.38125 0.420833 0.382812 0.40625 0.382812 0.404167 0.384375 0.402083 0.384375 0.4 0.385937 0.395833 0.385937 0.39375 0.3875 0.36875 0.3875 0.366667 0.385937 0.3625 0.385937 0.360417 0.384375 0.358333 0.384375 0.35625 0.382812 0.339583 0.382812 0.3375 0.38125 0.333333 0.38125 0.329167 0.378125 0.327083 0.378125 0.325 0.376562 0.31875 0.376562 0.316667 0.375 0.314583 0.375 0.3125 0.373437 0.3125 0.371875 0.310417 0.371875 0.308333 0.370312 0.30625 0.370312 0.29375 0.360937 0.291667 0.360937 0.2875 0.359375 0.2875 0.351562 0.285417 0.35 0.285417 0.357812 0.2875 0.359375 0.929872
0 0.404167 0.25 0.404167 0.271875 0.408333 0.275 0.408333 0.276562 0.410417 0.278125 0.410417 0.279687 0.41875 0.285937 0.41875 0.2875 0.425 0.292187 0.427083 0.292187 0.433333 0.296875 0.435417 0.296875 0.4375 0.298437 0.439583 0.298437 0.44375 0.301562 0.445833 0.301562 0.447917 0.303125 0.45 0.303125 0.452083 0.304688 0.460417 0.304688 0.4625 0.30625 0.466667 0.30625 0.46875 0.307812 0.48125 0.307812 0.483333 0.309375 0.4875 0.309375 0.489583 0.310937 0.502083 0.310937 0.504167 0.309375 0.535417 0.309375 0.5375 0.310937 0.539583 0.309375 0.552083 0.309375 0.55625 0.30625 0.558333 0.30625 0.560417 0.304688 0.566667 0.304688 0.56875 0.303125 0.572917 0.303125 0.577083 0.3 0.579167 0.3 0.583333 0.296875 0.585417 0.296875 0.59375 0.290625 0.595833 0.290625 0.595833 0.289062 0.597917 0.2875 0.597917 0.285937 0.602083 0.282812 0.602083 0.279687 0.604167 0.278125 0.602083 0.278125 0.602083 0.28125 0.6 0.282812 0.59375 0.282812 0.591667 0.284375 0.591667 0.285937 0.589583 0.2875 0.585417 0.2875 0.579167 0.292187 0.577083 0.292187 0.575 0.29375 0.570833 0.29375 0.56875 0.295312 0.5625 0.295312 0.558333 0.298437 0.55625 0.298437 0.554167 0.3 0.541667 0.3 0.539583 0.301562 0.502083 0.301562 0.5 0.3 0.475 0.3 0.472917 0.298437 0.46875 0.298437 0.464583 0.295312 0.460417 0.295312 0.458333 0.29375 0.452083 0.29375 0.45 0.292187 0.447917 0.292187 0.44375 0.289062 0.441667 0.289062 0.439583 0.2875 0.4375 0.2875 0.429167 0.28125 0.427083 0.28125 0.414583 0.271875 0.414583 0.270312 0.4125 0.26875 0.4125 0.267187 0.40625 0.2625 0.40625 0.260937 0.404167 0.259375 0.918587
0 0.29375 0.304688 0.291667 0.30625 0.291667 0.309375 0.297917 0.314062 0.297917 0.315625 0.302083 0.31875 0.304167 0.31875 0.30625 0.320312 0.30625 0.321875 0.308333 0.323437 0.3125 0.323437 0.314583 0.325 0.316667 0.325 0.322917 0.329687 0.325 0.329687 0.327083 0.33125 0.33125 0.33125 0.333333 0.332812 0.3375 0.332812 0.339583 0.334375 0.341667 0.334375 0.34375 0.335938 0.347917 0.335938 0.35 0.3375 0.360417 0.3375 0.3625 0.339062 0.3875 0.339062 0.389583 0.3375 0.416667 0.3375 0.41875 0.335938 0.425 0.335938 0.427083 0.334375 0.43125 0.334375 0.433333 0.332812 0.435417 0.332812 0.4375 0.33125 0.439583 0.33125 0.441667 0.329687 0.445833 0.329687 0.452083 0.325 0.454167 0.325 0.458333 0.321875 0.460417 0.321875 0.4625 0.320312 0.4625 0.31875 0.464583 0.317187 0.466667 0.317187 0.46875 0.315625 0.470833 0.315625 0.472917 0.314062 0.472917 0.309375 0.470833 0.307812 0.464583 0.3125 0.460417 0.3125 0.458333 0.314062 0.45625 0.314062 0.45 0.31875 0.447917 0.31875 0.445833 0.320312 0.441667 0.320312 0.439583 0.321875 0.4375 0.321875 0.435417 0.323437 0.433333 0.323437 0.43125 0.325 0.429167 0.325 0.427083 0.326562 0.4125 0.326562 0.410417 0.328125 0.408333 0.328125 0.40625 0.329687 0.402083 0.329687 0.4 0.33125 0.366667 0.33125 0.364583 0.329687 0.360417 0.329687 0.358333 0.328125 0.354167 0.328125 0.352083 0.326562 0.3375 0.326562 0.335417 0.325 0.333333 0.325 0.33125 0.323437 0.329167 0.323437 0.325 0.320312 0.31875 0.320312 0.316667 0.31875 0.314583 0.31875 0.3125 0.317187 0.3125 0.315625 0.310417 0.315625 0.308333 0.314062 0.30625 0.314062 0.29375 0.304688 0.2875 0.3 0.2875 0.298437 0.2875 0.3 0.915931
0 0.652083 0.353125 0.654167 0.353125 0.654167 0.351562 0.652083 0.353125 0.645833 0.357812 0.639583 0.357812 0.633333 0.3625 0.627083 0.3625 0.625 0.364062 0.616667 0.364062 0.614583 0.365625 0.597917 0.365625 0.595833 0.367188 0.589583 0.367188 0.5875 0.365625 0.5625 0.365625 0.560417 0.364062 0.552083 0.364062 0.55 0.3625 0.547917 0.3625 0.545833 0.360937 0.539583 0.360937 0.535417 0.357812 0.53125 0.357812 0.529167 0.35625 0.525 0.35625 0.520833 0.353125 0.51875 0.353125 0.514583 0.35 0.5125 0.35 0.502083 0.342187 0.5 0.342187 0.495833 0.339062 0.495833 0.3375 0.495833 0.345312 0.510417 0.35625 0.5125 0.35625 0.51875 0.360937 0.522917 0.360937 0.525 0.3625 0.527083 0.3625 0.53125 0.365625 0.533333 0.365625 0.535417 0.367188 0.539583 0.367188 0.541667 0.36875 0.545833 0.36875 0.547917 0.370312 0.554167 0.370312 0.55625 0.371875 0.558333 0.371875 0.560417 0.373437 0.575 0.373437 0.577083 0.375 0.591667 0.375 0.59375 0.373437 0.60625 0.373437 0.608333 0.371875 0.6125 0.371875 0.614583 0.370312 0.616667 0.370312 0.61875 0.36875 0.620833 0.36875 0.622917 0.367188 0.63125 0.367188 0.633333 0.365625 0.635417 0.365625 0.6375 0.364062 0.6375 0.3625 0.639583 0.360937 0.641667 0.360937 0.64375 0.359375 0.645833 0.359375 0.645833 0.357812 0.898051
0 0.479167 0.3125 0.477083 0.314062 0.475 0.314062 0.475 0.315625 0.472917 0.317187 0.470833 0.317187 0.466667 0.320312 0.464583 0.320312 0.45625 0.326562 0.454167 0.326562 0.447917 0.33125 0.445833 0.33125 0.44375 0.332812 0.4375 0.332812 0.435417 0.334375 0.433333 0.334375 0.43125 0.335938 0.429167 0.335938 0.427083 0.3375 0.422917 0.3375 0.420833 0.339062 0.385417 0.339062 0.383333 0.340625 0.377083 0.340625 0.375 0.339062 0.345833 0.339062 0.34375 0.3375 0.341667 0.3375 0.3375 0.334375 0.335417 0.334375 0.333333 0.332812 0.325 0.332812 0.320833 0.329687 0.31875 0.329687 0.314583 0.326562 0.310417 0.326562 0.302083 0.320312 0.3 0.320312 0.295833 0.317187 0.295833 0.314062 0.291667 0.314062 0.29375 0.315625 0.29375 0.31875 0.302083 0.325 0.302083 0.326562 0.304167 0.328125 0.30625 0.328125 0.310417 0.33125 0.310417 0.332812 0.3125 0.334375 0.316667 0.334375 0.31875 0.335938 0.320833 0.335938 0.327083 0.340625 0.33125 0.340625 0.333333 0.342187 0.3375 0.342187 0.339583 0.34375 0.341667 0.34375 0.345833 0.346875 0.3625 0.346875 0.364583 0.348437 0.40625 0.348437 0.408333 0.346875 0.420833 0.346875 0.422917 0.345312 0.427083 0.345312 0.43125 0.342187 0.433333 0.342187 0.435417 0.340625 0.44375 0.340625 0.45 0.335938 0.454167 0.335938 0.4625 0.329687 0.464583 0.329687 0.46875 0.326562 0.46875 0.325 0.475 0.320312 0.477083 0.320312 0.477083 0.31875 0.479167 0.317187 0.48125 0.317187 0.483333 0.315625 0.483333 0.314062 0.48125 0.314062 0.860874
0 0.527083 0.309375 0.525 0.307812 0.522917 0.307812 0.522917 0.309375 0.527083 0.309375 0.53125 0.3125 0.53125 0.314062 0.533333 0.315625 0.5375 0.315625 0.539583 0.317187 0.541667 0.317187 0.54375 0.31875 0.547917 0.31875 0.55 0.320312 0.554167 0.320312 0.55625 0.321875 0.560417 0.321875 0.5625 0.323437 0.566667 0.323437 0.56875 0.325 0.570833 0.325 0.575 0.328125 0.575 0.329687 0.627083 0.329687 0.629167 0.328125 0.629167 0.326562 0.633333 0.323437 0.6375 0.323437 0.639583 0.321875 0.652083 0.321875 0.658333 0.317187 0.660417 0.317187 0.664583 0.314062 0.666667 0.314062 0.679167 0.304688 0.679167 0.3 0.675 0.303125 0.675 0.304688 0.672917 0.30625 0.670833 0.30625 0.66875 0.307812 0.666667 0.307812 0.664583 0.309375 0.6625 0.309375 0.6625 0.310937 0.660417 0.3125 0.658333 0.3125 0.65625 0.314062 0.645833 0.314062 0.64375 0.315625 0.641667 0.315625 0.6375 0.31875 0.63125 0.31875 0.629167 0.320312 0.5875 0.320312 0.585417 0.31875 0.575 0.31875 0.572917 0.317187 0.56875 0.317187 0.564583 0.314062 0.5625 0.314062 0.560417 0.3125 0.55625 0.3125 0.554167 0.310937 0.533333 0.310937 0.53125 0.3125 0.758259
0 0.66875 0.317187 0.670833 0.315625 0.670833 0.314062 0.66875 0.314062 0.66875 0.317187 0.664583 0.31875 0.677083 0.309375 0.677083 0.309375 0.664583 0.31875 0.660417 0.31875 0.65625 0.321875 0.654167 0.321875 0.652083 0.323437 0.65 0.323437 0.647917 0.325 0.6375 0.325 0.635417 0.326562 0.633333 0.326562 0.627083 0.33125 0.5875 0.33125 0.585417 0.329687 0.575 0.329687 0.572917 0.328125 0.570833 0.328125 0.56875 0.326562 0.564583 0.326562 0.5625 0.325 0.55625 0.325 0.554167 0.323437 0.55 0.323437 0.547917 0.321875 0.545833 0.321875 0.54375 0.320312 0.541667 0.320312 0.539583 0.31875 0.535417 0.31875 0.529167 0.314062 0.522917 0.314062 0.520833 0.3125 0.510417 0.3125 0.508333 0.314062 0.50625 0.314062 0.50625 0.317187 0.5125 0.317187 0.51875 0.321875 0.520833 0.321875 0.522917 0.323437 0.525 0.323437 0.527083 0.325 0.529167 0.325 0.53125 0.326562 0.533333 0.326562 0.535417 0.328125 0.541667 0.328125 0.54375 0.329687 0.545833 0.329687 0.547917 0.33125 0.55 0.33125 0.554167 0.334375 0.570833 0.334375 0.572917 0.335938 0.59375 0.335938 0.595833 0.3375 0.604167 0.3375 0.60625 0.335938 0.622917 0.335938 0.625 0.334375 0.6375 0.334375 0.6375 0.332812 0.641667 0.329687 0.65 0.329687 0.652083 0.328125 0.654167 0.328125 0.65625 0.326562 0.65625 0.325 0.658333 0.323437 0.660417 0.323437 0.6625 0.321875 0.664583 0.321875 0.664583 0.31875 0.534746
0 0.679167 0.3 0.675 0.303125 0.675 0.304688 0.672917 0.30625 0.670833 0.30625 0.66875 0.307812 0.664583 0.307812 0.658333 0.3125 0.65625 0.3125 0.654167 0.314062 0.64375 0.314062 0.639583 0.317187 0.635417 0.317187 0.633333 0.31875 0.577083 0.31875 0.575 0.317187 0.570833 0.317187 0.56875 0.315625 0.564583 0.315625 0.5625 0.314062 0.558333 0.314062 0.55625 0.3125 0.554167 0.3125 0.552083 0.310937 0.541667 0.310937 0.541667 0.315625 0.547917 0.320312 0.55 0.320312 0.552083 0.321875 0.560417 0.321875 0.5625 0.323437 0.566667 0.323437 0.56875 0.325 0.570833 0.325 0.572917 0.326562 0.629167 0.326562 0.633333 0.323437 0.639583 0.323437 0.641667 0.321875 0.652083 0.321875 0.658333 0.317187 0.660417 0.317187 0.6625 0.315625 0.664583 0.315625 0.679167 0.304688 0.372543
0 0.416667 0.339062 0.377083 0.339062 0.375 0.3375 0.35625 0.3375 0.354167 0.339062 0.352083 0.339062 0.416667 0.339062 0.420833 0.334375 0.341667 0.329687 0.34375 0.33125 0.345833 0.33125 0.345833 0.332812 0.347917 0.334375 0.345833 0.335938 0.341667 0.335938 0.339583 0.334375 0.333333 0.334375 0.33125 0.335938 0.320833 0.325 0.322917 0.326562 0.322917 0.328125 0.308333 0.320312 0.445833 0.325 0.295833 0.310937 0.295833 0.307812 0.295833 0.310937 0.445833 0.325 0.445833 0.326562 0.454167 0.326562 0.454167 0.323437 0.45625 0.321875 0.460417 0.321875 0.46875 0.315625 0.472917 0.315625 0.472917 0.314062 0.4625 0.314062 0.458333 0.317187 0.458333 0.31875 0.45625 0.320312 0.454167 0.320312 0.452083 0.321875 0.45 0.321875 0.445833 0.325 0.308333 0.320312 0.304167 0.317187 0.304167 0.320312 0.308333 0.320312 0.322917 0.328125 0.314583 0.328125 0.314583 0.325 0.320833 0.325 0.33125 0.335938 0.329167 0.335938 0.327083 0.334375 0.327083 0.332812 0.329167 0.33125 0.33125 0.33125 0.335417 0.328125 0.3375 0.328125 0.339583 0.329687 0.341667 0.329687 0.420833 0.334375 0.4375 0.334375 0.4375 0.332812 0.435417 0.332812 0.433333 0.33125 0.425 0.33125 0.420833 0.334375 0.0968636
0 0.508333 0.3125 0.50625 0.314062 0.50625 0.315625 0.5125 0.315625 0.520833 0.321875 0.525 0.321875 0.527083 0.323437 0.529167 0.323437 0.53125 0.325 0.533333 0.325 0.5375 0.328125 0.545833 0.328125 0.552083 0.332812 0.5625 0.332812 0.564583 0.334375 0.575 0.334375 0.577083 0.335938 0.595833 0.335938 0.597917 0.3375 0.602083 0.3375 0.604167 0.335938 0.61875 0.335938 0.620833 0.334375 0.635417 0.334375 0.6375 0.332812 0.6375 0.33125 0.641667 0.328125 0.652083 0.328125 0.654167 0.326562 0.654167 0.325 0.658333 0.321875 0.6625 0.321875 0.6625 0.31875 0.660417 0.31875 0.658333 0.320312 0.654167 0.320312 0.652083 0.321875 0.65 0.321875 0.647917 0.323437 0.645833 0.323437 0.64375 0.325 0.635417 0.325 0.633333 0.326562 0.63125 0.326562 0.629167 0.328125 0.627083 0.328125 0.625 0.329687 0.583333 0.329687 0.58125 0.328125 0.575 0.328125 0.572917 0.326562 0.56875 0.326562 0.566667 0.325 0.5625 0.325 0.560417 0.323437 0.554167 0.323437 0.55 0.320312 0.545833 0.320312 0.54375 0.31875 0.539583 0.31875 0.5375 0.317187 0.535417 0.317187 0.53125 0.314062 0.525 0.314062 0.522917 0.3125 0.0748865
0 0.6375 0.328125 0.629167 0.328125 0.627083 0.329687 0.625 0.329687 0.622917 0.33125 0.602083 0.33125 0.6 0.329687 0.59375 0.329687 0.591667 0.328125 0.583333 0.328125 0.58125 0.326562 0.564583 0.326562 0.5625 0.328125 0.560417 0.328125 0.55625 0.33125 0.554167 0.33125 0.554167 0.332812 0.635417 0.332812 0.635417 0.33125 0.6375 0.329687 0.6375 0.328125 0.6625 0.320312 0.660417 0.320312 0.654167 0.325 0.654167 0.326562 0.652083 0.328125 0.666667 0.315625 0.55625 0.321875 0.677083 0.309375 0.677083 0.307812 0.677083 0.309375 0.55625 0.321875 0.554167 0.320312 0.5375 0.320312 0.535417 0.31875 0.533333 0.31875 0.53125 0.317187 0.53125 0.315625 0.529167 0.315625 0.527083 0.314062 0.520833 0.314062 0.520833 0.320312 0.522917 0.321875 0.53125 0.321875 0.535417 0.325 0.535417 0.326562 0.545833 0.326562 0.55 0.323437 0.554167 0.323437 0.55625 0.321875 0.666667 0.315625 0.670833 0.315625 0.670833 0.314062 0.666667 0.314062 0.666667 0.315625 0.652083 0.328125 0.65 0.326562 0.647917 0.326562 0.647917 0.323437 0.652083 0.320312 0.658333 0.320312 0.660417 0.31875 0.6625 0.320312 0.0280687
0 0.666667 0.320312 0.660417 0.320312 0.658333 0.321875 0.658333 0.323437 0.65625 0.325 0.65 0.325 0.647917 0.326562 0.6375 0.326562 0.635417 0.328125 0.633333 0.328125 0.633333 0.329687 0.629167 0.332812 0.620833 0.332812 0.61875 0.334375 0.616667 0.334375 0.61875 0.335938 0.620833 0.335938 0.622917 0.3375 0.633333 0.3375 0.635417 0.339062 0.635417 0.3375 0.6375 0.335938 0.6375 0.334375 0.64375 0.329687 0.654167 0.329687 0.65625 0.328125 0.65625 0.326562 0.660417 0.323437 0.6625 0.323437 0.666667 0.320312 0.66875 0.317187 0.5875 0.334375 0.585417 0.334375 0.583333 0.332812 0.577083 0.332812 0.575 0.33125 0.572917 0.33125 0.56875 0.328125 0.566667 0.328125 0.564583 0.326562 0.558333 0.326562 0.55625 0.325 0.55 0.325 0.547917 0.323437 0.545833 0.323437 0.54375 0.321875 0.541667 0.321875 0.539583 0.320312 0.535417 0.320312 0.533333 0.31875 0.53125 0.31875 0.529167 0.317187 0.529167 0.315625 0.525 0.315625 0.522917 0.314062 0.504167 0.314062 0.504167 0.317187 0.50625 0.317187 0.508333 0.31875 0.510417 0.31875 0.520833 0.326562 0.529167 0.326562 0.53125 0.328125 0.535417 0.328125 0.5375 0.329687 0.54375 0.329687 0.545833 0.33125 0.547917 0.33125 0.554167 0.335938 0.583333 0.335938 0.585417 0.334375 0.5875 0.334375 0.66875 0.317187 0.670833 0.315625 0.66875 0.315625 0.66875 0.317187 0.0120049
0 0.5375 0.314062 0.5375 0.314062 0.55 0.31875 0.55 0.320312 0.554167 0.320312 0.55625 0.321875 0.564583 0.321875 0.566667 0.323437 0.56875 0.323437 0.570833 0.325 0.572917 0.325 0.575 0.326562 0.629167 0.326562 0.629167 0.325 0.63125 0.323437 0.633333 0.323437 0.635417 0.321875 0.647917 0.321875 0.65 0.320312 0.652083 0.320312 0.65625 0.317187 0.658333 0.317187 0.660417 0.315625 0.6625 0.315625 0.66875 0.310937 0.670833 0.310937 0.672917 0.309375 0.672917 0.307812 0.677083 0.304688 0.679167 0.303125 0.679167 0.301562 0.677083 0.301562 0.677083 0.304688 0.672917 0.307812 0.666667 0.307812 0.664583 0.309375 0.6625 0.309375 0.6625 0.310937 0.660417 0.3125 0.65625 0.3125 0.654167 0.314062 0.645833 0.314062 0.64375 0.315625 0.641667 0.315625 0.639583 0.317187 0.6375 0.317187 0.635417 0.31875 0.572917 0.31875 0.570833 0.317187 0.566667 0.317187 0.564583 0.315625 0.55625 0.315625 0.554167 0.317187 0.552083 0.317187 0.55 0.31875 0.0111798
