0 0.59375 0.341406 0.592708 0.342187 0.592708 0.342969 0.585417 0.348437 0.584375 0.348437 0.583333 0.349219 0.582292 0.349219 0.58125 0.35 0.580208 0.35 0.579167 0.350781 0.578125 0.350781 0.577083 0.351562 0.575 0.351562 0.573958 0.352344 0.572917 0.352344 0.571875 0.353125 0.570833 0.353125 0.569792 0.353906 0.567708 0.353906 0.566667 0.354687 0.561458 0.354687 0.560417 0.355469 0.558333 0.355469 0.557292 0.35625 0.55625 0.35625 0.555208 0.357031 0.551042 0.357031 0.55 0.357812 0.541667 0.357812 0.540625 0.358594 0.536458 0.358594 0.535417 0.359375 0.53125 0.359375 0.530208 0.360156 0.519792 0.360156 0.51875 0.360937 0.504167 0.360937 0.503125 0.361719 0.49375 0.361719 0.492708 0.3625 0.471875 0.3625 0.470833 0.363281 0.461458 0.363281 0.460417 0.3625 0.428125 0.3625 0.427083 0.361719 0.420833 0.361719 0.419792 0.360937 0.409375 0.360937 0.408333 0.360156 0.4 0.360156 0.398958 0.359375 0.395833 0.359375 0.394792 0.358594 0.390625 0.358594 0.389583 0.357812 0.383333 0.357812 0.382292 0.357031 0.379167 0.357031 0.378125 0.35625 0.376042 0.35625 0.375 0.355469 0.373958 0.355469 0.372917 0.354687 0.369792 0.354687 0.36875 0.353906 0.366667 0.353906 0.365625 0.353125 0.364583 0.353125 0.3625 0.351562 0.360417 0.351562 0.35625 0.348437 0.355208 0.348437 0.354167 0.347656 0.353125 0.347656 0.353125 0.35625 0.354167 0.357031 0.354167 0.357812 0.355208 0.358594 0.355208 0.359375 0.35625 0.360156 0.35625 0.360937 0.360417 0.364062 0.361458 0.364062 0.365625 0.367188 0.366667 0.367188 0.367708 0.367969 0.36875 0.367969 0.369792 0.36875 0.370833 0.36875 0.371875 0.369531 0.373958 0.369531 0.375 0.370312 0.376042 0.370312 0.377083 0.371094 0.379167 0.371094 0.380208 0.371875 0.383333 0.371875 0.384375 0.372656 0.388542 0.372656 0.389583 0.373437 0.391667 0.373437 0.392708 0.374219 0.394792 0.374219 0.395833 0.375 0.4 0.375 0.401042 0.375781 0.409375 0.375781 0.410417 0.376562 0.415625 0.376562 0.416667 0.377344 0.421875 0.377344 0.422917 0.378125 0.432292 0.378125 0.433333 0.378906 0.503125 0.378906 0.504167 0.378125 0.514583 0.378125 0.515625 0.377344 0.519792 0.377344 0.520833 0.376562 0.526042 0.376562 0.527083 0.375781 0.536458 0.375781 0.5375 0.375 0.542708 0.375 0.54375 0.374219 0.546875 0.374219 0.547917 0.373437 0.55 0.373437 0.551042 0.372656 0.55625 0.372656 0.557292 0.371875 0.559375 0.371875 0.560417 0.371094 0.5625 0.371094 0.563542 0.370312 0.565625 0.370312 0.566667 0.369531 0.569792 0.369531 0.570833 0.36875 0.572917 0.36875 0.573958 0.367969 0.575 0.367969 0.577083 0.366406 0.580208 0.366406 0.582292 0.364844 0.583333 0.364844 0.585417 0.363281 0.586458 0.363281 0.59375 0.357812 0.594792 0.357812 0.594792 0.342187 0.959038
0 0.35625 0.385937 0.35625 0.404687 0.357292 0.405469 0.357292 0.40625 0.358333 0.407031 0.359375 0.407031 0.366667 0.4125 0.367708 0.4125 0.369792 0.414062 0.370833 0.414062 0.372917 0.415625 0.375 0.415625 0.376042 0.416406 0.377083 0.416406 0.378125 0.417187 0.380208 0.417187 0.38125 0.417969 0.382292 0.417969 0.383333 0.41875 0.384375 0.41875 0.385417 0.419531 0.389583 0.419531 0.390625 0.420312 0.392708 0.420312 0.39375 0.421094 0.394792 0.421094 0.395833 0.421875 0.398958 0.421875 0.4 0.422656 0.408333 0.422656 0.409375 0.423437 0.4125 0.423437 0.413542 0.424219 0.416667 0.424219 0.417708 0.425 0.423958 0.425 0.425 0.425781 0.441667 0.425781 0.442708 0.426562 0.4875 0.426562 0.488542 0.425781 0.50625 0.425781 0.507292 0.425 0.513542 0.425 0.514583 0.424219 0.51875 0.424219 0.519792 0.423437 0.523958 0.423437 0.525 0.422656 0.534375 0.422656 0.535417 0.421875 0.5375 0.421875 0.538542 0.421094 0.540625 0.421094 0.541667 0.420312 0.544792 0.420312 0.545833 0.419531 0.55 0.419531 0.551042 0.41875 0.553125 0.41875 0.554167 0.417969 0.555208 0.417969 0.55625 0.417187 0.558333 0.417187 0.559375 0.416406 0.5625 0.416406 0.563542 0.415625 0.564583 0.415625 0.565625 0.414844 0.566667 0.414844 0.567708 0.414062 0.56875 0.414062 0.569792 0.413281 0.571875 0.413281 0.572917 0.4125 0.573958 0.4125 0.576042 0.410937 0.577083 0.410937 0.579167 0.409375 0.580208 0.409375 0.583333 0.407031 0.584375 0.407031 0.586458 0.405469 0.586458 0.404687 0.588542 0.403125 0.588542 0.402344 0.589583 0.401562 0.589583 0.4 0.590625 0.399219 0.590625 0.394531 0.589583 0.39375 0.588542 0.394531 0.5875 0.394531 0.586458 0.395312 0.585417 0.395312 0.582292 0.397656 0.58125 0.397656 0.580208 0.398438 0.578125 0.398438 0.577083 0.399219 0.576042 0.399219 0.573958 0.400781 0.572917 0.400781 0.571875 0.401562 0.56875 0.401562 0.567708 0.402344 0.566667 0.402344 0.565625 0.403125 0.563542 0.403125 0.5625 0.403906 0.560417 0.403906 0.559375 0.404687 0.555208 0.404687 0.554167 0.405469 0.551042 0.405469 0.55 0.40625 0.548958 0.40625 0.547917 0.407031 0.544792 0.407031 0.54375 0.407812 0.538542 0.407812 0.5375 0.408594 0.532292 0.408594 0.53125 0.409375 0.527083 0.409375 0.526042 0.410156 0.51875 0.410156 0.517708 0.410937 0.505208 0.410937 0.504167 0.411719 0.492708 0.411719 0.491667 0.4125 0.451042 0.4125 0.45 0.411719 0.434375 0.411719 0.433333 0.410937 0.421875 0.410937 0.420833 0.410156 0.415625 0.410156 0.414583 0.409375 0.411458 0.409375 0.410417 0.408594 0.40625 0.408594 0.405208 0.407812 0.401042 0.407812 0.4 0.407031 0.397917 0.407031 0.396875 0.40625 0.394792 0.40625 0.39375 0.405469 0.391667 0.405469 0.390625 0.404687 0.3875 0.404687 0.386458 0.403906 0.384375 0.403906 0.383333 0.403125 0.382292 0.403125 0.38125 0.402344 0.380208 0.402344 0.379167 0.401562 0.377083 0.401562 0.376042 0.400781 0.375 0.400781 0.372917 0.399219 0.371875 0.399219 0.370833 0.398438 0.369792 0.398438 0.36875 0.397656 0.367708 0.397656 0.363542 0.394531 0.363542 0.39375 0.360417 0.391406 0.360417 0.389062 0.359375 0.388281 0.359375 0.386719 0.357292 0.386719 0.957352
0 0.585417 0.485156 0.584375 0.485937 0.584375 0.486719 0.58125 0.489062 0.58125 0.489844 0.578125 0.492187 0.577083 0.492187 0.577083 0.492969 0.575 0.494531 0.573958 0.494531 0.570833 0.496875 0.569792 0.496875 0.567708 0.498437 0.566667 0.498437 0.565625 0.499219 0.564583 0.499219 0.5625 0.500781 0.561458 0.500781 0.560417 0.501562 0.558333 0.501562 0.557292 0.502344 0.55625 0.502344 0.554167 0.503906 0.552083 0.503906 0.551042 0.504687 0.548958 0.504687 0.547917 0.505469 0.546875 0.505469 0.545833 0.50625 0.544792 0.50625 0.54375 0.507031 0.540625 0.507031 0.539583 0.507812 0.535417 0.507812 0.534375 0.508594 0.53125 0.508594 0.530208 0.509375 0.529167 0.509375 0.528125 0.510156 0.523958 0.510156 0.522917 0.510937 0.516667 0.510937 0.515625 0.511719 0.511458 0.511719 0.510417 0.5125 0.50625 0.5125 0.505208 0.513281 0.496875 0.513281 0.495833 0.514062 0.442708 0.514062 0.441667 0.513281 0.433333 0.513281 0.432292 0.5125 0.428125 0.5125 0.427083 0.511719 0.422917 0.511719 0.421875 0.510937 0.415625 0.510937 0.414583 0.510156 0.4125 0.510156 0.411458 0.509375 0.409375 0.509375 0.408333 0.508594 0.40625 0.508594 0.405208 0.507812 0.401042 0.507812 0.4 0.507031 0.397917 0.507031 0.396875 0.50625 0.395833 0.50625 0.394792 0.505469 0.39375 0.505469 0.392708 0.504687 0.390625 0.504687 0.389583 0.503906 0.388542 0.503906 0.3875 0.503125 0.386458 0.503125 0.384375 0.501562 0.382292 0.501562 0.38125 0.500781 0.380208 0.500781 0.377083 0.498437 0.376042 0.498437 0.364583 0.489844 0.364583 0.489062 0.363542 0.489062 0.363542 0.496875 0.364583 0.497656 0.364583 0.498437 0.365625 0.499219 0.365625 0.500781 0.366667 0.501562 0.366667 0.502344 0.36875 0.503906 0.36875 0.504687 0.371875 0.507031 0.371875 0.507812 0.373958 0.509375 0.375 0.509375 0.379167 0.5125 0.380208 0.5125 0.382292 0.514062 0.383333 0.514062 0.385417 0.515625 0.386458 0.515625 0.3875 0.516406 0.389583 0.516406 0.390625 0.517188 0.391667 0.517188 0.392708 0.517969 0.39375 0.517969 0.394792 0.51875 0.395833 0.51875 0.396875 0.519531 0.398958 0.519531 0.4 0.520312 0.402083 0.520312 0.403125 0.521094 0.405208 0.521094 0.40625 0.521875 0.408333 0.521875 0.409375 0.522656 0.413542 0.522656 0.414583 0.523438 0.416667 0.523438 0.417708 0.524219 0.419792 0.524219 0.420833 0.525 0.425 0.525 0.426042 0.525781 0.433333 0.525781 0.434375 0.526562 0.441667 0.526562 0.442708 0.527344 0.453125 0.527344 0.454167 0.528125 0.4875 0.528125 0.488542 0.527344 0.498958 0.527344 0.5 0.526562 0.507292 0.526562 0.508333 0.525781 0.517708 0.525781 0.51875 0.525 0.522917 0.525 0.523958 0.524219 0.526042 0.524219 0.527083 0.523438 0.529167 0.523438 0.530208 0.522656 0.535417 0.522656 0.536458 0.521875 0.538542 0.521875 0.539583 0.521094 0.541667 0.521094 0.542708 0.520312 0.544792 0.520312 0.545833 0.519531 0.547917 0.519531 0.548958 0.51875 0.551042 0.51875 0.552083 0.517969 0.553125 0.517969 0.554167 0.517188 0.555208 0.517188 0.55625 0.516406 0.558333 0.516406 0.559375 0.515625 0.560417 0.515625 0.5625 0.514062 0.563542 0.514062 0.564583 0.513281 0.565625 0.513281 0.566667 0.5125 0.567708 0.5125 0.569792 0.510937 0.570833 0.510937 0.575 0.507812 0.576042 0.507812 0.583333 0.502344 0.583333 0.501562 0.584375 0.500781 0.584375 0.5 0.586458 0.498437 0.586458 0.485937 0.951039
0 0.363542 0.452344 0.363542 0.453125 0.361458 0.454687 0.360417 0.454687 0.360417 0.455469 0.359375 0.45625 0.359375 0.472656 0.361458 0.474219 0.361458 0.475 0.364583 0.477344 0.364583 0.478125 0.367708 0.480469 0.36875 0.480469 0.370833 0.482031 0.371875 0.482031 0.375 0.484375 0.376042 0.484375 0.377083 0.485156 0.378125 0.485156 0.379167 0.485937 0.380208 0.485937 0.382292 0.4875 0.383333 0.4875 0.384375 0.488281 0.386458 0.488281 0.3875 0.489062 0.388542 0.489062 0.389583 0.489844 0.390625 0.489844 0.391667 0.490625 0.392708 0.490625 0.39375 0.491406 0.397917 0.491406 0.398958 0.492187 0.4 0.492187 0.401042 0.492969 0.403125 0.492969 0.404167 0.49375 0.40625 0.49375 0.407292 0.494531 0.4125 0.494531 0.413542 0.495312 0.417708 0.495312 0.41875 0.496094 0.420833 0.496094 0.421875 0.496875 0.427083 0.496875 0.428125 0.497656 0.441667 0.497656 0.442708 0.498437 0.455208 0.498437 0.45625 0.499219 0.480208 0.499219 0.48125 0.498437 0.494792 0.498437 0.495833 0.497656 0.509375 0.497656 0.510417 0.496875 0.515625 0.496875 0.516667 0.496094 0.51875 0.496094 0.519792 0.495312 0.523958 0.495312 0.525 0.494531 0.53125 0.494531 0.532292 0.49375 0.534375 0.49375 0.535417 0.492969 0.5375 0.492969 0.538542 0.492187 0.540625 0.492187 0.541667 0.491406 0.544792 0.491406 0.545833 0.490625 0.547917 0.490625 0.548958 0.489844 0.55 0.489844 0.551042 0.489062 0.552083 0.489062 0.553125 0.488281 0.55625 0.488281 0.557292 0.4875 0.558333 0.4875 0.559375 0.486719 0.560417 0.486719 0.561458 0.485937 0.5625 0.485937 0.563542 0.485156 0.564583 0.485156 0.566667 0.483594 0.567708 0.483594 0.569792 0.482031 0.570833 0.482031 0.572917 0.480469 0.573958 0.480469 0.583333 0.473437 0.583333 0.471875 0.584375 0.471094 0.584375 0.469531 0.585417 0.46875 0.585417 0.463281 0.584375 0.463281 0.584375 0.464062 0.582292 0.465625 0.58125 0.465625 0.578125 0.467969 0.577083 0.467969 0.575 0.469531 0.573958 0.469531 0.572917 0.470312 0.571875 0.470312 0.570833 0.471094 0.569792 0.471094 0.56875 0.471875 0.567708 0.471875 0.566667 0.472656 0.565625 0.472656 0.564583 0.473437 0.5625 0.473437 0.561458 0.474219 0.560417 0.474219 0.559375 0.475 0.558333 0.475 0.557292 0.475781 0.554167 0.475781 0.553125 0.476562 0.551042 0.476562 0.55 0.477344 0.548958 0.477344 0.547917 0.478125 0.545833 0.478125 0.544792 0.478906 0.541667 0.478906 0.540625 0.479687 0.5375 0.479687 0.536458 0.480469 0.533333 0.480469 0.532292 0.48125 0.529167 0.48125 0.528125 0.482031 0.522917 0.482031 0.521875 0.482812 0.514583 0.482812 0.513542 0.483594 0.508333 0.483594 0.507292 0.484375 0.5 0.484375 0.498958 0.485156 0.479167 0.485156 0.478125 0.485937 0.46875 0.485937 0.467708 0.485156 0.445833 0.485156 0.444792 0.484375 0.438542 0.484375 0.4375 0.483594 0.432292 0.483594 0.43125 0.482812 0.422917 0.482812 0.421875 0.482031 0.416667 0.482031 0.415625 0.48125 0.413542 0.48125 0.4125 0.480469 0.410417 0.480469 0.409375 0.479687 0.40625 0.479687 0.405208 0.478906 0.403125 0.478906 0.402083 0.478125 0.4 0.478125 0.398958 0.477344 0.397917 0.477344 0.396875 0.476562 0.39375 0.476562 0.392708 0.475781 0.390625 0.475781 0.389583 0.475 0.388542 0.475 0.3875 0.474219 0.386458 0.474219 0.385417 0.473437 0.384375 0.473437 0.383333 0.472656 0.382292 0.472656 0.38125 0.471875 0.380208 0.471875 0.378125 0.470312 0.377083 0.470312 0.371875 0.466406 0.370833 0.466406 0.36875 0.464844 0.36875 0.464062 0.366667 0.4625 0.366667 0.461719 0.365625 0.460937 0.365625 0.460156 0.364583 0.459375 0.364583 0.455469 0.363542 0.454687 0.946668
0 0.355208 0.359375 0.355208 0.364062 0.35625 0.364844 0.35625 0.36875 0.357292 0.369531 0.357292 0.372656 0.358333 0.373437 0.358333 0.374219 0.359375 0.375 0.359375 0.375781 0.360417 0.376562 0.360417 0.377344 0.363542 0.379687 0.364583 0.379687 0.367708 0.382031 0.36875 0.382031 0.370833 0.383594 0.371875 0.383594 0.372917 0.384375 0.373958 0.384375 0.375 0.385156 0.377083 0.385156 0.378125 0.385937 0.379167 0.385937 0.380208 0.386719 0.382292 0.386719 0.383333 0.3875 0.384375 0.3875 0.385417 0.388281 0.388542 0.388281 0.389583 0.389062 0.391667 0.389062 0.392708 0.389844 0.395833 0.389844 0.396875 0.390625 0.4 0.390625 0.401042 0.391406 0.40625 0.391406 0.407292 0.392187 0.4125 0.392187 0.413542 0.392969 0.41875 0.392969 0.419792 0.39375 0.428125 0.39375 0.429167 0.394531 0.445833 0.394531 0.446875 0.395312 0.496875 0.395312 0.497917 0.394531 0.511458 0.394531 0.5125 0.39375 0.521875 0.39375 0.522917 0.392969 0.528125 0.392969 0.529167 0.392187 0.533333 0.392187 0.534375 0.391406 0.540625 0.391406 0.541667 0.390625 0.545833 0.390625 0.546875 0.389844 0.55 0.389844 0.551042 0.389062 0.554167 0.389062 0.555208 0.388281 0.558333 0.388281 0.559375 0.3875 0.5625 0.3875 0.563542 0.386719 0.565625 0.386719 0.566667 0.385937 0.567708 0.385937 0.56875 0.385156 0.571875 0.385156 0.572917 0.384375 0.573958 0.384375 0.575 0.383594 0.576042 0.383594 0.577083 0.382812 0.578125 0.382812 0.579167 0.382031 0.580208 0.382031 0.58125 0.38125 0.582292 0.38125 0.584375 0.379687 0.585417 0.379687 0.588542 0.377344 0.589583 0.377344 0.591667 0.375781 0.591667 0.375 0.595833 0.371875 0.595833 0.359375 0.59375 0.359375 0.588542 0.363281 0.5875 0.363281 0.585417 0.364844 0.584375 0.364844 0.582292 0.366406 0.58125 0.366406 0.580208 0.367188 0.578125 0.367188 0.577083 0.367969 0.576042 0.367969 0.575 0.36875 0.573958 0.36875 0.572917 0.369531 0.569792 0.369531 0.56875 0.370312 0.565625 0.370312 0.564583 0.371094 0.5625 0.371094 0.561458 0.371875 0.559375 0.371875 0.558333 0.372656 0.555208 0.372656 0.554167 0.373437 0.55 0.373437 0.548958 0.374219 0.545833 0.374219 0.544792 0.375 0.540625 0.375 0.539583 0.375781 0.533333 0.375781 0.532292 0.376562 0.523958 0.376562 0.522917 0.377344 0.517708 0.377344 0.516667 0.378125 0.511458 0.378125 0.510417 0.378906 0.496875 0.378906 0.495833 0.379687 0.44375 0.379687 0.442708 0.378906 0.429167 0.378906 0.428125 0.378125 0.421875 0.378125 0.420833 0.377344 0.414583 0.377344 0.413542 0.376562 0.404167 0.376562 0.403125 0.375781 0.398958 0.375781 0.397917 0.375 0.394792 0.375 0.39375 0.374219 0.391667 0.374219 0.390625 0.373437 0.3875 0.373437 0.386458 0.372656 0.383333 0.372656 0.382292 0.371875 0.378125 0.371875 0.377083 0.371094 0.375 0.371094 0.373958 0.370312 0.372917 0.370312 0.371875 0.369531 0.370833 0.369531 0.369792 0.36875 0.36875 0.36875 0.367708 0.367969 0.366667 0.367969 0.361458 0.364062 0.360417 0.364062 0.35625 0.360937 0.35625 0.359375 0.9459
0 0.351042 0.325781 0.351042 0.34375 0.352083 0.344531 0.352083 0.345312 0.35625 0.348437 0.357292 0.348437 0.360417 0.350781 0.3625 0.350781 0.364583 0.352344 0.365625 0.352344 0.366667 0.353125 0.367708 0.353125 0.36875 0.353906 0.371875 0.353906 0.372917 0.354687 0.373958 0.354687 0.375 0.355469 0.377083 0.355469 0.378125 0.35625 0.380208 0.35625 0.38125 0.357031 0.388542 0.357031 0.389583 0.357812 0.392708 0.357812 0.39375 0.358594 0.396875 0.358594 0.397917 0.359375 0.404167 0.359375 0.405208 0.360156 0.413542 0.360156 0.414583 0.360937 0.420833 0.360937 0.421875 0.361719 0.429167 0.361719 0.430208 0.3625 0.489583 0.3625 0.490625 0.361719 0.502083 0.361719 0.503125 0.360937 0.510417 0.360937 0.511458 0.360156 0.523958 0.360156 0.525 0.359375 0.532292 0.359375 0.533333 0.358594 0.5375 0.358594 0.538542 0.357812 0.542708 0.357812 0.54375 0.357031 0.551042 0.357031 0.552083 0.35625 0.555208 0.35625 0.55625 0.355469 0.558333 0.355469 0.559375 0.354687 0.561458 0.354687 0.5625 0.353906 0.565625 0.353906 0.566667 0.353125 0.56875 0.353125 0.569792 0.352344 0.570833 0.352344 0.571875 0.351562 0.572917 0.351562 0.573958 0.350781 0.576042 0.350781 0.577083 0.35 0.578125 0.35 0.579167 0.349219 0.580208 0.349219 0.582292 0.347656 0.584375 0.347656 0.591667 0.342187 0.591667 0.341406 0.592708 0.340625 0.592708 0.339844 0.59375 0.339062 0.59375 0.338281 0.594792 0.3375 0.594792 0.332812 0.59375 0.332031 0.59375 0.330469 0.592708 0.330469 0.590625 0.332031 0.589583 0.332031 0.588542 0.332812 0.585417 0.332812 0.583333 0.334375 0.582292 0.334375 0.58125 0.335156 0.579167 0.335156 0.578125 0.335938 0.575 0.335938 0.573958 0.336719 0.572917 0.336719 0.571875 0.3375 0.569792 0.3375 0.56875 0.338281 0.564583 0.338281 0.563542 0.339062 0.558333 0.339062 0.557292 0.339844 0.555208 0.339844 0.554167 0.340625 0.552083 0.340625 0.551042 0.341406 0.544792 0.341406 0.54375 0.342187 0.533333 0.342187 0.532292 0.342969 0.528125 0.342969 0.527083 0.34375 0.520833 0.34375 0.519792 0.344531 0.504167 0.344531 0.503125 0.345312 0.43125 0.345312 0.430208 0.344531 0.416667 0.344531 0.415625 0.34375 0.409375 0.34375 0.408333 0.342969 0.405208 0.342969 0.404167 0.342187 0.39375 0.342187 0.392708 0.341406 0.386458 0.341406 0.385417 0.340625 0.383333 0.340625 0.382292 0.339844 0.38125 0.339844 0.380208 0.339062 0.375 0.339062 0.373958 0.338281 0.371875 0.338281 0.370833 0.3375 0.369792 0.3375 0.367708 0.335938 0.365625 0.335938 0.364583 0.335156 0.363542 0.335156 0.35625 0.329687 0.35625 0.328906 0.355208 0.328125 0.355208 0.327344 0.354167 0.327344 0.352083 0.325781 0.944594
0 0.363542 0.500781 0.363542 0.507812 0.364583 0.508594 0.364583 0.510156 0.365625 0.510937 0.365625 0.5125 0.366667 0.513281 0.366667 0.514062 0.36875 0.515625 0.36875 0.516406 0.369792 0.517188 0.369792 0.517969 0.380208 0.525781 0.38125 0.525781 0.384375 0.528125 0.385417 0.528125 0.386458 0.528906 0.388542 0.528906 0.390625 0.530469 0.391667 0.530469 0.392708 0.53125 0.39375 0.53125 0.394792 0.532031 0.396875 0.532031 0.397917 0.532812 0.398958 0.532812 0.4 0.533594 0.401042 0.533594 0.402083 0.534375 0.404167 0.534375 0.405208 0.535156 0.408333 0.535156 0.409375 0.535937 0.410417 0.535937 0.411458 0.536719 0.413542 0.536719 0.414583 0.5375 0.417708 0.5375 0.41875 0.538281 0.422917 0.538281 0.423958 0.539062 0.428125 0.539062 0.429167 0.539844 0.433333 0.539844 0.434375 0.540625 0.440625 0.540625 0.441667 0.541406 0.457292 0.541406 0.458333 0.542187 0.485417 0.542187 0.486458 0.541406 0.501042 0.541406 0.502083 0.540625 0.508333 0.540625 0.509375 0.539844 0.513542 0.539844 0.514583 0.539062 0.517708 0.539062 0.51875 0.538281 0.525 0.538281 0.526042 0.5375 0.529167 0.5375 0.530208 0.536719 0.532292 0.536719 0.533333 0.535937 0.535417 0.535937 0.536458 0.535156 0.539583 0.535156 0.540625 0.534375 0.54375 0.534375 0.544792 0.533594 0.545833 0.533594 0.546875 0.532812 0.547917 0.532812 0.548958 0.532031 0.551042 0.532031 0.552083 0.53125 0.553125 0.53125 0.554167 0.530469 0.555208 0.530469 0.55625 0.529687 0.557292 0.529687 0.558333 0.528906 0.560417 0.528906 0.561458 0.528125 0.5625 0.528125 0.564583 0.526562 0.565625 0.526562 0.566667 0.525781 0.567708 0.525781 0.571875 0.522656 0.572917 0.522656 0.58125 0.516406 0.58125 0.515625 0.582292 0.514844 0.582292 0.514062 0.583333 0.513281 0.583333 0.511719 0.584375 0.510937 0.584375 0.510156 0.585417 0.509375 0.585417 0.507812 0.586458 0.507031 0.586458 0.502344 0.585417 0.501562 0.585417 0.500781 0.584375 0.501562 0.584375 0.502344 0.573958 0.510156 0.572917 0.510156 0.56875 0.513281 0.567708 0.513281 0.566667 0.514062 0.564583 0.514062 0.5625 0.515625 0.561458 0.515625 0.559375 0.517188 0.55625 0.517188 0.555208 0.517969 0.554167 0.517969 0.552083 0.519531 0.55 0.519531 0.548958 0.520312 0.544792 0.520312 0.54375 0.521094 0.542708 0.521094 0.541667 0.521875 0.539583 0.521875 0.538542 0.522656 0.536458 0.522656 0.535417 0.523438 0.530208 0.523438 0.529167 0.524219 0.526042 0.524219 0.525 0.525 0.522917 0.525 0.521875 0.525781 0.517708 0.525781 0.516667 0.526562 0.508333 0.526562 0.507292 0.527344 0.498958 0.527344 0.497917 0.528125 0.485417 0.528125 0.484375 0.528906 0.454167 0.528906 0.453125 0.528125 0.442708 0.528125 0.441667 0.527344 0.435417 0.527344 0.434375 0.526562 0.426042 0.526562 0.425 0.525781 0.420833 0.525781 0.419792 0.525 0.417708 0.525 0.416667 0.524219 0.414583 0.524219 0.413542 0.523438 0.409375 0.523438 0.408333 0.522656 0.405208 0.522656 0.404167 0.521875 0.403125 0.521875 0.402083 0.521094 0.4 0.521094 0.398958 0.520312 0.396875 0.520312 0.395833 0.519531 0.39375 0.519531 0.392708 0.51875 0.391667 0.51875 0.390625 0.517969 0.389583 0.517969 0.388542 0.517188 0.3875 0.517188 0.386458 0.516406 0.385417 0.516406 0.384375 0.515625 0.383333 0.515625 0.38125 0.514062 0.380208 0.514062 0.375 0.510156 0.373958 0.510156 0.371875 0.508594 0.371875 0.507812 0.36875 0.505469 0.36875 0.504687 0.367708 0.503906 0.366667 0.503906 0.364583 0.502344 0.364583 0.501562 0.942875
0 0.589583 0.403125 0.5875 0.404687 0.5875 0.405469 0.585417 0.407031 0.584375 0.407031 0.580208 0.410156 0.579167 0.410156 0.577083 0.411719 0.576042 0.411719 0.573958 0.413281 0.572917 0.413281 0.571875 0.414062 0.569792 0.414062 0.56875 0.414844 0.567708 0.414844 0.566667 0.415625 0.565625 0.415625 0.564583 0.416406 0.563542 0.416406 0.5625 0.417187 0.559375 0.417187 0.558333 0.417969 0.55625 0.417969 0.555208 0.41875 0.554167 0.41875 0.553125 0.419531 0.55 0.419531 0.548958 0.420312 0.544792 0.420312 0.54375 0.421094 0.541667 0.421094 0.540625 0.421875 0.538542 0.421875 0.5375 0.422656 0.534375 0.422656 0.533333 0.423437 0.526042 0.423437 0.525 0.424219 0.519792 0.424219 0.51875 0.425 0.513542 0.425 0.5125 0.425781 0.503125 0.425781 0.502083 0.426562 0.484375 0.426562 0.483333 0.427344 0.447917 0.427344 0.446875 0.426562 0.430208 0.426562 0.429167 0.425781 0.419792 0.425781 0.41875 0.425 0.414583 0.425 0.413542 0.424219 0.409375 0.424219 0.408333 0.423437 0.401042 0.423437 0.4 0.422656 0.396875 0.422656 0.395833 0.421875 0.39375 0.421875 0.392708 0.421094 0.391667 0.421094 0.390625 0.420312 0.386458 0.420312 0.385417 0.419531 0.383333 0.419531 0.382292 0.41875 0.38125 0.41875 0.380208 0.417969 0.379167 0.417969 0.378125 0.417187 0.376042 0.417187 0.375 0.416406 0.372917 0.416406 0.370833 0.414844 0.369792 0.414844 0.367708 0.413281 0.366667 0.413281 0.357292 0.40625 0.357292 0.41875 0.358333 0.419531 0.358333 0.420312 0.364583 0.425 0.365625 0.425 0.366667 0.425781 0.367708 0.425781 0.370833 0.428125 0.371875 0.428125 0.372917 0.428906 0.373958 0.428906 0.375 0.429688 0.376042 0.429688 0.377083 0.430469 0.378125 0.430469 0.379167 0.43125 0.380208 0.43125 0.38125 0.432031 0.383333 0.432031 0.384375 0.432812 0.386458 0.432812 0.3875 0.433594 0.389583 0.433594 0.390625 0.434375 0.392708 0.434375 0.39375 0.435156 0.397917 0.435156 0.398958 0.435937 0.401042 0.435937 0.402083 0.436719 0.404167 0.436719 0.405208 0.4375 0.410417 0.4375 0.411458 0.438281 0.419792 0.438281 0.420833 0.439062 0.427083 0.439062 0.428125 0.439844 0.433333 0.439844 0.434375 0.440625 0.45 0.440625 0.451042 0.441406 0.492708 0.441406 0.49375 0.440625 0.505208 0.440625 0.50625 0.439844 0.510417 0.439844 0.511458 0.439062 0.516667 0.439062 0.517708 0.438281 0.528125 0.438281 0.529167 0.4375 0.532292 0.4375 0.533333 0.436719 0.535417 0.436719 0.536458 0.435937 0.539583 0.435937 0.540625 0.435156 0.545833 0.435156 0.546875 0.434375 0.548958 0.434375 0.55 0.433594 0.552083 0.433594 0.553125 0.432812 0.554167 0.432812 0.555208 0.432031 0.559375 0.432031 0.560417 0.43125 0.561458 0.43125 0.5625 0.430469 0.563542 0.430469 0.564583 0.429688 0.565625 0.429688 0.566667 0.428906 0.56875 0.428906 0.569792 0.428125 0.570833 0.428125 0.572917 0.426562 0.573958 0.426562 0.575 0.425781 0.576042 0.425781 0.578125 0.424219 0.579167 0.424219 0.589583 0.416406 0.589583 0.415625 0.590625 0.414844 0.590625 0.405469 0.589583 0.404687 0.942553
0 0.590625 0.415625 0.588542 0.417187 0.588542 0.417969 0.578125 0.425781 0.577083 0.425781 0.576042 0.426562 0.575 0.426562 0.573958 0.427344 0.572917 0.427344 0.570833 0.428906 0.569792 0.428906 0.56875 0.429688 0.565625 0.429688 0.564583 0.430469 0.563542 0.430469 0.561458 0.432031 0.559375 0.432031 0.558333 0.432812 0.555208 0.432812 0.554167 0.433594 0.552083 0.433594 0.551042 0.434375 0.55 0.434375 0.548958 0.435156 0.544792 0.435156 0.54375 0.435937 0.539583 0.435937 0.538542 0.436719 0.536458 0.436719 0.535417 0.4375 0.532292 0.4375 0.53125 0.438281 0.525 0.438281 0.523958 0.439062 0.516667 0.439062 0.515625 0.439844 0.511458 0.439844 0.510417 0.440625 0.505208 0.440625 0.504167 0.441406 0.490625 0.441406 0.489583 0.442187 0.45625 0.442187 0.455208 0.441406 0.436458 0.441406 0.435417 0.440625 0.428125 0.440625 0.427083 0.439844 0.421875 0.439844 0.420833 0.439062 0.414583 0.439062 0.413542 0.438281 0.407292 0.438281 0.40625 0.4375 0.403125 0.4375 0.402083 0.436719 0.398958 0.436719 0.397917 0.435937 0.394792 0.435937 0.39375 0.435156 0.390625 0.435156 0.389583 0.434375 0.3875 0.434375 0.386458 0.433594 0.385417 0.433594 0.384375 0.432812 0.382292 0.432812 0.38125 0.432031 0.379167 0.432031 0.377083 0.430469 0.376042 0.430469 0.375 0.429688 0.372917 0.429688 0.371875 0.428906 0.370833 0.428906 0.367708 0.426562 0.366667 0.426562 0.364583 0.425 0.363542 0.425 0.360417 0.422656 0.359375 0.422656 0.359375 0.426562 0.360417 0.427344 0.360417 0.428906 0.361458 0.429688 0.361458 0.430469 0.3625 0.43125 0.3625 0.432031 0.363542 0.432812 0.363542 0.433594 0.364583 0.434375 0.364583 0.435156 0.372917 0.441406 0.373958 0.441406 0.375 0.442187 0.376042 0.442187 0.377083 0.442969 0.378125 0.442969 0.380208 0.444531 0.382292 0.444531 0.383333 0.445312 0.384375 0.445312 0.385417 0.446094 0.386458 0.446094 0.3875 0.446875 0.388542 0.446875 0.389583 0.447656 0.39375 0.447656 0.394792 0.448437 0.395833 0.448437 0.396875 0.449219 0.397917 0.449219 0.398958 0.45 0.401042 0.45 0.402083 0.450781 0.407292 0.450781 0.408333 0.451562 0.4125 0.451562 0.413542 0.452344 0.416667 0.452344 0.417708 0.453125 0.421875 0.453125 0.422917 0.453906 0.434375 0.453906 0.435417 0.454687 0.444792 0.454687 0.445833 0.455469 0.454167 0.455469 0.455208 0.45625 0.486458 0.45625 0.4875 0.455469 0.495833 0.455469 0.496875 0.454687 0.504167 0.454687 0.505208 0.453906 0.517708 0.453906 0.51875 0.453125 0.525 0.453125 0.526042 0.452344 0.529167 0.452344 0.530208 0.451562 0.533333 0.451562 0.534375 0.450781 0.541667 0.450781 0.542708 0.45 0.544792 0.45 0.545833 0.449219 0.546875 0.449219 0.547917 0.448437 0.55 0.448437 0.551042 0.447656 0.555208 0.447656 0.55625 0.446875 0.558333 0.446875 0.559375 0.446094 0.560417 0.446094 0.561458 0.445312 0.563542 0.445312 0.564583 0.444531 0.566667 0.444531 0.567708 0.44375 0.56875 0.44375 0.569792 0.442969 0.570833 0.442969 0.572917 0.441406 0.575 0.441406 0.576042 0.440625 0.577083 0.440625 0.580208 0.438281 0.58125 0.438281 0.585417 0.435156 0.586458 0.435156 0.588542 0.433594 0.588542 0.432812 0.590625 0.43125 0.590625 0.430469 0.591667 0.429688 0.591667 0.415625 0.941626
0 0.359375 0.430469 0.359375 0.442969 0.360417 0.44375 0.360417 0.444531 0.361458 0.445312 0.361458 0.446094 0.3625 0.446875 0.3625 0.447656 0.367708 0.451562 0.36875 0.451562 0.372917 0.454687 0.373958 0.454687 0.377083 0.457031 0.378125 0.457031 0.379167 0.457812 0.380208 0.457812 0.38125 0.458594 0.382292 0.458594 0.384375 0.460156 0.386458 0.460156 0.3875 0.460937 0.389583 0.460937 0.390625 0.461719 0.391667 0.461719 0.39375 0.463281 0.398958 0.463281 0.4 0.464062 0.403125 0.464062 0.404167 0.464844 0.405208 0.464844 0.40625 0.465625 0.408333 0.465625 0.409375 0.466406 0.416667 0.466406 0.417708 0.467187 0.421875 0.467187 0.422917 0.467969 0.426042 0.467969 0.427083 0.46875 0.432292 0.46875 0.433333 0.469531 0.45 0.469531 0.451042 0.470312 0.482292 0.470312 0.483333 0.469531 0.507292 0.469531 0.508333 0.46875 0.513542 0.46875 0.514583 0.467969 0.517708 0.467969 0.51875 0.467187 0.523958 0.467187 0.525 0.466406 0.533333 0.466406 0.534375 0.465625 0.536458 0.465625 0.5375 0.464844 0.539583 0.464844 0.540625 0.464062 0.542708 0.464062 0.54375 0.463281 0.548958 0.463281 0.55 0.4625 0.551042 0.4625 0.552083 0.461719 0.553125 0.461719 0.554167 0.460937 0.55625 0.460937 0.557292 0.460156 0.560417 0.460156 0.561458 0.459375 0.5625 0.459375 0.563542 0.458594 0.564583 0.458594 0.565625 0.457812 0.566667 0.457812 0.567708 0.457031 0.56875 0.457031 0.569792 0.45625 0.570833 0.45625 0.572917 0.454687 0.573958 0.454687 0.575 0.453906 0.576042 0.453906 0.580208 0.450781 0.58125 0.450781 0.586458 0.446875 0.586458 0.446094 0.588542 0.444531 0.588542 0.44375 0.590625 0.442187 0.590625 0.435156 0.589583 0.434375 0.589583 0.433594 0.583333 0.438281 0.582292 0.438281 0.579167 0.440625 0.578125 0.440625 0.577083 0.441406 0.576042 0.441406 0.575 0.442187 0.572917 0.442187 0.570833 0.44375 0.569792 0.44375 0.56875 0.444531 0.567708 0.444531 0.566667 0.445312 0.564583 0.445312 0.563542 0.446094 0.561458 0.446094 0.560417 0.446875 0.559375 0.446875 0.558333 0.447656 0.557292 0.447656 0.55625 0.448437 0.551042 0.448437 0.55 0.449219 0.547917 0.449219 0.546875 0.45 0.545833 0.45 0.544792 0.450781 0.541667 0.450781 0.540625 0.451562 0.535417 0.451562 0.534375 0.452344 0.530208 0.452344 0.529167 0.453125 0.526042 0.453125 0.525 0.453906 0.519792 0.453906 0.51875 0.454687 0.507292 0.454687 0.50625 0.455469 0.496875 0.455469 0.495833 0.45625 0.484375 0.45625 0.483333 0.457031 0.457292 0.457031 0.45625 0.45625 0.444792 0.45625 0.44375 0.455469 0.43125 0.455469 0.430208 0.454687 0.422917 0.454687 0.421875 0.453906 0.417708 0.453906 0.416667 0.453125 0.413542 0.453125 0.4125 0.452344 0.408333 0.452344 0.407292 0.451562 0.403125 0.451562 0.402083 0.450781 0.4 0.450781 0.398958 0.45 0.397917 0.45 0.396875 0.449219 0.39375 0.449219 0.392708 0.448437 0.389583 0.448437 0.388542 0.447656 0.3875 0.447656 0.386458 0.446875 0.385417 0.446875 0.384375 0.446094 0.383333 0.446094 0.382292 0.445312 0.380208 0.445312 0.379167 0.444531 0.378125 0.444531 0.376042 0.442969 0.375 0.442969 0.373958 0.442187 0.372917 0.442187 0.364583 0.435937 0.364583 0.435156 0.3625 0.433594 0.3625 0.432812 0.360417 0.43125 0.360417 0.430469 0.941083
0 0.595833 0.374219 0.594792 0.375 0.59375 0.375 0.592708 0.375781 0.592708 0.376562 0.590625 0.378125 0.589583 0.378125 0.586458 0.380469 0.585417 0.380469 0.583333 0.382031 0.582292 0.382031 0.58125 0.382812 0.580208 0.382812 0.579167 0.383594 0.578125 0.383594 0.577083 0.384375 0.576042 0.384375 0.575 0.385156 0.572917 0.385156 0.571875 0.385937 0.569792 0.385937 0.56875 0.386719 0.566667 0.386719 0.565625 0.3875 0.563542 0.3875 0.5625 0.388281 0.559375 0.388281 0.558333 0.389062 0.555208 0.389062 0.554167 0.389844 0.551042 0.389844 0.55 0.390625 0.547917 0.390625 0.546875 0.391406 0.541667 0.391406 0.540625 0.392187 0.534375 0.392187 0.533333 0.392969 0.529167 0.392969 0.528125 0.39375 0.520833 0.39375 0.519792 0.394531 0.511458 0.394531 0.510417 0.395312 0.498958 0.395312 0.497917 0.396094 0.444792 0.396094 0.44375 0.395312 0.430208 0.395312 0.429167 0.394531 0.420833 0.394531 0.419792 0.39375 0.414583 0.39375 0.413542 0.392969 0.408333 0.392969 0.407292 0.392187 0.401042 0.392187 0.4 0.391406 0.395833 0.391406 0.394792 0.390625 0.392708 0.390625 0.391667 0.389844 0.389583 0.389844 0.388542 0.389062 0.385417 0.389062 0.384375 0.388281 0.382292 0.388281 0.38125 0.3875 0.379167 0.3875 0.378125 0.386719 0.377083 0.386719 0.376042 0.385937 0.373958 0.385937 0.372917 0.385156 0.370833 0.385156 0.36875 0.383594 0.367708 0.383594 0.365625 0.382031 0.364583 0.382031 0.360417 0.378906 0.359375 0.378906 0.359375 0.3875 0.360417 0.388281 0.360417 0.389062 0.361458 0.389844 0.361458 0.390625 0.3625 0.391406 0.3625 0.392187 0.36875 0.396875 0.369792 0.396875 0.370833 0.397656 0.371875 0.397656 0.372917 0.398438 0.373958 0.398438 0.376042 0.4 0.377083 0.4 0.378125 0.400781 0.380208 0.400781 0.38125 0.401562 0.382292 0.401562 0.383333 0.402344 0.384375 0.402344 0.385417 0.403125 0.3875 0.403125 0.388542 0.403906 0.391667 0.403906 0.392708 0.404687 0.394792 0.404687 0.395833 0.405469 0.397917 0.405469 0.398958 0.40625 0.401042 0.40625 0.402083 0.407031 0.40625 0.407031 0.407292 0.407812 0.411458 0.407812 0.4125 0.408594 0.415625 0.408594 0.416667 0.409375 0.421875 0.409375 0.422917 0.410156 0.433333 0.410156 0.434375 0.410937 0.448958 0.410937 0.45 0.411719 0.489583 0.411719 0.490625 0.410937 0.502083 0.410937 0.503125 0.410156 0.516667 0.410156 0.517708 0.409375 0.523958 0.409375 0.525 0.408594 0.530208 0.408594 0.53125 0.407812 0.536458 0.407812 0.5375 0.407031 0.54375 0.407031 0.544792 0.40625 0.546875 0.40625 0.547917 0.405469 0.55 0.405469 0.551042 0.404687 0.553125 0.404687 0.554167 0.403906 0.559375 0.403906 0.560417 0.403125 0.5625 0.403125 0.563542 0.402344 0.564583 0.402344 0.565625 0.401562 0.566667 0.401562 0.567708 0.400781 0.570833 0.400781 0.571875 0.4 0.572917 0.4 0.573958 0.399219 0.575 0.399219 0.577083 0.397656 0.579167 0.397656 0.580208 0.396875 0.58125 0.396875 0.583333 0.395312 0.584375 0.395312 0.586458 0.39375 0.5875 0.39375 0.589583 0.392187 0.590625 0.392187 0.592708 0.390625 0.59375 0.390625 0.59375 0.389844 0.595833 0.388281 0.933902
0 0.348958 0.291406 0.348958 0.307812 0.35 0.308594 0.35 0.310937 0.351042 0.311719 0.351042 0.3125 0.35625 0.316406 0.357292 0.316406 0.358333 0.317187 0.359375 0.317187 0.360417 0.317969 0.361458 0.317969 0.363542 0.319531 0.365625 0.319531 0.366667 0.320312 0.36875 0.320312 0.369792 0.321094 0.371875 0.321094 0.372917 0.321875 0.375 0.321875 0.376042 0.322656 0.379167 0.322656 0.380208 0.323437 0.383333 0.323437 0.384375 0.324219 0.3875 0.324219 0.388542 0.325 0.392708 0.325 0.39375 0.325781 0.403125 0.325781 0.404167 0.326562 0.4125 0.326562 0.413542 0.327344 0.421875 0.327344 0.422917 0.328125 0.436458 0.328125 0.4375 0.328906 0.477083 0.328906 0.478125 0.328125 0.507292 0.328125 0.508333 0.327344 0.517708 0.327344 0.51875 0.326562 0.526042 0.326562 0.527083 0.325781 0.538542 0.325781 0.539583 0.325 0.54375 0.325 0.544792 0.324219 0.547917 0.324219 0.548958 0.323437 0.552083 0.323437 0.553125 0.322656 0.558333 0.322656 0.559375 0.321875 0.5625 0.321875 0.563542 0.321094 0.565625 0.321094 0.566667 0.320312 0.56875 0.320312 0.569792 0.319531 0.572917 0.319531 0.573958 0.31875 0.576042 0.31875 0.577083 0.317969 0.578125 0.317969 0.579167 0.317187 0.580208 0.317187 0.58125 0.316406 0.583333 0.316406 0.585417 0.314844 0.586458 0.314844 0.588542 0.313281 0.589583 0.313281 0.589583 0.3125 0.590625 0.311719 0.591667 0.311719 0.594792 0.309375 0.594792 0.308594 0.595833 0.307812 0.595833 0.294531 0.594792 0.29375 0.59375 0.29375 0.589583 0.296875 0.588542 0.296875 0.5875 0.297656 0.586458 0.297656 0.585417 0.298437 0.584375 0.298437 0.58125 0.300781 0.577083 0.300781 0.576042 0.301562 0.575 0.301562 0.573958 0.302344 0.571875 0.302344 0.570833 0.303125 0.56875 0.303125 0.567708 0.303906 0.563542 0.303906 0.5625 0.304688 0.557292 0.304688 0.55625 0.305469 0.554167 0.305469 0.553125 0.30625 0.551042 0.30625 0.55 0.307031 0.541667 0.307031 0.540625 0.307812 0.533333 0.307812 0.532292 0.308594 0.530208 0.308594 0.529167 0.309375 0.525 0.309375 0.523958 0.310156 0.516667 0.310156 0.515625 0.310937 0.49375 0.310937 0.492708 0.311719 0.476042 0.311719 0.475 0.3125 0.4375 0.3125 0.436458 0.311719 0.423958 0.311719 0.422917 0.310937 0.407292 0.310937 0.40625 0.310156 0.395833 0.310156 0.394792 0.309375 0.390625 0.309375 0.389583 0.308594 0.386458 0.308594 0.385417 0.307812 0.38125 0.307812 0.380208 0.307031 0.373958 0.307031 0.372917 0.30625 0.370833 0.30625 0.369792 0.305469 0.36875 0.305469 0.367708 0.304688 0.364583 0.304688 0.363542 0.303906 0.360417 0.303906 0.359375 0.303125 0.358333 0.303125 0.357292 0.302344 0.35625 0.302344 0.354167 0.300781 0.353125 0.300781 0.35 0.298437 0.35 0.297656 0.354167 0.294531 0.354167 0.29375 0.353125 0.292969 0.353125 0.291406 0.93028
0 0.351042 0.30625 0.351042 0.307031 0.35 0.307812 0.35 0.308594 0.351042 0.309375 0.351042 0.316406 0.352083 0.317187 0.352083 0.322656 0.353125 0.323437 0.353125 0.325781 0.354167 0.326562 0.354167 0.327344 0.358333 0.330469 0.358333 0.33125 0.359375 0.332031 0.360417 0.332031 0.364583 0.335156 0.366667 0.335156 0.367708 0.335938 0.36875 0.335938 0.369792 0.336719 0.370833 0.336719 0.371875 0.3375 0.372917 0.3375 0.373958 0.338281 0.378125 0.338281 0.379167 0.339062 0.382292 0.339062 0.383333 0.339844 0.385417 0.339844 0.386458 0.340625 0.388542 0.340625 0.389583 0.341406 0.396875 0.341406 0.397917 0.342187 0.403125 0.342187 0.404167 0.342969 0.408333 0.342969 0.409375 0.34375 0.416667 0.34375 0.417708 0.344531 0.440625 0.344531 0.441667 0.345312 0.494792 0.345312 0.495833 0.344531 0.514583 0.344531 0.515625 0.34375 0.523958 0.34375 0.525 0.342969 0.530208 0.342969 0.53125 0.342187 0.536458 0.342187 0.5375 0.341406 0.544792 0.341406 0.545833 0.340625 0.551042 0.340625 0.552083 0.339844 0.555208 0.339844 0.55625 0.339062 0.559375 0.339062 0.560417 0.338281 0.566667 0.338281 0.567708 0.3375 0.569792 0.3375 0.570833 0.336719 0.571875 0.336719 0.572917 0.335938 0.575 0.335938 0.576042 0.335156 0.578125 0.335156 0.579167 0.334375 0.58125 0.334375 0.583333 0.332812 0.584375 0.332812 0.585417 0.332031 0.5875 0.332031 0.588542 0.33125 0.589583 0.33125 0.592708 0.328906 0.59375 0.328906 0.594792 0.328125 0.595833 0.328125 0.596875 0.327344 0.596875 0.309375 0.595833 0.310156 0.595833 0.310937 0.592708 0.313281 0.591667 0.313281 0.590625 0.314062 0.589583 0.314062 0.586458 0.316406 0.584375 0.316406 0.583333 0.317187 0.58125 0.317187 0.580208 0.317969 0.579167 0.317969 0.578125 0.31875 0.577083 0.31875 0.576042 0.319531 0.573958 0.319531 0.572917 0.320312 0.56875 0.320312 0.567708 0.321094 0.566667 0.321094 0.565625 0.321875 0.563542 0.321875 0.5625 0.322656 0.557292 0.322656 0.55625 0.323437 0.551042 0.323437 0.55 0.324219 0.546875 0.324219 0.545833 0.325 0.542708 0.325 0.541667 0.325781 0.535417 0.325781 0.534375 0.326562 0.526042 0.326562 0.525 0.327344 0.51875 0.327344 0.517708 0.328125 0.508333 0.328125 0.507292 0.328906 0.465625 0.328906 0.464583 0.329687 0.4625 0.329687 0.461458 0.328906 0.458333 0.328906 0.457292 0.329687 0.454167 0.329687 0.453125 0.328906 0.429167 0.328906 0.428125 0.328125 0.416667 0.328125 0.415625 0.327344 0.405208 0.327344 0.404167 0.326562 0.395833 0.326562 0.394792 0.325781 0.389583 0.325781 0.388542 0.325 0.385417 0.325 0.384375 0.324219 0.38125 0.324219 0.380208 0.323437 0.377083 0.323437 0.376042 0.322656 0.373958 0.322656 0.372917 0.321875 0.370833 0.321875 0.369792 0.321094 0.367708 0.321094 0.366667 0.320312 0.364583 0.320312 0.363542 0.319531 0.3625 0.319531 0.361458 0.31875 0.360417 0.31875 0.359375 0.317969 0.358333 0.317969 0.35625 0.316406 0.35625 0.315625 0.354167 0.314062 0.354167 0.310156 0.353125 0.309375 0.353125 0.307031 0.352083 0.30625 0.927128
0 0.585417 0.242969 0.584375 0.24375 0.583333 0.24375 0.580208 0.246094 0.579167 0.246094 0.577083 0.247656 0.575 0.247656 0.573958 0.248437 0.571875 0.248437 0.570833 0.249219 0.569792 0.249219 0.56875 0.25 0.566667 0.25 0.565625 0.250781 0.563542 0.250781 0.5625 0.251563 0.557292 0.251563 0.55625 0.252344 0.551042 0.252344 0.55 0.253125 0.545833 0.253125 0.544792 0.253906 0.538542 0.253906 0.5375 0.254688 0.526042 0.254688 0.525 0.255469 0.515625 0.255469 0.514583 0.25625 0.504167 0.25625 0.503125 0.257031 0.490625 0.257031 0.489583 0.257812 0.459375 0.257812 0.458333 0.258594 0.416667 0.258594 0.415625 0.257812 0.384375 0.257812 0.383333 0.257031 0.371875 0.257031 0.370833 0.25625 0.3625 0.25625 0.361458 0.255469 0.352083 0.255469 0.351042 0.254688 0.347917 0.254688 0.346875 0.253906 0.345833 0.253906 0.344792 0.253125 0.341667 0.253125 0.340625 0.252344 0.338542 0.252344 0.3375 0.251563 0.336458 0.251563 0.335417 0.250781 0.334375 0.250781 0.334375 0.264062 0.335417 0.264844 0.336458 0.264844 0.3375 0.265625 0.338542 0.265625 0.339583 0.266406 0.340625 0.266406 0.341667 0.267187 0.342708 0.267187 0.34375 0.267969 0.344792 0.267969 0.345833 0.26875 0.348958 0.26875 0.35 0.269531 0.352083 0.269531 0.353125 0.270312 0.354167 0.270312 0.355208 0.271094 0.358333 0.271094 0.359375 0.271875 0.366667 0.271875 0.367708 0.272656 0.375 0.272656 0.376042 0.273438 0.38125 0.273438 0.382292 0.274219 0.390625 0.274219 0.391667 0.275 0.404167 0.275 0.405208 0.275781 0.492708 0.275781 0.49375 0.275 0.50625 0.275 0.507292 0.274219 0.513542 0.274219 0.514583 0.273438 0.521875 0.273438 0.522917 0.272656 0.538542 0.272656 0.539583 0.271875 0.545833 0.271875 0.546875 0.271094 0.55 0.271094 0.551042 0.270312 0.554167 0.270312 0.555208 0.269531 0.5625 0.269531 0.563542 0.26875 0.567708 0.26875 0.56875 0.267969 0.569792 0.267969 0.570833 0.267187 0.572917 0.267187 0.573958 0.266406 0.577083 0.266406 0.578125 0.265625 0.580208 0.265625 0.58125 0.264844 0.582292 0.264844 0.584375 0.263281 0.586458 0.263281 0.5875 0.2625 0.588542 0.2625 0.589583 0.261719 0.590625 0.261719 0.59375 0.259375 0.59375 0.24375 0.590625 0.24375 0.589583 0.242969 0.926778
0 0.592708 0.278125 0.591667 0.278906 0.590625 0.278906 0.589583 0.279687 0.588542 0.279687 0.585417 0.282031 0.584375 0.282031 0.583333 0.282812 0.580208 0.282812 0.579167 0.283594 0.578125 0.283594 0.576042 0.285156 0.572917 0.285156 0.571875 0.285937 0.566667 0.285937 0.565625 0.286719 0.564583 0.286719 0.563542 0.2875 0.5625 0.2875 0.561458 0.288281 0.55625 0.288281 0.555208 0.289062 0.547917 0.289062 0.546875 0.289844 0.54375 0.289844 0.542708 0.290625 0.539583 0.290625 0.538542 0.291406 0.529167 0.291406 0.528125 0.292187 0.513542 0.292187 0.5125 0.292969 0.508333 0.292969 0.507292 0.29375 0.502083 0.29375 0.501042 0.294531 0.482292 0.294531 0.48125 0.295312 0.448958 0.295312 0.447917 0.294531 0.409375 0.294531 0.408333 0.29375 0.402083 0.29375 0.401042 0.292969 0.396875 0.292969 0.395833 0.292187 0.386458 0.292187 0.385417 0.291406 0.375 0.291406 0.373958 0.290625 0.370833 0.290625 0.369792 0.289844 0.366667 0.289844 0.365625 0.289062 0.363542 0.289062 0.3625 0.288281 0.35625 0.288281 0.355208 0.2875 0.354167 0.2875 0.352083 0.285937 0.351042 0.285937 0.35 0.285156 0.348958 0.285156 0.347917 0.284375 0.346875 0.284375 0.346875 0.297656 0.347917 0.298437 0.348958 0.298437 0.351042 0.3 0.352083 0.3 0.353125 0.300781 0.354167 0.300781 0.355208 0.301562 0.35625 0.301562 0.357292 0.302344 0.358333 0.302344 0.359375 0.303125 0.361458 0.303125 0.3625 0.303906 0.365625 0.303906 0.366667 0.304688 0.36875 0.304688 0.369792 0.305469 0.371875 0.305469 0.372917 0.30625 0.377083 0.30625 0.378125 0.307031 0.383333 0.307031 0.384375 0.307812 0.3875 0.307812 0.388542 0.308594 0.392708 0.308594 0.39375 0.309375 0.4 0.309375 0.401042 0.310156 0.413542 0.310156 0.414583 0.310937 0.428125 0.310937 0.429167 0.311719 0.482292 0.311719 0.483333 0.310937 0.504167 0.310937 0.505208 0.310156 0.517708 0.310156 0.51875 0.309375 0.523958 0.309375 0.525 0.308594 0.530208 0.308594 0.53125 0.307812 0.535417 0.307812 0.536458 0.307031 0.54375 0.307031 0.544792 0.30625 0.548958 0.30625 0.55 0.305469 0.553125 0.305469 0.554167 0.304688 0.557292 0.304688 0.558333 0.303906 0.5625 0.303906 0.563542 0.303125 0.567708 0.303125 0.56875 0.302344 0.570833 0.302344 0.571875 0.301562 0.573958 0.301562 0.575 0.300781 0.577083 0.300781 0.578125 0.3 0.580208 0.3 0.58125 0.299219 0.582292 0.299219 0.583333 0.298437 0.584375 0.298437 0.586458 0.296875 0.5875 0.296875 0.59375 0.292187 0.59375 0.290625 0.594792 0.289844 0.594792 0.284375 0.59375 0.283594 0.59375 0.280469 0.592708 0.279687 0.918829
0 0.5875 0.263281 0.586458 0.264062 0.584375 0.264062 0.58125 0.266406 0.578125 0.266406 0.577083 0.267187 0.573958 0.267187 0.572917 0.267969 0.571875 0.267969 0.570833 0.26875 0.56875 0.26875 0.567708 0.269531 0.5625 0.269531 0.561458 0.270312 0.555208 0.270312 0.554167 0.271094 0.55 0.271094 0.548958 0.271875 0.544792 0.271875 0.54375 0.272656 0.535417 0.272656 0.534375 0.273438 0.521875 0.273438 0.520833 0.274219 0.514583 0.274219 0.513542 0.275 0.50625 0.275 0.505208 0.275781 0.4875 0.275781 0.486458 0.276562 0.416667 0.276562 0.415625 0.275781 0.398958 0.275781 0.397917 0.275 0.388542 0.275 0.3875 0.274219 0.379167 0.274219 0.378125 0.273438 0.367708 0.273438 0.366667 0.272656 0.359375 0.272656 0.358333 0.271875 0.355208 0.271875 0.354167 0.271094 0.352083 0.271094 0.351042 0.270312 0.347917 0.270312 0.346875 0.269531 0.344792 0.269531 0.34375 0.26875 0.342708 0.26875 0.340625 0.267187 0.336458 0.267187 0.336458 0.277344 0.3375 0.278125 0.3375 0.278906 0.340625 0.28125 0.341667 0.28125 0.344792 0.283594 0.345833 0.283594 0.346875 0.284375 0.347917 0.284375 0.348958 0.285156 0.35 0.285156 0.351042 0.285937 0.352083 0.285937 0.353125 0.286719 0.355208 0.286719 0.35625 0.2875 0.359375 0.2875 0.360417 0.288281 0.363542 0.288281 0.364583 0.289062 0.36875 0.289062 0.369792 0.289844 0.375 0.289844 0.376042 0.290625 0.382292 0.290625 0.383333 0.291406 0.391667 0.291406 0.392708 0.292187 0.4 0.292187 0.401042 0.292969 0.410417 0.292969 0.411458 0.29375 0.430208 0.29375 0.43125 0.294531 0.482292 0.294531 0.483333 0.29375 0.496875 0.29375 0.497917 0.292969 0.50625 0.292969 0.507292 0.292187 0.514583 0.292187 0.515625 0.291406 0.528125 0.291406 0.529167 0.290625 0.5375 0.290625 0.538542 0.289844 0.542708 0.289844 0.54375 0.289062 0.547917 0.289062 0.548958 0.288281 0.555208 0.288281 0.55625 0.2875 0.560417 0.2875 0.561458 0.286719 0.564583 0.286719 0.565625 0.285937 0.567708 0.285937 0.56875 0.285156 0.572917 0.285156 0.573958 0.284375 0.576042 0.284375 0.577083 0.283594 0.578125 0.283594 0.579167 0.282812 0.580208 0.282812 0.58125 0.282031 0.582292 0.282031 0.583333 0.28125 0.584375 0.28125 0.585417 0.280469 0.586458 0.280469 0.588542 0.278906 0.589583 0.278906 0.589583 0.278125 0.592708 0.275781 0.592708 0.263281 0.918793
0 0.589583 0.444531 0.588542 0.445312 0.588542 0.446094 0.580208 0.452344 0.579167 0.452344 0.576042 0.454687 0.575 0.454687 0.572917 0.45625 0.571875 0.45625 0.570833 0.457031 0.569792 0.457031 0.56875 0.457812 0.567708 0.457812 0.566667 0.458594 0.565625 0.458594 0.564583 0.459375 0.563542 0.459375 0.5625 0.460156 0.561458 0.460156 0.560417 0.460937 0.557292 0.460937 0.55625 0.461719 0.555208 0.461719 0.554167 0.4625 0.553125 0.4625 0.552083 0.463281 0.55 0.463281 0.548958 0.464062 0.544792 0.464062 0.54375 0.464844 0.541667 0.464844 0.540625 0.465625 0.538542 0.465625 0.5375 0.466406 0.534375 0.466406 0.533333 0.467187 0.525 0.467187 0.523958 0.467969 0.519792 0.467969 0.51875 0.46875 0.514583 0.46875 0.513542 0.469531 0.50625 0.469531 0.505208 0.470312 0.4875 0.470312 0.486458 0.471094 0.448958 0.471094 0.447917 0.470312 0.434375 0.470312 0.433333 0.469531 0.426042 0.469531 0.425 0.46875 0.421875 0.46875 0.420833 0.467969 0.417708 0.467969 0.416667 0.467187 0.410417 0.467187 0.409375 0.466406 0.40625 0.466406 0.405208 0.465625 0.404167 0.465625 0.403125 0.464844 0.4 0.464844 0.398958 0.464062 0.394792 0.464062 0.39375 0.463281 0.392708 0.463281 0.391667 0.4625 0.390625 0.4625 0.389583 0.461719 0.3875 0.461719 0.386458 0.460937 0.384375 0.460937 0.383333 0.460156 0.382292 0.460156 0.380208 0.458594 0.378125 0.458594 0.377083 0.457812 0.376042 0.457812 0.371875 0.454687 0.370833 0.454687 0.367708 0.452344 0.366667 0.452344 0.363542 0.45 0.363542 0.450781 0.3625 0.451562 0.363542 0.452344 0.363542 0.455469 0.364583 0.45625 0.364583 0.457812 0.365625 0.458594 0.365625 0.459375 0.366667 0.460156 0.366667 0.461719 0.371875 0.465625 0.371875 0.466406 0.372917 0.467187 0.373958 0.467187 0.378125 0.470312 0.379167 0.470312 0.380208 0.471094 0.38125 0.471094 0.382292 0.471875 0.383333 0.471875 0.385417 0.473437 0.386458 0.473437 0.3875 0.474219 0.388542 0.474219 0.389583 0.475 0.391667 0.475 0.392708 0.475781 0.394792 0.475781 0.395833 0.476562 0.398958 0.476562 0.4 0.477344 0.401042 0.477344 0.402083 0.478125 0.404167 0.478125 0.405208 0.478906 0.408333 0.478906 0.409375 0.479687 0.4125 0.479687 0.413542 0.480469 0.415625 0.480469 0.416667 0.48125 0.419792 0.48125 0.420833 0.482031 0.429167 0.482031 0.430208 0.482812 0.436458 0.482812 0.4375 0.483594 0.44375 0.483594 0.444792 0.484375 0.457292 0.484375 0.458333 0.485156 0.485417 0.485156 0.486458 0.484375 0.5 0.484375 0.501042 0.483594 0.508333 0.483594 0.509375 0.482812 0.515625 0.482812 0.516667 0.482031 0.523958 0.482031 0.525 0.48125 0.528125 0.48125 0.529167 0.480469 0.532292 0.480469 0.533333 0.479687 0.536458 0.479687 0.5375 0.478906 0.541667 0.478906 0.542708 0.478125 0.544792 0.478125 0.545833 0.477344 0.547917 0.477344 0.548958 0.476562 0.551042 0.476562 0.552083 0.475781 0.555208 0.475781 0.55625 0.475 0.557292 0.475 0.558333 0.474219 0.559375 0.474219 0.560417 0.473437 0.5625 0.473437 0.563542 0.472656 0.564583 0.472656 0.565625 0.471875 0.566667 0.471875 0.567708 0.471094 0.56875 0.471094 0.569792 0.470312 0.570833 0.470312 0.571875 0.469531 0.572917 0.469531 0.575 0.467969 0.576042 0.467969 0.579167 0.465625 0.580208 0.465625 0.58125 0.464844 0.582292 0.464844 0.588542 0.460156 0.588542 0.459375 0.589583 0.458594 0.589583 0.457031 0.590625 0.45625 0.590625 0.445312 0.779916
0 0.585417 0.513281 0.584375 0.514062 0.584375 0.514844 0.58125 0.517188 0.58125 0.517969 0.575 0.522656 0.573958 0.522656 0.569792 0.525781 0.56875 0.525781 0.567708 0.526562 0.566667 0.526562 0.565625 0.527344 0.564583 0.527344 0.5625 0.528906 0.561458 0.528906 0.560417 0.529687 0.559375 0.529687 0.558333 0.530469 0.55625 0.530469 0.555208 0.53125 0.554167 0.53125 0.552083 0.532812 0.548958 0.532812 0.547917 0.533594 0.546875 0.533594 0.545833 0.534375 0.544792 0.534375 0.54375 0.535156 0.541667 0.535156 0.540625 0.535937 0.536458 0.535937 0.535417 0.536719 0.533333 0.536719 0.532292 0.5375 0.530208 0.5375 0.529167 0.538281 0.526042 0.538281 0.525 0.539062 0.519792 0.539062 0.51875 0.539844 0.515625 0.539844 0.514583 0.540625 0.510417 0.540625 0.509375 0.541406 0.503125 0.541406 0.502083 0.542187 0.4875 0.542187 0.486458 0.542969 0.453125 0.542969 0.452083 0.542187 0.438542 0.542187 0.4375 0.541406 0.43125 0.541406 0.430208 0.540625 0.427083 0.540625 0.426042 0.539844 0.421875 0.539844 0.420833 0.539062 0.417708 0.539062 0.416667 0.538281 0.413542 0.538281 0.4125 0.5375 0.411458 0.5375 0.410417 0.536719 0.407292 0.536719 0.40625 0.535937 0.404167 0.535937 0.403125 0.535156 0.401042 0.535156 0.4 0.534375 0.398958 0.534375 0.397917 0.533594 0.395833 0.533594 0.394792 0.532812 0.39375 0.532812 0.392708 0.532031 0.391667 0.532031 0.389583 0.530469 0.388542 0.530469 0.3875 0.529687 0.385417 0.529687 0.382292 0.527344 0.38125 0.527344 0.376042 0.523438 0.375 0.523438 0.370833 0.520312 0.369792 0.520312 0.36875 0.519531 0.36875 0.51875 0.367708 0.51875 0.367708 0.523438 0.36875 0.524219 0.36875 0.525781 0.369792 0.526562 0.369792 0.528125 0.370833 0.528906 0.370833 0.529687 0.372917 0.53125 0.372917 0.532031 0.384375 0.540625 0.385417 0.540625 0.3875 0.542187 0.388542 0.542187 0.390625 0.54375 0.391667 0.54375 0.392708 0.544531 0.39375 0.544531 0.394792 0.545312 0.395833 0.545312 0.396875 0.546094 0.397917 0.546094 0.398958 0.546875 0.4 0.546875 0.401042 0.547656 0.403125 0.547656 0.404167 0.548437 0.405208 0.548437 0.40625 0.549219 0.408333 0.549219 0.409375 0.55 0.411458 0.55 0.4125 0.550781 0.416667 0.550781 0.417708 0.551562 0.420833 0.551562 0.421875 0.552344 0.423958 0.552344 0.425 0.553125 0.428125 0.553125 0.429167 0.553906 0.434375 0.553906 0.435417 0.554688 0.442708 0.554688 0.44375 0.555469 0.452083 0.555469 0.453125 0.55625 0.49375 0.55625 0.494792 0.555469 0.502083 0.555469 0.503125 0.554688 0.509375 0.554688 0.510417 0.553906 0.517708 0.553906 0.51875 0.553125 0.521875 0.553125 0.522917 0.552344 0.527083 0.552344 0.528125 0.551562 0.532292 0.551562 0.533333 0.550781 0.536458 0.550781 0.5375 0.55 0.540625 0.55 0.541667 0.549219 0.542708 0.549219 0.54375 0.548437 0.545833 0.548437 0.546875 0.547656 0.548958 0.547656 0.55 0.546875 0.551042 0.546875 0.552083 0.546094 0.554167 0.546094 0.555208 0.545312 0.55625 0.545312 0.557292 0.544531 0.558333 0.544531 0.559375 0.54375 0.560417 0.54375 0.561458 0.542969 0.5625 0.542969 0.564583 0.541406 0.565625 0.541406 0.566667 0.540625 0.567708 0.540625 0.569792 0.539062 0.570833 0.539062 0.575 0.535937 0.576042 0.535937 0.58125 0.532031 0.58125 0.53125 0.584375 0.528906 0.584375 0.527344 0.585417 0.526562 0.585417 0.525 0.586458 0.524219 0.586458 0.521094 0.5875 0.520312 0.5875 0.51875 0.586458 0.517969 0.586458 0.514844 0.585417 0.514062 0.695833
0 0.584375 0.471875 0.584375 0.473437 0.573958 0.48125 0.572917 0.48125 0.570833 0.482812 0.569792 0.482812 0.56875 0.483594 0.567708 0.483594 0.564583 0.485937 0.563542 0.485937 0.5625 0.486719 0.560417 0.486719 0.559375 0.4875 0.558333 0.4875 0.557292 0.488281 0.55625 0.488281 0.555208 0.489062 0.552083 0.489062 0.551042 0.489844 0.55 0.489844 0.548958 0.490625 0.547917 0.490625 0.546875 0.491406 0.544792 0.491406 0.54375 0.492187 0.540625 0.492187 0.539583 0.492969 0.536458 0.492969 0.535417 0.49375 0.534375 0.49375 0.533333 0.494531 0.530208 0.494531 0.529167 0.495312 0.523958 0.495312 0.522917 0.496094 0.517708 0.496094 0.516667 0.496875 0.513542 0.496875 0.5125 0.497656 0.505208 0.497656 0.504167 0.498437 0.489583 0.498437 0.488542 0.499219 0.446875 0.499219 0.445833 0.498437 0.433333 0.498437 0.432292 0.497656 0.425 0.497656 0.423958 0.496875 0.420833 0.496875 0.419792 0.496094 0.414583 0.496094 0.413542 0.495312 0.408333 0.495312 0.407292 0.494531 0.405208 0.494531 0.404167 0.49375 0.402083 0.49375 0.401042 0.492969 0.398958 0.492969 0.397917 0.492187 0.394792 0.492187 0.39375 0.491406 0.391667 0.491406 0.390625 0.490625 0.389583 0.490625 0.388542 0.489844 0.3875 0.489844 0.386458 0.489062 0.384375 0.489062 0.382292 0.4875 0.38125 0.4875 0.380208 0.486719 0.379167 0.486719 0.378125 0.485937 0.377083 0.485937 0.376042 0.485156 0.375 0.485156 0.372917 0.483594 0.371875 0.483594 0.363542 0.477344 0.361458 0.477344 0.361458 0.482812 0.3625 0.483594 0.3625 0.485156 0.363542 0.485937 0.363542 0.486719 0.364583 0.4875 0.364583 0.488281 0.36875 0.491406 0.36875 0.492187 0.375 0.496875 0.376042 0.496875 0.379167 0.499219 0.380208 0.499219 0.382292 0.500781 0.384375 0.500781 0.386458 0.502344 0.3875 0.502344 0.388542 0.503125 0.389583 0.503125 0.390625 0.503906 0.392708 0.503906 0.39375 0.504687 0.395833 0.504687 0.396875 0.505469 0.397917 0.505469 0.398958 0.50625 0.4 0.50625 0.401042 0.507031 0.405208 0.507031 0.40625 0.507812 0.408333 0.507812 0.409375 0.508594 0.411458 0.508594 0.4125 0.509375 0.414583 0.509375 0.415625 0.510156 0.423958 0.510156 0.425 0.510937 0.429167 0.510937 0.430208 0.511719 0.434375 0.511719 0.435417 0.5125 0.441667 0.5125 0.442708 0.513281 0.496875 0.513281 0.497917 0.5125 0.504167 0.5125 0.505208 0.511719 0.509375 0.511719 0.510417 0.510937 0.513542 0.510937 0.514583 0.510156 0.522917 0.510156 0.523958 0.509375 0.528125 0.509375 0.529167 0.508594 0.530208 0.508594 0.53125 0.507812 0.534375 0.507812 0.535417 0.507031 0.540625 0.507031 0.541667 0.50625 0.54375 0.50625 0.544792 0.505469 0.545833 0.505469 0.546875 0.504687 0.547917 0.504687 0.548958 0.503906 0.551042 0.503906 0.552083 0.503125 0.553125 0.503125 0.554167 0.502344 0.555208 0.502344 0.55625 0.501562 0.557292 0.501562 0.558333 0.500781 0.559375 0.500781 0.560417 0.5 0.561458 0.5 0.563542 0.498437 0.564583 0.498437 0.565625 0.497656 0.566667 0.497656 0.567708 0.496875 0.56875 0.496875 0.571875 0.494531 0.572917 0.494531 0.582292 0.4875 0.582292 0.486719 0.584375 0.485156 0.584375 0.484375 0.585417 0.483594 0.585417 0.482031 0.586458 0.48125 0.586458 0.475 0.585417 0.474219 0.585417 0.471875 0.252132
