0 0.459375 0.514062 0.458333 0.514844 0.45625 0.514844 0.455208 0.515625 0.453125 0.515625 0.452083 0.516406 0.45 0.516406 0.448958 0.517188 0.447917 0.517188 0.446875 0.517969 0.445833 0.517969 0.444792 0.51875 0.44375 0.51875 0.442708 0.519531 0.440625 0.519531 0.439583 0.520312 0.438542 0.520312 0.4375 0.521094 0.436458 0.521094 0.434375 0.522656 0.433333 0.522656 0.432292 0.523438 0.43125 0.523438 0.430208 0.524219 0.429167 0.524219 0.426042 0.526562 0.425 0.526562 0.420833 0.529687 0.420833 0.530469 0.41875 0.532031 0.41875 0.532812 0.416667 0.534375 0.416667 0.553125 0.417708 0.553906 0.417708 0.554688 0.420833 0.557031 0.421875 0.557031 0.427083 0.560937 0.428125 0.560937 0.432292 0.564062 0.433333 0.564062 0.434375 0.564844 0.436458 0.564844 0.4375 0.565625 0.438542 0.565625 0.440625 0.567187 0.441667 0.567187 0.442708 0.567969 0.444792 0.567969 0.445833 0.56875 0.446875 0.56875 0.447917 0.569531 0.448958 0.569531 0.45 0.570312 0.453125 0.570312 0.454167 0.571094 0.45625 0.571094 0.457292 0.571875 0.460417 0.571875 0.461458 0.572656 0.464583 0.572656 0.465625 0.573437 0.46875 0.573437 0.469792 0.574219 0.475 0.574219 0.476042 0.575 0.482292 0.575 0.483333 0.575781 0.490625 0.575781 0.491667 0.576562 0.505208 0.576562 0.50625 0.577344 0.526042 0.577344 0.527083 0.576562 0.5375 0.576562 0.538542 0.575781 0.544792 0.575781 0.545833 0.575 0.551042 0.575 0.552083 0.574219 0.55625 0.574219 0.557292 0.573437 0.561458 0.573437 0.5625 0.572656 0.564583 0.572656 0.565625 0.571875 0.56875 0.571875 0.569792 0.571094 0.571875 0.571094 0.572917 0.570312 0.575 0.570312 0.576042 0.569531 0.577083 0.569531 0.578125 0.56875 0.580208 0.56875 0.58125 0.567969 0.582292 0.567969 0.583333 0.567187 0.584375 0.567187 0.585417 0.566406 0.586458 0.566406 0.5875 0.565625 0.588542 0.565625 0.589583 0.564844 0.590625 0.564844 0.592708 0.563281 0.59375 0.563281 0.602083 0.557031 0.602083 0.55625 0.604167 0.554688 0.604167 0.553125 0.605208 0.552344 0.605208 0.551562 0.60625 0.550781 0.60625 0.55 0.607292 0.549219 0.607292 0.547656 0.608333 0.546875 0.608333 0.541406 0.607292 0.540625 0.607292 0.538281 0.60625 0.5375 0.60625 0.535937 0.605208 0.535156 0.605208 0.534375 0.604167 0.533594 0.604167 0.532812 0.602083 0.53125 0.602083 0.530469 0.596875 0.526562 0.595833 0.526562 0.592708 0.524219 0.591667 0.524219 0.590625 0.523438 0.589583 0.523438 0.5875 0.521875 0.586458 0.521875 0.584375 0.520312 0.582292 0.520312 0.58125 0.519531 0.580208 0.519531 0.579167 0.51875 0.578125 0.51875 0.577083 0.517969 0.575 0.517969 0.573958 0.517188 0.571875 0.517188 0.570833 0.516406 0.569792 0.516406 0.56875 0.515625 0.567708 0.515625 0.566667 0.514844 0.564583 0.514844 0.563542 0.514062 0.980791
0 0.707292 0.4125 0.70625 0.413281 0.704167 0.413281 0.703125 0.414062 0.7 0.414062 0.698958 0.414844 0.695833 0.414844 0.694792 0.415625 0.69375 0.415625 0.692708 0.416406 0.691667 0.416406 0.690625 0.417187 0.689583 0.417187 0.688542 0.417969 0.6875 0.417969 0.686458 0.41875 0.685417 0.41875 0.678125 0.424219 0.678125 0.425 0.677083 0.425781 0.677083 0.438281 0.685417 0.444531 0.686458 0.444531 0.688542 0.446094 0.689583 0.446094 0.690625 0.446875 0.691667 0.446875 0.69375 0.448437 0.694792 0.448437 0.695833 0.449219 0.696875 0.449219 0.697917 0.45 0.7 0.45 0.701042 0.450781 0.702083 0.450781 0.703125 0.451562 0.705208 0.451562 0.70625 0.452344 0.708333 0.452344 0.709375 0.453125 0.711458 0.453125 0.7125 0.453906 0.715625 0.453906 0.716667 0.454687 0.719792 0.454687 0.720833 0.455469 0.722917 0.455469 0.723958 0.45625 0.727083 0.45625 0.728125 0.457031 0.733333 0.457031 0.734375 0.457812 0.7375 0.457812 0.738542 0.458594 0.741667 0.458594 0.742708 0.459375 0.748958 0.459375 0.75 0.460156 0.760417 0.460156 0.761458 0.460937 0.769792 0.460937 0.770833 0.461719 0.78125 0.461719 0.782292 0.4625 0.83125 0.4625 0.832292 0.461719 0.841667 0.461719 0.842708 0.460937 0.848958 0.460937 0.85 0.460156 0.85625 0.460156 0.857292 0.459375 0.861458 0.459375 0.8625 0.458594 0.865625 0.458594 0.866667 0.457812 0.86875 0.457812 0.869792 0.457031 0.871875 0.457031 0.872917 0.45625 0.873958 0.45625 0.875 0.455469 0.877083 0.455469 0.878125 0.454687 0.879167 0.454687 0.880208 0.453906 0.88125 0.453906 0.883333 0.452344 0.884375 0.452344 0.890625 0.447656 0.890625 0.446875 0.891667 0.446094 0.891667 0.442969 0.892708 0.442187 0.891667 0.441406 0.891667 0.435156 0.890625 0.434375 0.890625 0.433594 0.884375 0.428906 0.883333 0.428906 0.882292 0.428125 0.88125 0.428125 0.880208 0.427344 0.879167 0.427344 0.878125 0.426562 0.877083 0.426562 0.876042 0.425781 0.870833 0.425781 0.867708 0.423437 0.864583 0.423437 0.863542 0.422656 0.857292 0.422656 0.85625 0.421875 0.854167 0.421875 0.853125 0.421094 0.852083 0.421094 0.851042 0.420312 0.85 0.420312 0.848958 0.419531 0.847917 0.419531 0.846875 0.41875 0.845833 0.41875 0.844792 0.417969 0.84375 0.417969 0.842708 0.417187 0.840625 0.417187 0.839583 0.416406 0.8375 0.416406 0.836458 0.415625 0.833333 0.415625 0.832292 0.414844 0.828125 0.414844 0.827083 0.414062 0.823958 0.414062 0.822917 0.413281 0.819792 0.413281 0.81875 0.4125 0.979932
0 0.220833 0.427344 0.219792 0.428125 0.215625 0.428125 0.214583 0.428906 0.2125 0.428906 0.211458 0.429688 0.208333 0.429688 0.207292 0.430469 0.203125 0.430469 0.202083 0.43125 0.2 0.43125 0.198958 0.432031 0.197917 0.432031 0.196875 0.432812 0.194792 0.432812 0.19375 0.433594 0.189583 0.433594 0.188542 0.434375 0.1875 0.434375 0.186458 0.435156 0.185417 0.435156 0.184375 0.435937 0.183333 0.435937 0.182292 0.436719 0.180208 0.436719 0.179167 0.4375 0.178125 0.4375 0.177083 0.438281 0.176042 0.438281 0.173958 0.439844 0.172917 0.439844 0.171875 0.440625 0.170833 0.440625 0.167708 0.442969 0.166667 0.442969 0.164583 0.444531 0.164583 0.445312 0.161458 0.447656 0.161458 0.448437 0.160417 0.449219 0.160417 0.4625 0.161458 0.463281 0.161458 0.464062 0.165625 0.467187 0.166667 0.467187 0.170833 0.470312 0.172917 0.470312 0.173958 0.471094 0.176042 0.471094 0.177083 0.471875 0.179167 0.471875 0.180208 0.472656 0.18125 0.472656 0.182292 0.473437 0.185417 0.473437 0.186458 0.474219 0.1875 0.474219 0.188542 0.475 0.191667 0.475 0.192708 0.475781 0.197917 0.475781 0.198958 0.476562 0.203125 0.476562 0.204167 0.477344 0.209375 0.477344 0.210417 0.478125 0.221875 0.478125 0.222917 0.478906 0.266667 0.478906 0.267708 0.478125 0.279167 0.478125 0.280208 0.477344 0.288542 0.477344 0.289583 0.476562 0.294792 0.476562 0.295833 0.475781 0.303125 0.475781 0.304167 0.475 0.308333 0.475 0.309375 0.474219 0.313542 0.474219 0.314583 0.473437 0.317708 0.473437 0.31875 0.472656 0.322917 0.472656 0.323958 0.471875 0.327083 0.471875 0.328125 0.471094 0.330208 0.471094 0.33125 0.470312 0.333333 0.470312 0.334375 0.469531 0.3375 0.469531 0.338542 0.46875 0.340625 0.46875 0.342708 0.467187 0.344792 0.467187 0.345833 0.466406 0.346875 0.466406 0.347917 0.465625 0.348958 0.465625 0.351042 0.464062 0.352083 0.464062 0.353125 0.463281 0.354167 0.463281 0.359375 0.459375 0.359375 0.458594 0.360417 0.457812 0.360417 0.457031 0.361458 0.45625 0.361458 0.455469 0.3625 0.454687 0.3625 0.453906 0.363542 0.453125 0.363542 0.45 0.364583 0.449219 0.364583 0.442187 0.363542 0.441406 0.363542 0.440625 0.3625 0.439844 0.3625 0.439062 0.357292 0.435156 0.35625 0.435156 0.354167 0.433594 0.353125 0.433594 0.352083 0.432812 0.351042 0.432812 0.35 0.432031 0.348958 0.432031 0.347917 0.43125 0.346875 0.43125 0.345833 0.430469 0.34375 0.430469 0.342708 0.429688 0.340625 0.429688 0.339583 0.428906 0.338542 0.428906 0.3375 0.428125 0.335417 0.428125 0.334375 0.427344 0.972962
0 0.684375 0.511719 0.683333 0.5125 0.683333 0.515625 0.684375 0.516406 0.684375 0.517188 0.685417 0.517969 0.685417 0.51875 0.686458 0.519531 0.686458 0.520312 0.688542 0.521875 0.688542 0.522656 0.697917 0.529687 0.698958 0.529687 0.702083 0.532031 0.703125 0.532031 0.704167 0.532812 0.705208 0.532812 0.70625 0.533594 0.707292 0.533594 0.708333 0.534375 0.709375 0.534375 0.710417 0.535156 0.711458 0.535156 0.7125 0.535937 0.713542 0.535937 0.714583 0.536719 0.715625 0.536719 0.716667 0.5375 0.717708 0.5375 0.71875 0.538281 0.720833 0.538281 0.721875 0.539062 0.722917 0.539062 0.723958 0.539844 0.725 0.539844 0.726042 0.540625 0.729167 0.540625 0.730208 0.541406 0.734375 0.541406 0.735417 0.542187 0.7375 0.542187 0.738542 0.542969 0.739583 0.542969 0.740625 0.54375 0.742708 0.54375 0.74375 0.544531 0.75 0.544531 0.751042 0.545312 0.755208 0.545312 0.75625 0.546094 0.758333 0.546094 0.759375 0.546875 0.763542 0.546875 0.764583 0.547656 0.777083 0.547656 0.778125 0.548437 0.786458 0.548437 0.7875 0.549219 0.795833 0.549219 0.796875 0.55 0.826042 0.55 0.827083 0.549219 0.834375 0.549219 0.835417 0.548437 0.840625 0.548437 0.841667 0.547656 0.85 0.547656 0.851042 0.546875 0.855208 0.546875 0.85625 0.546094 0.857292 0.546094 0.858333 0.545312 0.860417 0.545312 0.861458 0.544531 0.864583 0.544531 0.865625 0.54375 0.867708 0.54375 0.86875 0.542969 0.869792 0.542969 0.871875 0.541406 0.872917 0.541406 0.873958 0.540625 0.876042 0.540625 0.878125 0.539062 0.879167 0.539062 0.8875 0.532812 0.8875 0.520312 0.8875 0.521094 0.878125 0.528125 0.877083 0.528125 0.875 0.529687 0.872917 0.529687 0.870833 0.53125 0.869792 0.53125 0.86875 0.532031 0.867708 0.532031 0.866667 0.532812 0.863542 0.532812 0.8625 0.533594 0.860417 0.533594 0.859375 0.534375 0.858333 0.534375 0.857292 0.535156 0.854167 0.535156 0.853125 0.535937 0.847917 0.535937 0.846875 0.536719 0.840625 0.536719 0.839583 0.5375 0.836458 0.5375 0.835417 0.538281 0.826042 0.538281 0.825 0.539062 0.79375 0.539062 0.792708 0.538281 0.782292 0.538281 0.78125 0.5375 0.775 0.5375 0.773958 0.536719 0.764583 0.536719 0.763542 0.535937 0.75625 0.535937 0.755208 0.535156 0.752083 0.535156 0.751042 0.534375 0.748958 0.534375 0.747917 0.533594 0.74375 0.533594 0.742708 0.532812 0.7375 0.532812 0.736458 0.532031 0.734375 0.532031 0.733333 0.53125 0.732292 0.53125 0.73125 0.530469 0.728125 0.530469 0.727083 0.529687 0.722917 0.529687 0.721875 0.528906 0.720833 0.528906 0.719792 0.528125 0.71875 0.528125 0.717708 0.527344 0.715625 0.527344 0.714583 0.526562 0.713542 0.526562 0.7125 0.525781 0.710417 0.525781 0.709375 0.525 0.708333 0.525 0.70625 0.523438 0.704167 0.523438 0.703125 0.522656 0.702083 0.522656 0.701042 0.521875 0.7 0.521875 0.696875 0.519531 0.695833 0.519531 0.689583 0.514844 0.688542 0.514844 0.972455
0 0.377083 0.516406 0.376042 0.517188 0.376042 0.517969 0.372917 0.520312 0.371875 0.520312 0.371875 0.521094 0.369792 0.522656 0.36875 0.522656 0.365625 0.525 0.364583 0.525 0.3625 0.526562 0.361458 0.526562 0.360417 0.527344 0.359375 0.527344 0.358333 0.528125 0.357292 0.528125 0.355208 0.529687 0.353125 0.529687 0.352083 0.530469 0.351042 0.530469 0.35 0.53125 0.348958 0.53125 0.347917 0.532031 0.346875 0.532031 0.345833 0.532812 0.342708 0.532812 0.341667 0.533594 0.339583 0.533594 0.338542 0.534375 0.3375 0.534375 0.336458 0.535156 0.333333 0.535156 0.332292 0.535937 0.328125 0.535937 0.327083 0.536719 0.325 0.536719 0.323958 0.5375 0.322917 0.5375 0.321875 0.538281 0.316667 0.538281 0.315625 0.539062 0.309375 0.539062 0.308333 0.539844 0.305208 0.539844 0.304167 0.540625 0.301042 0.540625 0.3 0.541406 0.292708 0.541406 0.291667 0.542187 0.238542 0.542187 0.2375 0.541406 0.229167 0.541406 0.228125 0.540625 0.225 0.540625 0.223958 0.539844 0.219792 0.539844 0.21875 0.539062 0.213542 0.539062 0.2125 0.538281 0.210417 0.538281 0.209375 0.5375 0.208333 0.5375 0.207292 0.536719 0.205208 0.536719 0.204167 0.535937 0.202083 0.535937 0.201042 0.535156 0.2 0.535156 0.198958 0.534375 0.197917 0.534375 0.196875 0.533594 0.195833 0.533594 0.194792 0.532812 0.19375 0.532812 0.191667 0.53125 0.190625 0.53125 0.184375 0.526562 0.184375 0.525781 0.182292 0.524219 0.182292 0.523438 0.18125 0.522656 0.18125 0.521094 0.180208 0.520312 0.180208 0.519531 0.180208 0.535937 0.185417 0.539844 0.186458 0.539844 0.190625 0.542969 0.191667 0.542969 0.19375 0.544531 0.194792 0.544531 0.195833 0.545312 0.196875 0.545312 0.197917 0.546094 0.198958 0.546094 0.2 0.546875 0.201042 0.546875 0.202083 0.547656 0.205208 0.547656 0.20625 0.548437 0.207292 0.548437 0.208333 0.549219 0.210417 0.549219 0.211458 0.55 0.213542 0.55 0.214583 0.550781 0.219792 0.550781 0.220833 0.551562 0.225 0.551562 0.226042 0.552344 0.229167 0.552344 0.230208 0.553125 0.236458 0.553125 0.2375 0.553906 0.285417 0.553906 0.286458 0.553125 0.29375 0.553125 0.294792 0.552344 0.298958 0.552344 0.3 0.551562 0.305208 0.551562 0.30625 0.550781 0.313542 0.550781 0.314583 0.55 0.317708 0.55 0.31875 0.549219 0.320833 0.549219 0.321875 0.548437 0.325 0.548437 0.326042 0.547656 0.330208 0.547656 0.33125 0.546875 0.333333 0.546875 0.334375 0.546094 0.336458 0.546094 0.3375 0.545312 0.338542 0.545312 0.339583 0.544531 0.342708 0.544531 0.34375 0.54375 0.344792 0.54375 0.345833 0.542969 0.347917 0.542969 0.348958 0.542187 0.35 0.542187 0.351042 0.541406 0.352083 0.541406 0.353125 0.540625 0.354167 0.540625 0.355208 0.539844 0.35625 0.539844 0.357292 0.539062 0.358333 0.539062 0.360417 0.5375 0.361458 0.5375 0.364583 0.535156 0.365625 0.535156 0.367708 0.533594 0.36875 0.533594 0.373958 0.529687 0.373958 0.528906 0.375 0.528125 0.375 0.527344 0.377083 0.525781 0.377083 0.525 0.378125 0.524219 0.378125 0.517188 0.969996
0 0.680208 0.467187 0.680208 0.467969 0.679167 0.46875 0.679167 0.472656 0.68125 0.474219 0.68125 0.475 0.6875 0.479687 0.6875 0.480469 0.688542 0.48125 0.689583 0.48125 0.692708 0.483594 0.69375 0.483594 0.694792 0.484375 0.695833 0.484375 0.697917 0.485937 0.698958 0.485937 0.701042 0.4875 0.702083 0.4875 0.703125 0.488281 0.705208 0.488281 0.70625 0.489062 0.707292 0.489062 0.708333 0.489844 0.710417 0.489844 0.711458 0.490625 0.713542 0.490625 0.714583 0.491406 0.717708 0.491406 0.71875 0.492187 0.719792 0.492187 0.720833 0.492969 0.721875 0.492969 0.722917 0.49375 0.726042 0.49375 0.727083 0.494531 0.73125 0.494531 0.732292 0.495312 0.734375 0.495312 0.735417 0.496094 0.7375 0.496094 0.738542 0.496875 0.741667 0.496875 0.742708 0.497656 0.748958 0.497656 0.75 0.498437 0.754167 0.498437 0.755208 0.499219 0.758333 0.499219 0.759375 0.5 0.765625 0.5 0.766667 0.500781 0.780208 0.500781 0.78125 0.501562 0.790625 0.501562 0.791667 0.502344 0.827083 0.502344 0.828125 0.501562 0.833333 0.501562 0.834375 0.500781 0.845833 0.500781 0.846875 0.5 0.853125 0.5 0.854167 0.499219 0.85625 0.499219 0.857292 0.498437 0.859375 0.498437 0.860417 0.497656 0.865625 0.497656 0.866667 0.496875 0.86875 0.496875 0.869792 0.496094 0.870833 0.496094 0.871875 0.495312 0.873958 0.495312 0.875 0.494531 0.876042 0.494531 0.877083 0.49375 0.878125 0.49375 0.879167 0.492969 0.880208 0.492969 0.882292 0.491406 0.883333 0.491406 0.886458 0.489062 0.8875 0.489062 0.8875 0.488281 0.890625 0.485937 0.890625 0.477344 0.889583 0.476562 0.8875 0.478125 0.886458 0.478125 0.884375 0.479687 0.883333 0.479687 0.880208 0.482031 0.878125 0.482031 0.877083 0.482812 0.876042 0.482812 0.875 0.483594 0.873958 0.483594 0.872917 0.484375 0.871875 0.484375 0.870833 0.485156 0.867708 0.485156 0.866667 0.485937 0.860417 0.485937 0.859375 0.486719 0.858333 0.486719 0.857292 0.4875 0.855208 0.4875 0.854167 0.488281 0.847917 0.488281 0.846875 0.489062 0.834375 0.489062 0.833333 0.489844 0.821875 0.489844 0.820833 0.490625 0.797917 0.490625 0.796875 0.489844 0.786458 0.489844 0.785417 0.489062 0.76875 0.489062 0.767708 0.488281 0.759375 0.488281 0.758333 0.4875 0.75625 0.4875 0.755208 0.486719 0.752083 0.486719 0.751042 0.485937 0.742708 0.485937 0.741667 0.485156 0.7375 0.485156 0.736458 0.484375 0.735417 0.484375 0.734375 0.483594 0.732292 0.483594 0.73125 0.482812 0.726042 0.482812 0.725 0.482031 0.721875 0.482031 0.720833 0.48125 0.71875 0.48125 0.717708 0.480469 0.716667 0.480469 0.715625 0.479687 0.7125 0.479687 0.711458 0.478906 0.709375 0.478906 0.708333 0.478125 0.707292 0.478125 0.70625 0.477344 0.705208 0.477344 0.704167 0.476562 0.702083 0.476562 0.701042 0.475781 0.7 0.475781 0.698958 0.475 0.697917 0.475 0.696875 0.474219 0.695833 0.474219 0.694792 0.473437 0.69375 0.473437 0.692708 0.472656 0.691667 0.472656 0.6875 0.469531 0.686458 0.469531 0.683333 0.467187 0.962486
0 0.376042 0.492969 0.376042 0.49375 0.369792 0.498437 0.36875 0.498437 0.364583 0.501562 0.363542 0.501562 0.3625 0.502344 0.361458 0.502344 0.360417 0.503125 0.359375 0.503125 0.358333 0.503906 0.357292 0.503906 0.35625 0.504687 0.355208 0.504687 0.354167 0.505469 0.352083 0.505469 0.351042 0.50625 0.35 0.50625 0.348958 0.507031 0.347917 0.507031 0.346875 0.507812 0.34375 0.507812 0.342708 0.508594 0.340625 0.508594 0.339583 0.509375 0.338542 0.509375 0.3375 0.510156 0.335417 0.510156 0.334375 0.510937 0.330208 0.510937 0.329167 0.511719 0.327083 0.511719 0.326042 0.5125 0.323958 0.5125 0.322917 0.513281 0.320833 0.513281 0.319792 0.514062 0.313542 0.514062 0.3125 0.514844 0.307292 0.514844 0.30625 0.515625 0.302083 0.515625 0.301042 0.516406 0.294792 0.516406 0.29375 0.517188 0.279167 0.517188 0.278125 0.517969 0.239583 0.517969 0.238542 0.517188 0.226042 0.517188 0.225 0.516406 0.220833 0.516406 0.219792 0.515625 0.216667 0.515625 0.215625 0.514844 0.2125 0.514844 0.211458 0.514062 0.20625 0.514062 0.205208 0.513281 0.203125 0.513281 0.202083 0.5125 0.201042 0.5125 0.2 0.511719 0.197917 0.511719 0.196875 0.510937 0.194792 0.510937 0.19375 0.510156 0.192708 0.510156 0.191667 0.509375 0.190625 0.509375 0.188542 0.507812 0.1875 0.507812 0.186458 0.507031 0.185417 0.507031 0.183333 0.505469 0.182292 0.505469 0.18125 0.504687 0.18125 0.503906 0.179167 0.503906 0.178125 0.503125 0.178125 0.508594 0.179167 0.509375 0.179167 0.510156 0.180208 0.510937 0.180208 0.511719 0.182292 0.513281 0.182292 0.514062 0.184375 0.515625 0.185417 0.515625 0.189583 0.51875 0.190625 0.51875 0.191667 0.519531 0.192708 0.519531 0.19375 0.520312 0.194792 0.520312 0.196875 0.521875 0.198958 0.521875 0.2 0.522656 0.202083 0.522656 0.203125 0.523438 0.205208 0.523438 0.20625 0.524219 0.207292 0.524219 0.208333 0.525 0.210417 0.525 0.211458 0.525781 0.217708 0.525781 0.21875 0.526562 0.221875 0.526562 0.222917 0.527344 0.226042 0.527344 0.227083 0.528125 0.232292 0.528125 0.233333 0.528906 0.290625 0.528906 0.291667 0.528125 0.297917 0.528125 0.298958 0.527344 0.302083 0.527344 0.303125 0.526562 0.307292 0.526562 0.308333 0.525781 0.315625 0.525781 0.316667 0.525 0.320833 0.525 0.321875 0.524219 0.323958 0.524219 0.325 0.523438 0.327083 0.523438 0.328125 0.522656 0.332292 0.522656 0.333333 0.521875 0.336458 0.521875 0.3375 0.521094 0.338542 0.521094 0.339583 0.520312 0.341667 0.520312 0.342708 0.519531 0.345833 0.519531 0.346875 0.51875 0.347917 0.51875 0.348958 0.517969 0.35 0.517969 0.351042 0.517188 0.352083 0.517188 0.353125 0.516406 0.355208 0.516406 0.35625 0.515625 0.357292 0.515625 0.358333 0.514844 0.359375 0.514844 0.360417 0.514062 0.361458 0.514062 0.3625 0.513281 0.363542 0.513281 0.367708 0.510156 0.36875 0.510156 0.378125 0.503125 0.378125 0.492969 0.960488
0 0.676042 0.542969 0.676042 0.545312 0.675 0.546094 0.675 0.560937 0.677083 0.5625 0.677083 0.563281 0.678125 0.564062 0.678125 0.564844 0.679167 0.565625 0.679167 0.566406 0.683333 0.569531 0.683333 0.570312 0.686458 0.572656 0.6875 0.572656 0.691667 0.575781 0.692708 0.575781 0.694792 0.577344 0.695833 0.577344 0.697917 0.578906 0.698958 0.578906 0.7 0.579687 0.701042 0.579687 0.702083 0.580469 0.703125 0.580469 0.705208 0.582031 0.707292 0.582031 0.708333 0.582812 0.709375 0.582812 0.710417 0.583594 0.711458 0.583594 0.7125 0.584375 0.713542 0.584375 0.714583 0.585156 0.717708 0.585156 0.71875 0.585938 0.719792 0.585938 0.720833 0.586719 0.721875 0.586719 0.722917 0.5875 0.725 0.5875 0.726042 0.588281 0.729167 0.588281 0.730208 0.589062 0.732292 0.589062 0.733333 0.589844 0.735417 0.589844 0.736458 0.590625 0.738542 0.590625 0.739583 0.591406 0.745833 0.591406 0.746875 0.592187 0.75 0.592187 0.751042 0.592969 0.753125 0.592969 0.754167 0.59375 0.758333 0.59375 0.759375 0.594531 0.76875 0.594531 0.769792 0.595312 0.778125 0.595312 0.779167 0.596094 0.788542 0.596094 0.789583 0.596875 0.80625 0.596875 0.807292 0.596094 0.816667 0.596094 0.817708 0.595312 0.823958 0.595312 0.825 0.594531 0.834375 0.594531 0.835417 0.59375 0.838542 0.59375 0.839583 0.592969 0.840625 0.592969 0.841667 0.592187 0.84375 0.592187 0.844792 0.591406 0.847917 0.591406 0.848958 0.590625 0.851042 0.590625 0.852083 0.589844 0.853125 0.589844 0.854167 0.589062 0.855208 0.589062 0.85625 0.588281 0.857292 0.588281 0.858333 0.5875 0.859375 0.5875 0.860417 0.586719 0.861458 0.586719 0.863542 0.585156 0.864583 0.585156 0.867708 0.582812 0.86875 0.582812 0.869792 0.582031 0.870833 0.582031 0.871875 0.58125 0.871875 0.580469 0.872917 0.579687 0.872917 0.578125 0.873958 0.577344 0.873958 0.572656 0.872917 0.571875 0.870833 0.573437 0.869792 0.573437 0.866667 0.575781 0.865625 0.575781 0.864583 0.576562 0.863542 0.576562 0.861458 0.578125 0.860417 0.578125 0.859375 0.578906 0.858333 0.578906 0.857292 0.579687 0.855208 0.579687 0.854167 0.580469 0.852083 0.580469 0.851042 0.58125 0.85 0.58125 0.848958 0.582031 0.846875 0.582031 0.845833 0.582812 0.838542 0.582812 0.8375 0.583594 0.833333 0.583594 0.832292 0.584375 0.829167 0.584375 0.828125 0.585156 0.821875 0.585156 0.820833 0.585938 0.788542 0.585938 0.7875 0.585156 0.777083 0.585156 0.776042 0.584375 0.770833 0.584375 0.769792 0.583594 0.763542 0.583594 0.7625 0.582812 0.754167 0.582812 0.753125 0.582031 0.75 0.582031 0.748958 0.58125 0.746875 0.58125 0.745833 0.580469 0.742708 0.580469 0.741667 0.579687 0.7375 0.579687 0.736458 0.578906 0.734375 0.578906 0.733333 0.578125 0.732292 0.578125 0.73125 0.577344 0.728125 0.577344 0.727083 0.576562 0.723958 0.576562 0.722917 0.575781 0.721875 0.575781 0.720833 0.575 0.719792 0.575 0.71875 0.574219 0.717708 0.574219 0.716667 0.573437 0.713542 0.573437 0.7125 0.572656 0.711458 0.572656 0.709375 0.571094 0.708333 0.571094 0.707292 0.570312 0.705208 0.570312 0.704167 0.569531 0.703125 0.569531 0.701042 0.567969 0.7 0.567969 0.698958 0.567187 0.697917 0.567187 0.694792 0.564844 0.69375 0.564844 0.688542 0.560937 0.6875 0.560937 0.685417 0.559375 0.685417 0.558594 0.682292 0.55625 0.682292 0.555469 0.68125 0.554688 0.68125 0.553906 0.680208 0.553125 0.680208 0.550781 0.679167 0.55 0.679167 0.549219 0.678125 0.548437 0.678125 0.546094 0.677083 0.545312 0.677083 0.542969 0.958347
0 0.38125 0.535937 0.380208 0.536719 0.380208 0.5375 0.376042 0.540625 0.376042 0.541406 0.367708 0.547656 0.366667 0.547656 0.365625 0.548437 0.364583 0.548437 0.361458 0.550781 0.360417 0.550781 0.359375 0.551562 0.358333 0.551562 0.357292 0.552344 0.35625 0.552344 0.355208 0.553125 0.354167 0.553125 0.353125 0.553906 0.352083 0.553906 0.351042 0.554688 0.348958 0.554688 0.347917 0.555469 0.346875 0.555469 0.344792 0.557031 0.342708 0.557031 0.341667 0.557812 0.338542 0.557812 0.3375 0.558594 0.335417 0.558594 0.334375 0.559375 0.333333 0.559375 0.332292 0.560156 0.330208 0.560156 0.329167 0.560937 0.323958 0.560937 0.322917 0.561719 0.31875 0.561719 0.317708 0.5625 0.315625 0.5625 0.314583 0.563281 0.311458 0.563281 0.310417 0.564062 0.303125 0.564062 0.302083 0.564844 0.295833 0.564844 0.294792 0.565625 0.288542 0.565625 0.2875 0.566406 0.275 0.566406 0.273958 0.567187 0.25 0.567187 0.248958 0.566406 0.240625 0.566406 0.239583 0.565625 0.235417 0.565625 0.234375 0.564844 0.228125 0.564844 0.227083 0.564062 0.220833 0.564062 0.219792 0.563281 0.216667 0.563281 0.215625 0.5625 0.214583 0.5625 0.213542 0.561719 0.210417 0.561719 0.209375 0.560937 0.205208 0.560937 0.204167 0.560156 0.203125 0.560156 0.201042 0.558594 0.2 0.558594 0.198958 0.557812 0.197917 0.557812 0.196875 0.557031 0.195833 0.557031 0.192708 0.554688 0.191667 0.554688 0.188542 0.552344 0.1875 0.552344 0.185417 0.550781 0.184375 0.550781 0.184375 0.555469 0.185417 0.55625 0.185417 0.557031 0.1875 0.558594 0.1875 0.559375 0.189583 0.560937 0.189583 0.561719 0.192708 0.564062 0.19375 0.564062 0.196875 0.566406 0.197917 0.566406 0.201042 0.56875 0.202083 0.56875 0.203125 0.569531 0.205208 0.569531 0.207292 0.571094 0.208333 0.571094 0.209375 0.571875 0.210417 0.571875 0.211458 0.572656 0.216667 0.572656 0.217708 0.573437 0.219792 0.573437 0.220833 0.574219 0.221875 0.574219 0.222917 0.575 0.225 0.575 0.226042 0.575781 0.233333 0.575781 0.234375 0.576562 0.240625 0.576562 0.241667 0.577344 0.246875 0.577344 0.247917 0.578125 0.285417 0.578125 0.286458 0.577344 0.291667 0.577344 0.292708 0.576562 0.3 0.576562 0.301042 0.575781 0.309375 0.575781 0.310417 0.575 0.313542 0.575 0.314583 0.574219 0.316667 0.574219 0.317708 0.573437 0.321875 0.573437 0.322917 0.572656 0.328125 0.572656 0.329167 0.571875 0.33125 0.571875 0.332292 0.571094 0.333333 0.571094 0.334375 0.570312 0.3375 0.570312 0.338542 0.569531 0.341667 0.569531 0.342708 0.56875 0.34375 0.56875 0.344792 0.567969 0.345833 0.567969 0.346875 0.567187 0.348958 0.567187 0.35 0.566406 0.352083 0.566406 0.354167 0.564844 0.355208 0.564844 0.35625 0.564062 0.357292 0.564062 0.358333 0.563281 0.359375 0.563281 0.360417 0.5625 0.361458 0.5625 0.364583 0.560156 0.365625 0.560156 0.366667 0.559375 0.367708 0.559375 0.370833 0.557031 0.371875 0.557031 0.371875 0.55625 0.379167 0.550781 0.379167 0.549219 0.380208 0.548437 0.380208 0.547656 0.38125 0.546875 0.38125 0.545312 0.382292 0.544531 0.382292 0.538281 0.38125 0.5375 0.958279
0 0.680208 0.5375 0.680208 0.539062 0.678125 0.540625 0.678125 0.548437 0.679167 0.549219 0.679167 0.55 0.680208 0.550781 0.680208 0.551562 0.68125 0.552344 0.68125 0.553125 0.682292 0.553906 0.682292 0.554688 0.683333 0.555469 0.683333 0.55625 0.685417 0.557812 0.685417 0.558594 0.690625 0.5625 0.691667 0.5625 0.695833 0.565625 0.696875 0.565625 0.697917 0.566406 0.698958 0.566406 0.7 0.567187 0.701042 0.567187 0.703125 0.56875 0.704167 0.56875 0.705208 0.569531 0.70625 0.569531 0.707292 0.570312 0.708333 0.570312 0.709375 0.571094 0.710417 0.571094 0.711458 0.571875 0.7125 0.571875 0.713542 0.572656 0.715625 0.572656 0.716667 0.573437 0.71875 0.573437 0.720833 0.575 0.721875 0.575 0.722917 0.575781 0.727083 0.575781 0.728125 0.576562 0.730208 0.576562 0.73125 0.577344 0.733333 0.577344 0.734375 0.578125 0.735417 0.578125 0.736458 0.578906 0.740625 0.578906 0.741667 0.579687 0.745833 0.579687 0.746875 0.580469 0.748958 0.580469 0.75 0.58125 0.752083 0.58125 0.753125 0.582031 0.760417 0.582031 0.761458 0.582812 0.767708 0.582812 0.76875 0.583594 0.772917 0.583594 0.773958 0.584375 0.78125 0.584375 0.782292 0.585156 0.825 0.585156 0.826042 0.584375 0.830208 0.584375 0.83125 0.583594 0.833333 0.583594 0.834375 0.582812 0.838542 0.582812 0.839583 0.582031 0.845833 0.582031 0.846875 0.58125 0.848958 0.58125 0.851042 0.579687 0.853125 0.579687 0.854167 0.578906 0.857292 0.578906 0.858333 0.578125 0.859375 0.578125 0.860417 0.577344 0.861458 0.577344 0.863542 0.575781 0.864583 0.575781 0.865625 0.575 0.866667 0.575 0.871875 0.571094 0.872917 0.571094 0.873958 0.570312 0.875 0.570312 0.878125 0.567969 0.878125 0.561719 0.876042 0.561719 0.872917 0.564062 0.871875 0.564062 0.870833 0.564844 0.869792 0.564844 0.86875 0.565625 0.867708 0.565625 0.866667 0.566406 0.865625 0.566406 0.864583 0.567187 0.863542 0.567187 0.8625 0.567969 0.860417 0.567969 0.859375 0.56875 0.858333 0.56875 0.857292 0.569531 0.855208 0.569531 0.854167 0.570312 0.848958 0.570312 0.847917 0.571094 0.844792 0.571094 0.84375 0.571875 0.840625 0.571875 0.839583 0.572656 0.834375 0.572656 0.833333 0.573437 0.81875 0.573437 0.817708 0.574219 0.789583 0.574219 0.788542 0.573437 0.775 0.573437 0.773958 0.572656 0.76875 0.572656 0.767708 0.571875 0.763542 0.571875 0.7625 0.571094 0.757292 0.571094 0.75625 0.570312 0.751042 0.570312 0.75 0.569531 0.746875 0.569531 0.745833 0.56875 0.742708 0.56875 0.741667 0.567969 0.738542 0.567969 0.7375 0.567187 0.734375 0.567187 0.733333 0.566406 0.73125 0.566406 0.730208 0.565625 0.729167 0.565625 0.728125 0.564844 0.726042 0.564844 0.725 0.564062 0.722917 0.564062 0.721875 0.563281 0.719792 0.563281 0.71875 0.5625 0.717708 0.5625 0.716667 0.561719 0.715625 0.561719 0.714583 0.560937 0.7125 0.560937 0.711458 0.560156 0.710417 0.560156 0.708333 0.558594 0.707292 0.558594 0.70625 0.557812 0.705208 0.557812 0.704167 0.557031 0.703125 0.557031 0.701042 0.555469 0.7 0.555469 0.698958 0.554688 0.697917 0.554688 0.695833 0.553125 0.694792 0.553125 0.682292 0.54375 0.682292 0.542969 0.68125 0.542187 0.68125 0.539062 0.680208 0.538281 0.956473
0 0.672917 0.558594 0.672917 0.570312 0.673958 0.571094 0.673958 0.572656 0.675 0.573437 0.675 0.574219 0.677083 0.575781 0.677083 0.576562 0.679167 0.578125 0.679167 0.578906 0.682292 0.58125 0.682292 0.582031 0.685417 0.584375 0.686458 0.584375 0.689583 0.586719 0.690625 0.586719 0.692708 0.588281 0.69375 0.588281 0.696875 0.590625 0.697917 0.590625 0.698958 0.591406 0.7 0.591406 0.701042 0.592187 0.702083 0.592187 0.704167 0.59375 0.705208 0.59375 0.70625 0.594531 0.708333 0.594531 0.709375 0.595312 0.710417 0.595312 0.711458 0.596094 0.7125 0.596094 0.713542 0.596875 0.714583 0.596875 0.715625 0.597656 0.717708 0.597656 0.71875 0.598437 0.719792 0.598437 0.720833 0.599219 0.722917 0.599219 0.723958 0.6 0.726042 0.6 0.727083 0.600781 0.730208 0.600781 0.73125 0.601562 0.734375 0.601562 0.735417 0.602344 0.7375 0.602344 0.738542 0.603125 0.740625 0.603125 0.741667 0.603906 0.746875 0.603906 0.747917 0.604687 0.751042 0.604687 0.752083 0.605469 0.75625 0.605469 0.757292 0.60625 0.761458 0.60625 0.7625 0.607031 0.775 0.607031 0.776042 0.607812 0.808333 0.607812 0.809375 0.607031 0.822917 0.607031 0.823958 0.60625 0.829167 0.60625 0.830208 0.605469 0.832292 0.605469 0.833333 0.604687 0.8375 0.604687 0.838542 0.603906 0.842708 0.603906 0.84375 0.603125 0.844792 0.603125 0.845833 0.602344 0.847917 0.602344 0.848958 0.601562 0.85 0.601562 0.851042 0.600781 0.852083 0.600781 0.853125 0.6 0.854167 0.6 0.855208 0.599219 0.85625 0.599219 0.857292 0.598437 0.858333 0.598437 0.860417 0.596875 0.861458 0.596875 0.865625 0.59375 0.866667 0.59375 0.866667 0.592969 0.86875 0.591406 0.86875 0.590625 0.869792 0.589844 0.869792 0.588281 0.870833 0.5875 0.870833 0.585156 0.869792 0.584375 0.867708 0.584375 0.865625 0.585938 0.864583 0.585938 0.8625 0.5875 0.861458 0.5875 0.859375 0.589062 0.857292 0.589062 0.85625 0.589844 0.855208 0.589844 0.854167 0.590625 0.853125 0.590625 0.852083 0.591406 0.851042 0.591406 0.85 0.592187 0.845833 0.592187 0.844792 0.592969 0.842708 0.592969 0.841667 0.59375 0.840625 0.59375 0.839583 0.594531 0.836458 0.594531 0.835417 0.595312 0.826042 0.595312 0.825 0.596094 0.817708 0.596094 0.816667 0.596875 0.80625 0.596875 0.805208 0.597656 0.794792 0.597656 0.79375 0.596875 0.780208 0.596875 0.779167 0.596094 0.771875 0.596094 0.770833 0.595312 0.759375 0.595312 0.758333 0.594531 0.754167 0.594531 0.753125 0.59375 0.751042 0.59375 0.75 0.592969 0.746875 0.592969 0.745833 0.592187 0.740625 0.592187 0.739583 0.591406 0.736458 0.591406 0.735417 0.590625 0.733333 0.590625 0.732292 0.589844 0.730208 0.589844 0.729167 0.589062 0.726042 0.589062 0.725 0.588281 0.722917 0.588281 0.721875 0.5875 0.720833 0.5875 0.719792 0.586719 0.71875 0.586719 0.717708 0.585938 0.714583 0.585938 0.713542 0.585156 0.7125 0.585156 0.711458 0.584375 0.710417 0.584375 0.709375 0.583594 0.708333 0.583594 0.707292 0.582812 0.70625 0.582812 0.705208 0.582031 0.704167 0.582031 0.703125 0.58125 0.702083 0.58125 0.701042 0.580469 0.7 0.580469 0.698958 0.579687 0.697917 0.579687 0.696875 0.578906 0.695833 0.578906 0.691667 0.575781 0.690625 0.575781 0.6875 0.573437 0.686458 0.573437 0.683333 0.571094 0.683333 0.570312 0.680208 0.567969 0.680208 0.567187 0.678125 0.565625 0.678125 0.564844 0.677083 0.564062 0.677083 0.5625 0.676042 0.561719 0.676042 0.560937 0.675 0.560937 0.672917 0.559375 0.955759
0 0.376042 0.480469 0.376042 0.482031 0.36875 0.4875 0.367708 0.4875 0.365625 0.489062 0.364583 0.489062 0.3625 0.490625 0.361458 0.490625 0.359375 0.492187 0.35625 0.492187 0.354167 0.49375 0.353125 0.49375 0.352083 0.494531 0.35 0.494531 0.348958 0.495312 0.346875 0.495312 0.345833 0.496094 0.344792 0.496094 0.34375 0.496875 0.341667 0.496875 0.340625 0.497656 0.338542 0.497656 0.3375 0.498437 0.333333 0.498437 0.332292 0.499219 0.33125 0.499219 0.330208 0.5 0.328125 0.5 0.327083 0.500781 0.322917 0.500781 0.321875 0.501562 0.315625 0.501562 0.314583 0.502344 0.311458 0.502344 0.310417 0.503125 0.307292 0.503125 0.30625 0.503906 0.295833 0.503906 0.294792 0.504687 0.28125 0.504687 0.280208 0.505469 0.266667 0.505469 0.265625 0.50625 0.257292 0.50625 0.25625 0.505469 0.239583 0.505469 0.238542 0.504687 0.227083 0.504687 0.226042 0.503906 0.216667 0.503906 0.215625 0.503125 0.2125 0.503125 0.211458 0.502344 0.210417 0.502344 0.209375 0.501562 0.20625 0.501562 0.205208 0.500781 0.201042 0.500781 0.2 0.5 0.197917 0.5 0.196875 0.499219 0.195833 0.499219 0.194792 0.498437 0.192708 0.498437 0.191667 0.497656 0.189583 0.497656 0.188542 0.496875 0.1875 0.496875 0.183333 0.49375 0.182292 0.49375 0.18125 0.492969 0.18125 0.492187 0.180208 0.492187 0.176042 0.489062 0.176042 0.498437 0.177083 0.499219 0.177083 0.5 0.183333 0.504687 0.184375 0.504687 0.186458 0.50625 0.1875 0.50625 0.188542 0.507031 0.189583 0.507031 0.191667 0.508594 0.192708 0.508594 0.19375 0.509375 0.195833 0.509375 0.196875 0.510156 0.198958 0.510156 0.2 0.510937 0.201042 0.510937 0.202083 0.511719 0.204167 0.511719 0.205208 0.5125 0.207292 0.5125 0.208333 0.513281 0.211458 0.513281 0.2125 0.514062 0.216667 0.514062 0.217708 0.514844 0.220833 0.514844 0.221875 0.515625 0.225 0.515625 0.226042 0.516406 0.234375 0.516406 0.235417 0.517188 0.282292 0.517188 0.283333 0.516406 0.294792 0.516406 0.295833 0.515625 0.302083 0.515625 0.303125 0.514844 0.30625 0.514844 0.307292 0.514062 0.313542 0.514062 0.314583 0.513281 0.319792 0.513281 0.320833 0.5125 0.322917 0.5125 0.323958 0.511719 0.326042 0.511719 0.327083 0.510937 0.329167 0.510937 0.330208 0.510156 0.334375 0.510156 0.335417 0.509375 0.336458 0.509375 0.3375 0.508594 0.339583 0.508594 0.340625 0.507812 0.342708 0.507812 0.34375 0.507031 0.346875 0.507031 0.347917 0.50625 0.348958 0.50625 0.35 0.505469 0.351042 0.505469 0.352083 0.504687 0.353125 0.504687 0.354167 0.503906 0.355208 0.503906 0.35625 0.503125 0.357292 0.503125 0.358333 0.502344 0.359375 0.502344 0.360417 0.501562 0.361458 0.501562 0.3625 0.500781 0.363542 0.500781 0.366667 0.498437 0.367708 0.498437 0.370833 0.496094 0.371875 0.496094 0.372917 0.495312 0.372917 0.494531 0.376042 0.492187 0.376042 0.491406 0.377083 0.490625 0.377083 0.48125 0.95474
0 0.377083 0.504687 0.365625 0.513281 0.364583 0.513281 0.363542 0.514062 0.3625 0.514062 0.361458 0.514844 0.360417 0.514844 0.359375 0.515625 0.358333 0.515625 0.35625 0.517188 0.354167 0.517188 0.353125 0.517969 0.352083 0.517969 0.351042 0.51875 0.35 0.51875 0.348958 0.519531 0.346875 0.519531 0.345833 0.520312 0.342708 0.520312 0.341667 0.521094 0.339583 0.521094 0.338542 0.521875 0.3375 0.521875 0.336458 0.522656 0.333333 0.522656 0.332292 0.523438 0.328125 0.523438 0.327083 0.524219 0.325 0.524219 0.323958 0.525 0.321875 0.525 0.320833 0.525781 0.315625 0.525781 0.314583 0.526562 0.307292 0.526562 0.30625 0.527344 0.302083 0.527344 0.301042 0.528125 0.297917 0.528125 0.296875 0.528906 0.2875 0.528906 0.286458 0.529687 0.2375 0.529687 0.236458 0.528906 0.228125 0.528906 0.227083 0.528125 0.223958 0.528125 0.222917 0.527344 0.219792 0.527344 0.21875 0.526562 0.2125 0.526562 0.211458 0.525781 0.209375 0.525781 0.208333 0.525 0.20625 0.525 0.205208 0.524219 0.204167 0.524219 0.203125 0.523438 0.2 0.523438 0.198958 0.522656 0.196875 0.522656 0.194792 0.521094 0.19375 0.521094 0.192708 0.520312 0.191667 0.520312 0.190625 0.519531 0.189583 0.519531 0.185417 0.516406 0.184375 0.516406 0.18125 0.514062 0.18125 0.513281 0.180208 0.5125 0.180208 0.519531 0.18125 0.520312 0.18125 0.521094 0.182292 0.521875 0.182292 0.523438 0.183333 0.524219 0.183333 0.525 0.189583 0.529687 0.190625 0.529687 0.19375 0.532031 0.194792 0.532031 0.195833 0.532812 0.196875 0.532812 0.197917 0.533594 0.198958 0.533594 0.2 0.534375 0.201042 0.534375 0.202083 0.535156 0.204167 0.535156 0.205208 0.535937 0.20625 0.535937 0.207292 0.536719 0.209375 0.536719 0.210417 0.5375 0.213542 0.5375 0.214583 0.538281 0.219792 0.538281 0.220833 0.539062 0.222917 0.539062 0.223958 0.539844 0.227083 0.539844 0.228125 0.540625 0.234375 0.540625 0.235417 0.541406 0.259375 0.541406 0.260417 0.542187 0.270833 0.542187 0.271875 0.541406 0.29375 0.541406 0.294792 0.540625 0.301042 0.540625 0.302083 0.539844 0.305208 0.539844 0.30625 0.539062 0.309375 0.539062 0.310417 0.538281 0.317708 0.538281 0.31875 0.5375 0.321875 0.5375 0.322917 0.536719 0.325 0.536719 0.326042 0.535937 0.328125 0.535937 0.329167 0.535156 0.333333 0.535156 0.334375 0.534375 0.336458 0.534375 0.3375 0.533594 0.339583 0.533594 0.340625 0.532812 0.341667 0.532812 0.342708 0.532031 0.344792 0.532031 0.345833 0.53125 0.347917 0.53125 0.348958 0.530469 0.35 0.530469 0.351042 0.529687 0.352083 0.529687 0.353125 0.528906 0.355208 0.528906 0.357292 0.527344 0.358333 0.527344 0.359375 0.526562 0.360417 0.526562 0.361458 0.525781 0.3625 0.525781 0.364583 0.524219 0.365625 0.524219 0.369792 0.521094 0.370833 0.521094 0.375 0.517969 0.375 0.517188 0.379167 0.514062 0.379167 0.504687 0.95334
0 0.682292 0.517969 0.682292 0.528906 0.683333 0.529687 0.683333 0.530469 0.684375 0.530469 0.685417 0.53125 0.685417 0.532031 0.6875 0.533594 0.6875 0.534375 0.696875 0.541406 0.697917 0.541406 0.701042 0.54375 0.702083 0.54375 0.703125 0.544531 0.704167 0.544531 0.705208 0.545312 0.70625 0.545312 0.707292 0.546094 0.708333 0.546094 0.710417 0.547656 0.713542 0.547656 0.715625 0.549219 0.716667 0.549219 0.717708 0.55 0.719792 0.55 0.720833 0.550781 0.723958 0.550781 0.725 0.551562 0.726042 0.551562 0.727083 0.552344 0.729167 0.552344 0.730208 0.553125 0.732292 0.553125 0.733333 0.553906 0.736458 0.553906 0.7375 0.554688 0.739583 0.554688 0.740625 0.555469 0.742708 0.555469 0.74375 0.55625 0.746875 0.55625 0.747917 0.557031 0.753125 0.557031 0.754167 0.557812 0.757292 0.557812 0.758333 0.558594 0.761458 0.558594 0.7625 0.559375 0.76875 0.559375 0.769792 0.560156 0.78125 0.560156 0.782292 0.560937 0.790625 0.560937 0.791667 0.561719 0.825 0.561719 0.826042 0.560937 0.833333 0.560937 0.834375 0.560156 0.842708 0.560156 0.84375 0.559375 0.848958 0.559375 0.85 0.558594 0.852083 0.558594 0.853125 0.557812 0.855208 0.557812 0.85625 0.557031 0.859375 0.557031 0.860417 0.55625 0.863542 0.55625 0.864583 0.555469 0.865625 0.555469 0.867708 0.553906 0.86875 0.553906 0.869792 0.553125 0.871875 0.553125 0.873958 0.551562 0.875 0.551562 0.876042 0.550781 0.877083 0.550781 0.88125 0.547656 0.882292 0.547656 0.884375 0.546094 0.884375 0.545312 0.885417 0.544531 0.885417 0.542969 0.886458 0.542187 0.886458 0.536719 0.885417 0.535937 0.885417 0.535156 0.884375 0.535156 0.884375 0.535937 0.88125 0.538281 0.880208 0.538281 0.877083 0.540625 0.876042 0.540625 0.875 0.541406 0.873958 0.541406 0.872917 0.542187 0.871875 0.542187 0.870833 0.542969 0.869792 0.542969 0.86875 0.54375 0.867708 0.54375 0.866667 0.544531 0.864583 0.544531 0.863542 0.545312 0.860417 0.545312 0.859375 0.546094 0.858333 0.546094 0.857292 0.546875 0.854167 0.546875 0.853125 0.547656 0.848958 0.547656 0.847917 0.548437 0.840625 0.548437 0.839583 0.549219 0.834375 0.549219 0.833333 0.55 0.823958 0.55 0.822917 0.550781 0.801042 0.550781 0.8 0.55 0.788542 0.55 0.7875 0.549219 0.779167 0.549219 0.778125 0.548437 0.766667 0.548437 0.765625 0.547656 0.760417 0.547656 0.759375 0.546875 0.75625 0.546875 0.755208 0.546094 0.752083 0.546094 0.751042 0.545312 0.744792 0.545312 0.74375 0.544531 0.741667 0.544531 0.740625 0.54375 0.738542 0.54375 0.7375 0.542969 0.735417 0.542969 0.734375 0.542187 0.730208 0.542187 0.729167 0.541406 0.727083 0.541406 0.726042 0.540625 0.725 0.540625 0.723958 0.539844 0.722917 0.539844 0.721875 0.539062 0.71875 0.539062 0.717708 0.538281 0.716667 0.538281 0.714583 0.536719 0.713542 0.536719 0.7125 0.535937 0.710417 0.535937 0.709375 0.535156 0.708333 0.535156 0.70625 0.533594 0.705208 0.533594 0.704167 0.532812 0.703125 0.532812 0.702083 0.532031 0.701042 0.532031 0.697917 0.529687 0.696875 0.529687 0.6875 0.522656 0.6875 0.521875 0.686458 0.521094 0.686458 0.520312 0.685417 0.519531 0.685417 0.517969 0.952107
0 0.68125 0.529687 0.68125 0.532812 0.680208 0.533594 0.680208 0.536719 0.68125 0.5375 0.68125 0.539062 0.682292 0.539844 0.682292 0.541406 0.683333 0.542187 0.683333 0.542969 0.684375 0.54375 0.684375 0.544531 0.696875 0.553906 0.697917 0.553906 0.698958 0.554688 0.7 0.554688 0.702083 0.55625 0.703125 0.55625 0.704167 0.557031 0.705208 0.557031 0.70625 0.557812 0.707292 0.557812 0.709375 0.559375 0.710417 0.559375 0.711458 0.560156 0.713542 0.560156 0.714583 0.560937 0.715625 0.560937 0.716667 0.561719 0.717708 0.561719 0.71875 0.5625 0.719792 0.5625 0.720833 0.563281 0.723958 0.563281 0.725 0.564062 0.727083 0.564062 0.728125 0.564844 0.729167 0.564844 0.730208 0.565625 0.73125 0.565625 0.732292 0.566406 0.736458 0.566406 0.7375 0.567187 0.740625 0.567187 0.741667 0.567969 0.74375 0.567969 0.744792 0.56875 0.746875 0.56875 0.747917 0.569531 0.754167 0.569531 0.755208 0.570312 0.760417 0.570312 0.761458 0.571094 0.764583 0.571094 0.765625 0.571875 0.769792 0.571875 0.770833 0.572656 0.783333 0.572656 0.784375 0.573437 0.827083 0.573437 0.828125 0.572656 0.838542 0.572656 0.839583 0.571875 0.842708 0.571875 0.84375 0.571094 0.845833 0.571094 0.846875 0.570312 0.848958 0.570312 0.85 0.569531 0.855208 0.569531 0.85625 0.56875 0.857292 0.56875 0.858333 0.567969 0.859375 0.567969 0.860417 0.567187 0.861458 0.567187 0.8625 0.566406 0.864583 0.566406 0.865625 0.565625 0.866667 0.565625 0.867708 0.564844 0.86875 0.564844 0.869792 0.564062 0.870833 0.564062 0.872917 0.5625 0.873958 0.5625 0.878125 0.559375 0.879167 0.559375 0.880208 0.558594 0.880208 0.557812 0.88125 0.557031 0.88125 0.55625 0.882292 0.555469 0.882292 0.549219 0.88125 0.548437 0.877083 0.551562 0.876042 0.551562 0.872917 0.553906 0.871875 0.553906 0.870833 0.554688 0.86875 0.554688 0.867708 0.555469 0.866667 0.555469 0.865625 0.55625 0.864583 0.55625 0.863542 0.557031 0.860417 0.557031 0.859375 0.557812 0.85625 0.557812 0.855208 0.558594 0.853125 0.558594 0.852083 0.559375 0.85 0.559375 0.848958 0.560156 0.842708 0.560156 0.841667 0.560937 0.834375 0.560937 0.833333 0.561719 0.825 0.561719 0.823958 0.5625 0.79375 0.5625 0.792708 0.561719 0.783333 0.561719 0.782292 0.560937 0.770833 0.560937 0.769792 0.560156 0.7625 0.560156 0.761458 0.559375 0.758333 0.559375 0.757292 0.558594 0.754167 0.558594 0.753125 0.557812 0.748958 0.557812 0.747917 0.557031 0.74375 0.557031 0.742708 0.55625 0.740625 0.55625 0.739583 0.555469 0.738542 0.555469 0.7375 0.554688 0.734375 0.554688 0.733333 0.553906 0.730208 0.553906 0.729167 0.553125 0.727083 0.553125 0.726042 0.552344 0.725 0.552344 0.723958 0.551562 0.720833 0.551562 0.719792 0.550781 0.717708 0.550781 0.715625 0.549219 0.714583 0.549219 0.713542 0.548437 0.711458 0.548437 0.710417 0.547656 0.709375 0.547656 0.708333 0.546875 0.707292 0.546875 0.705208 0.545312 0.704167 0.545312 0.703125 0.544531 0.702083 0.544531 0.701042 0.54375 0.7 0.54375 0.696875 0.541406 0.695833 0.541406 0.686458 0.534375 0.686458 0.533594 0.685417 0.532812 0.685417 0.532031 0.684375 0.53125 0.684375 0.530469 0.682292 0.530469 0.950756
0 0.364583 0.444531 0.364583 0.453125 0.363542 0.453906 0.363542 0.455469 0.3625 0.45625 0.3625 0.457031 0.361458 0.457812 0.361458 0.458594 0.354167 0.464062 0.353125 0.464062 0.352083 0.464844 0.351042 0.464844 0.348958 0.466406 0.347917 0.466406 0.346875 0.467187 0.344792 0.467187 0.34375 0.467969 0.342708 0.467969 0.341667 0.46875 0.340625 0.46875 0.339583 0.469531 0.3375 0.469531 0.336458 0.470312 0.334375 0.470312 0.333333 0.471094 0.330208 0.471094 0.329167 0.471875 0.327083 0.471875 0.326042 0.472656 0.323958 0.472656 0.322917 0.473437 0.317708 0.473437 0.316667 0.474219 0.313542 0.474219 0.3125 0.475 0.309375 0.475 0.308333 0.475781 0.303125 0.475781 0.302083 0.476562 0.295833 0.476562 0.294792 0.477344 0.288542 0.477344 0.2875 0.478125 0.279167 0.478125 0.278125 0.478906 0.266667 0.478906 0.265625 0.479687 0.226042 0.479687 0.225 0.478906 0.211458 0.478906 0.210417 0.478125 0.204167 0.478125 0.203125 0.477344 0.197917 0.477344 0.196875 0.476562 0.192708 0.476562 0.191667 0.475781 0.188542 0.475781 0.1875 0.475 0.185417 0.475 0.184375 0.474219 0.182292 0.474219 0.18125 0.473437 0.179167 0.473437 0.178125 0.472656 0.173958 0.472656 0.173958 0.474219 0.175 0.475 0.175 0.475781 0.179167 0.478906 0.179167 0.479687 0.180208 0.479687 0.184375 0.482812 0.185417 0.482812 0.186458 0.483594 0.1875 0.483594 0.188542 0.484375 0.189583 0.484375 0.190625 0.485156 0.191667 0.485156 0.192708 0.485937 0.19375 0.485937 0.194792 0.486719 0.196875 0.486719 0.197917 0.4875 0.201042 0.4875 0.202083 0.488281 0.204167 0.488281 0.205208 0.489062 0.208333 0.489062 0.209375 0.489844 0.2125 0.489844 0.213542 0.490625 0.219792 0.490625 0.220833 0.491406 0.229167 0.491406 0.230208 0.492187 0.240625 0.492187 0.241667 0.492969 0.277083 0.492969 0.278125 0.492187 0.289583 0.492187 0.290625 0.491406 0.301042 0.491406 0.302083 0.490625 0.309375 0.490625 0.310417 0.489844 0.314583 0.489844 0.315625 0.489062 0.319792 0.489062 0.320833 0.488281 0.326042 0.488281 0.327083 0.4875 0.330208 0.4875 0.33125 0.486719 0.333333 0.486719 0.334375 0.485937 0.3375 0.485937 0.338542 0.485156 0.340625 0.485156 0.341667 0.484375 0.344792 0.484375 0.345833 0.483594 0.347917 0.483594 0.348958 0.482812 0.35 0.482812 0.351042 0.482031 0.352083 0.482031 0.353125 0.48125 0.355208 0.48125 0.35625 0.480469 0.357292 0.480469 0.358333 0.479687 0.359375 0.479687 0.361458 0.478125 0.3625 0.478125 0.363542 0.477344 0.364583 0.477344 0.366667 0.475781 0.367708 0.475781 0.376042 0.469531 0.376042 0.46875 0.377083 0.467969 0.377083 0.466406 0.378125 0.465625 0.378125 0.45625 0.377083 0.455469 0.377083 0.453906 0.375 0.452344 0.375 0.451562 0.373958 0.450781 0.373958 0.45 0.370833 0.447656 0.370833 0.446875 0.367708 0.444531 0.950249
0 0.421875 0.565625 0.420833 0.566406 0.420833 0.569531 0.421875 0.570312 0.421875 0.571875 0.422917 0.572656 0.422917 0.573437 0.425 0.575 0.425 0.575781 0.427083 0.577344 0.427083 0.578125 0.428125 0.578906 0.429167 0.578906 0.432292 0.58125 0.433333 0.58125 0.436458 0.583594 0.4375 0.583594 0.439583 0.585156 0.440625 0.585156 0.441667 0.585938 0.442708 0.585938 0.44375 0.586719 0.444792 0.586719 0.445833 0.5875 0.446875 0.5875 0.447917 0.588281 0.448958 0.588281 0.45 0.589062 0.452083 0.589062 0.453125 0.589844 0.454167 0.589844 0.455208 0.590625 0.45625 0.590625 0.457292 0.591406 0.459375 0.591406 0.460417 0.592187 0.4625 0.592187 0.463542 0.592969 0.465625 0.592969 0.466667 0.59375 0.467708 0.59375 0.46875 0.594531 0.472917 0.594531 0.473958 0.595312 0.478125 0.595312 0.479167 0.596094 0.482292 0.596094 0.483333 0.596875 0.4875 0.596875 0.488542 0.597656 0.497917 0.597656 0.498958 0.598437 0.535417 0.598437 0.536458 0.597656 0.545833 0.597656 0.546875 0.596875 0.551042 0.596875 0.552083 0.596094 0.555208 0.596094 0.55625 0.595312 0.559375 0.595312 0.560417 0.594531 0.564583 0.594531 0.565625 0.59375 0.56875 0.59375 0.569792 0.592969 0.570833 0.592969 0.571875 0.592187 0.575 0.592187 0.576042 0.591406 0.578125 0.591406 0.579167 0.590625 0.580208 0.590625 0.58125 0.589844 0.582292 0.589844 0.583333 0.589062 0.584375 0.589062 0.585417 0.588281 0.5875 0.588281 0.588542 0.5875 0.589583 0.5875 0.591667 0.585938 0.592708 0.585938 0.595833 0.583594 0.596875 0.583594 0.603125 0.578906 0.603125 0.578125 0.60625 0.575781 0.60625 0.574219 0.607292 0.573437 0.607292 0.567969 0.60625 0.567187 0.60625 0.566406 0.605208 0.566406 0.605208 0.567187 0.594792 0.575 0.59375 0.575 0.592708 0.575781 0.591667 0.575781 0.590625 0.576562 0.589583 0.576562 0.5875 0.578125 0.586458 0.578125 0.585417 0.578906 0.584375 0.578906 0.583333 0.579687 0.582292 0.579687 0.58125 0.580469 0.579167 0.580469 0.578125 0.58125 0.577083 0.58125 0.576042 0.582031 0.573958 0.582031 0.572917 0.582812 0.569792 0.582812 0.56875 0.583594 0.565625 0.583594 0.564583 0.584375 0.5625 0.584375 0.561458 0.585156 0.558333 0.585156 0.557292 0.585938 0.552083 0.585938 0.551042 0.586719 0.545833 0.586719 0.544792 0.5875 0.5375 0.5875 0.536458 0.588281 0.522917 0.588281 0.521875 0.589062 0.50625 0.589062 0.505208 0.588281 0.49375 0.588281 0.492708 0.5875 0.486458 0.5875 0.485417 0.586719 0.479167 0.586719 0.478125 0.585938 0.472917 0.585938 0.471875 0.585156 0.46875 0.585156 0.467708 0.584375 0.464583 0.584375 0.463542 0.583594 0.460417 0.583594 0.459375 0.582812 0.457292 0.582812 0.45625 0.582031 0.455208 0.582031 0.454167 0.58125 0.452083 0.58125 0.451042 0.580469 0.448958 0.580469 0.447917 0.579687 0.446875 0.579687 0.445833 0.578906 0.444792 0.578906 0.44375 0.578125 0.442708 0.578125 0.441667 0.577344 0.440625 0.577344 0.439583 0.576562 0.438542 0.576562 0.435417 0.574219 0.434375 0.574219 0.432292 0.572656 0.43125 0.572656 0.426042 0.56875 0.425 0.56875 0.423958 0.567969 0.423958 0.567187 0.422917 0.566406 0.422917 0.565625 0.9501
0 0.384375 0.554688 0.384375 0.557812 0.383333 0.558594 0.383333 0.559375 0.382292 0.560156 0.382292 0.560937 0.38125 0.561719 0.38125 0.5625 0.380208 0.563281 0.380208 0.564062 0.369792 0.571875 0.36875 0.571875 0.366667 0.573437 0.365625 0.573437 0.363542 0.575 0.3625 0.575 0.360417 0.576562 0.359375 0.576562 0.358333 0.577344 0.357292 0.577344 0.35625 0.578125 0.355208 0.578125 0.354167 0.578906 0.353125 0.578906 0.352083 0.579687 0.35 0.579687 0.348958 0.580469 0.346875 0.580469 0.345833 0.58125 0.344792 0.58125 0.34375 0.582031 0.342708 0.582031 0.341667 0.582812 0.3375 0.582812 0.336458 0.583594 0.334375 0.583594 0.333333 0.584375 0.332292 0.584375 0.33125 0.585156 0.329167 0.585156 0.328125 0.585938 0.321875 0.585938 0.320833 0.586719 0.317708 0.586719 0.316667 0.5875 0.314583 0.5875 0.313542 0.588281 0.310417 0.588281 0.309375 0.589062 0.3 0.589062 0.298958 0.589844 0.291667 0.589844 0.290625 0.590625 0.284375 0.590625 0.283333 0.591406 0.258333 0.591406 0.257292 0.590625 0.245833 0.590625 0.244792 0.589844 0.238542 0.589844 0.2375 0.589062 0.23125 0.589062 0.230208 0.588281 0.226042 0.588281 0.225 0.5875 0.223958 0.5875 0.222917 0.586719 0.219792 0.586719 0.21875 0.585938 0.215625 0.585938 0.214583 0.585156 0.213542 0.585156 0.2125 0.584375 0.211458 0.584375 0.210417 0.583594 0.209375 0.583594 0.208333 0.582812 0.20625 0.582812 0.204167 0.58125 0.203125 0.58125 0.2 0.578906 0.198958 0.578906 0.196875 0.577344 0.195833 0.577344 0.192708 0.575 0.191667 0.575 0.190625 0.575781 0.190625 0.576562 0.191667 0.577344 0.191667 0.579687 0.192708 0.580469 0.192708 0.58125 0.19375 0.582031 0.19375 0.582812 0.194792 0.583594 0.194792 0.584375 0.204167 0.591406 0.205208 0.591406 0.207292 0.592969 0.208333 0.592969 0.209375 0.59375 0.210417 0.59375 0.211458 0.594531 0.2125 0.594531 0.213542 0.595312 0.214583 0.595312 0.215625 0.596094 0.216667 0.596094 0.217708 0.596875 0.219792 0.596875 0.220833 0.597656 0.223958 0.597656 0.225 0.598437 0.227083 0.598437 0.228125 0.599219 0.230208 0.599219 0.23125 0.6 0.234375 0.6 0.235417 0.600781 0.24375 0.600781 0.244792 0.601562 0.252083 0.601562 0.253125 0.602344 0.263542 0.602344 0.264583 0.603125 0.278125 0.603125 0.279167 0.602344 0.290625 0.602344 0.291667 0.601562 0.298958 0.601562 0.3 0.600781 0.310417 0.600781 0.311458 0.6 0.316667 0.6 0.317708 0.599219 0.319792 0.599219 0.320833 0.598437 0.323958 0.598437 0.325 0.597656 0.330208 0.597656 0.33125 0.596875 0.333333 0.596875 0.334375 0.596094 0.336458 0.596094 0.3375 0.595312 0.339583 0.595312 0.340625 0.594531 0.34375 0.594531 0.344792 0.59375 0.346875 0.59375 0.347917 0.592969 0.348958 0.592969 0.35 0.592187 0.351042 0.592187 0.352083 0.591406 0.354167 0.591406 0.355208 0.590625 0.35625 0.590625 0.357292 0.589844 0.358333 0.589844 0.359375 0.589062 0.360417 0.589062 0.361458 0.588281 0.3625 0.588281 0.363542 0.5875 0.364583 0.5875 0.367708 0.585156 0.36875 0.585156 0.371875 0.582812 0.372917 0.582812 0.382292 0.575781 0.382292 0.575 0.385417 0.572656 0.385417 0.571875 0.386458 0.571094 0.386458 0.557812 0.385417 0.557031 0.385417 0.554688 0.949267
0 0.38125 0.549219 0.380208 0.55 0.380208 0.550781 0.379167 0.551562 0.379167 0.552344 0.378125 0.553125 0.377083 0.553125 0.377083 0.553906 0.371875 0.557812 0.370833 0.557812 0.366667 0.560937 0.365625 0.560937 0.364583 0.561719 0.363542 0.561719 0.361458 0.563281 0.360417 0.563281 0.359375 0.564062 0.358333 0.564062 0.357292 0.564844 0.35625 0.564844 0.355208 0.565625 0.354167 0.565625 0.352083 0.567187 0.35 0.567187 0.348958 0.567969 0.346875 0.567969 0.345833 0.56875 0.344792 0.56875 0.34375 0.569531 0.342708 0.569531 0.341667 0.570312 0.338542 0.570312 0.3375 0.571094 0.334375 0.571094 0.333333 0.571875 0.332292 0.571875 0.33125 0.572656 0.329167 0.572656 0.328125 0.573437 0.322917 0.573437 0.321875 0.574219 0.31875 0.574219 0.317708 0.575 0.314583 0.575 0.313542 0.575781 0.310417 0.575781 0.309375 0.576562 0.301042 0.576562 0.3 0.577344 0.292708 0.577344 0.291667 0.578125 0.286458 0.578125 0.285417 0.578906 0.246875 0.578906 0.245833 0.578125 0.240625 0.578125 0.239583 0.577344 0.234375 0.577344 0.233333 0.576562 0.226042 0.576562 0.225 0.575781 0.222917 0.575781 0.221875 0.575 0.219792 0.575 0.21875 0.574219 0.216667 0.574219 0.215625 0.573437 0.211458 0.573437 0.210417 0.572656 0.209375 0.572656 0.208333 0.571875 0.207292 0.571875 0.205208 0.570312 0.203125 0.570312 0.202083 0.569531 0.201042 0.569531 0.198958 0.567969 0.197917 0.567969 0.19375 0.564844 0.192708 0.564844 0.188542 0.561719 0.188542 0.560937 0.1875 0.560937 0.186458 0.560156 0.186458 0.567969 0.189583 0.570312 0.189583 0.571094 0.191667 0.572656 0.191667 0.573437 0.195833 0.576562 0.196875 0.576562 0.197917 0.577344 0.198958 0.577344 0.201042 0.578906 0.202083 0.578906 0.205208 0.58125 0.20625 0.58125 0.207292 0.582031 0.209375 0.582031 0.210417 0.582812 0.211458 0.582812 0.213542 0.584375 0.216667 0.584375 0.217708 0.585156 0.220833 0.585156 0.221875 0.585938 0.223958 0.585938 0.225 0.586719 0.226042 0.586719 0.227083 0.5875 0.23125 0.5875 0.232292 0.588281 0.239583 0.588281 0.240625 0.589062 0.246875 0.589062 0.247917 0.589844 0.258333 0.589844 0.259375 0.590625 0.282292 0.590625 0.283333 0.589844 0.290625 0.589844 0.291667 0.589062 0.297917 0.589062 0.298958 0.588281 0.308333 0.588281 0.309375 0.5875 0.313542 0.5875 0.314583 0.586719 0.316667 0.586719 0.317708 0.585938 0.320833 0.585938 0.321875 0.585156 0.327083 0.585156 0.328125 0.584375 0.33125 0.584375 0.332292 0.583594 0.333333 0.583594 0.334375 0.582812 0.336458 0.582812 0.3375 0.582031 0.340625 0.582031 0.341667 0.58125 0.34375 0.58125 0.344792 0.580469 0.345833 0.580469 0.346875 0.579687 0.347917 0.579687 0.348958 0.578906 0.351042 0.578906 0.352083 0.578125 0.353125 0.578125 0.354167 0.577344 0.355208 0.577344 0.35625 0.576562 0.357292 0.576562 0.358333 0.575781 0.359375 0.575781 0.360417 0.575 0.361458 0.575 0.364583 0.572656 0.365625 0.572656 0.366667 0.571875 0.367708 0.571875 0.370833 0.569531 0.371875 0.569531 0.377083 0.565625 0.377083 0.564844 0.379167 0.563281 0.379167 0.5625 0.38125 0.560937 0.38125 0.560156 0.382292 0.559375 0.382292 0.558594 0.383333 0.557812 0.383333 0.555469 0.384375 0.554688 0.384375 0.552344 0.383333 0.551562 0.383333 0.55 0.382292 0.549219 0.949217
0 0.377083 0.526562 0.377083 0.527344 0.376042 0.528125 0.376042 0.528906 0.367708 0.535156 0.366667 0.535156 0.364583 0.536719 0.363542 0.536719 0.360417 0.539062 0.359375 0.539062 0.358333 0.539844 0.357292 0.539844 0.355208 0.541406 0.353125 0.541406 0.352083 0.542187 0.351042 0.542187 0.35 0.542969 0.348958 0.542969 0.347917 0.54375 0.346875 0.54375 0.345833 0.544531 0.34375 0.544531 0.342708 0.545312 0.339583 0.545312 0.338542 0.546094 0.3375 0.546094 0.336458 0.546875 0.335417 0.546875 0.334375 0.547656 0.33125 0.547656 0.330208 0.548437 0.326042 0.548437 0.325 0.549219 0.321875 0.549219 0.320833 0.55 0.31875 0.55 0.317708 0.550781 0.313542 0.550781 0.3125 0.551562 0.305208 0.551562 0.304167 0.552344 0.3 0.552344 0.298958 0.553125 0.294792 0.553125 0.29375 0.553906 0.285417 0.553906 0.284375 0.554688 0.240625 0.554688 0.239583 0.553906 0.230208 0.553906 0.229167 0.553125 0.226042 0.553125 0.225 0.552344 0.220833 0.552344 0.219792 0.551562 0.214583 0.551562 0.213542 0.550781 0.210417 0.550781 0.209375 0.55 0.208333 0.55 0.207292 0.549219 0.20625 0.549219 0.205208 0.548437 0.202083 0.548437 0.201042 0.547656 0.198958 0.547656 0.196875 0.546094 0.195833 0.546094 0.194792 0.545312 0.19375 0.545312 0.192708 0.544531 0.191667 0.544531 0.188542 0.542187 0.1875 0.542187 0.184375 0.539844 0.183333 0.539844 0.182292 0.539062 0.182292 0.546094 0.183333 0.546875 0.183333 0.547656 0.184375 0.548437 0.184375 0.549219 0.1875 0.551562 0.188542 0.551562 0.190625 0.553125 0.191667 0.553125 0.195833 0.55625 0.196875 0.55625 0.197917 0.557031 0.198958 0.557031 0.2 0.557812 0.201042 0.557812 0.202083 0.558594 0.203125 0.558594 0.204167 0.559375 0.205208 0.559375 0.20625 0.560156 0.210417 0.560156 0.211458 0.560937 0.213542 0.560937 0.214583 0.561719 0.215625 0.561719 0.216667 0.5625 0.219792 0.5625 0.220833 0.563281 0.227083 0.563281 0.228125 0.564062 0.234375 0.564062 0.235417 0.564844 0.239583 0.564844 0.240625 0.565625 0.25 0.565625 0.251042 0.566406 0.271875 0.566406 0.272917 0.565625 0.2875 0.565625 0.288542 0.564844 0.29375 0.564844 0.294792 0.564062 0.301042 0.564062 0.302083 0.563281 0.310417 0.563281 0.311458 0.5625 0.314583 0.5625 0.315625 0.561719 0.317708 0.561719 0.31875 0.560937 0.321875 0.560937 0.322917 0.560156 0.329167 0.560156 0.330208 0.559375 0.332292 0.559375 0.333333 0.558594 0.334375 0.558594 0.335417 0.557812 0.3375 0.557812 0.338542 0.557031 0.341667 0.557031 0.342708 0.55625 0.34375 0.55625 0.344792 0.555469 0.345833 0.555469 0.346875 0.554688 0.347917 0.554688 0.348958 0.553906 0.351042 0.553906 0.352083 0.553125 0.353125 0.553125 0.355208 0.551562 0.357292 0.551562 0.358333 0.550781 0.359375 0.550781 0.360417 0.55 0.361458 0.55 0.364583 0.547656 0.365625 0.547656 0.366667 0.546875 0.367708 0.546875 0.375 0.541406 0.375 0.540625 0.378125 0.538281 0.378125 0.5375 0.379167 0.536719 0.379167 0.535937 0.380208 0.535156 0.380208 0.528125 0.379167 0.527344 0.378125 0.527344 0.94678
0 0.682292 0.499219 0.682292 0.508594 0.685417 0.510937 0.685417 0.511719 0.6875 0.513281 0.688542 0.513281 0.69375 0.517188 0.694792 0.517188 0.698958 0.520312 0.7 0.520312 0.701042 0.521094 0.702083 0.521094 0.703125 0.521875 0.704167 0.521875 0.705208 0.522656 0.70625 0.522656 0.707292 0.523438 0.708333 0.523438 0.709375 0.524219 0.710417 0.524219 0.711458 0.525 0.7125 0.525 0.713542 0.525781 0.715625 0.525781 0.716667 0.526562 0.71875 0.526562 0.720833 0.528125 0.722917 0.528125 0.723958 0.528906 0.728125 0.528906 0.729167 0.529687 0.73125 0.529687 0.732292 0.530469 0.733333 0.530469 0.734375 0.53125 0.7375 0.53125 0.738542 0.532031 0.74375 0.532031 0.744792 0.532812 0.747917 0.532812 0.748958 0.533594 0.752083 0.533594 0.753125 0.534375 0.755208 0.534375 0.75625 0.535156 0.764583 0.535156 0.765625 0.535937 0.773958 0.535937 0.775 0.536719 0.780208 0.536719 0.78125 0.5375 0.792708 0.5375 0.79375 0.538281 0.823958 0.538281 0.825 0.5375 0.834375 0.5375 0.835417 0.536719 0.839583 0.536719 0.840625 0.535937 0.845833 0.535937 0.846875 0.535156 0.853125 0.535156 0.854167 0.534375 0.85625 0.534375 0.857292 0.533594 0.859375 0.533594 0.860417 0.532812 0.8625 0.532812 0.863542 0.532031 0.865625 0.532031 0.866667 0.53125 0.86875 0.53125 0.870833 0.529687 0.871875 0.529687 0.872917 0.528906 0.873958 0.528906 0.875 0.528125 0.876042 0.528125 0.879167 0.525781 0.880208 0.525781 0.884375 0.522656 0.884375 0.521875 0.886458 0.520312 0.886458 0.519531 0.8875 0.51875 0.8875 0.513281 0.885417 0.511719 0.882292 0.514062 0.88125 0.514062 0.878125 0.516406 0.877083 0.516406 0.875 0.517969 0.873958 0.517969 0.872917 0.51875 0.871875 0.51875 0.870833 0.519531 0.869792 0.519531 0.86875 0.520312 0.865625 0.520312 0.864583 0.521094 0.8625 0.521094 0.861458 0.521875 0.860417 0.521875 0.859375 0.522656 0.85625 0.522656 0.855208 0.523438 0.847917 0.523438 0.846875 0.524219 0.842708 0.524219 0.841667 0.525 0.838542 0.525 0.8375 0.525781 0.823958 0.525781 0.822917 0.526562 0.791667 0.526562 0.790625 0.525781 0.776042 0.525781 0.775 0.525 0.769792 0.525 0.76875 0.524219 0.764583 0.524219 0.763542 0.523438 0.755208 0.523438 0.754167 0.522656 0.747917 0.522656 0.746875 0.521875 0.744792 0.521875 0.74375 0.521094 0.740625 0.521094 0.739583 0.520312 0.735417 0.520312 0.734375 0.519531 0.73125 0.519531 0.730208 0.51875 0.729167 0.51875 0.728125 0.517969 0.726042 0.517969 0.725 0.517188 0.721875 0.517188 0.720833 0.516406 0.71875 0.516406 0.717708 0.515625 0.716667 0.515625 0.715625 0.514844 0.714583 0.514844 0.713542 0.514062 0.710417 0.514062 0.709375 0.513281 0.708333 0.513281 0.707292 0.5125 0.70625 0.5125 0.705208 0.511719 0.704167 0.511719 0.703125 0.510937 0.702083 0.510937 0.701042 0.510156 0.7 0.510156 0.697917 0.508594 0.696875 0.508594 0.694792 0.507031 0.69375 0.507031 0.692708 0.50625 0.691667 0.50625 0.94525
0 0.68125 0.484375 0.68125 0.496875 0.682292 0.497656 0.682292 0.498437 0.690625 0.504687 0.691667 0.504687 0.694792 0.507031 0.695833 0.507031 0.696875 0.507812 0.697917 0.507812 0.7 0.509375 0.701042 0.509375 0.702083 0.510156 0.703125 0.510156 0.704167 0.510937 0.705208 0.510937 0.70625 0.511719 0.707292 0.511719 0.708333 0.5125 0.709375 0.5125 0.710417 0.513281 0.7125 0.513281 0.713542 0.514062 0.715625 0.514062 0.716667 0.514844 0.717708 0.514844 0.71875 0.515625 0.720833 0.515625 0.721875 0.516406 0.725 0.516406 0.726042 0.517188 0.728125 0.517188 0.729167 0.517969 0.730208 0.517969 0.73125 0.51875 0.733333 0.51875 0.734375 0.519531 0.739583 0.519531 0.740625 0.520312 0.74375 0.520312 0.744792 0.521094 0.746875 0.521094 0.747917 0.521875 0.753125 0.521875 0.754167 0.522656 0.7625 0.522656 0.763542 0.523438 0.767708 0.523438 0.76875 0.524219 0.772917 0.524219 0.773958 0.525 0.782292 0.525 0.783333 0.525781 0.830208 0.525781 0.83125 0.525 0.838542 0.525 0.839583 0.524219 0.842708 0.524219 0.84375 0.523438 0.848958 0.523438 0.85 0.522656 0.85625 0.522656 0.857292 0.521875 0.859375 0.521875 0.860417 0.521094 0.8625 0.521094 0.863542 0.520312 0.864583 0.520312 0.865625 0.519531 0.86875 0.519531 0.869792 0.51875 0.870833 0.51875 0.871875 0.517969 0.872917 0.517969 0.873958 0.517188 0.875 0.517188 0.878125 0.514844 0.879167 0.514844 0.882292 0.5125 0.883333 0.5125 0.885417 0.510937 0.885417 0.510156 0.886458 0.509375 0.886458 0.503125 0.883333 0.503125 0.880208 0.505469 0.879167 0.505469 0.877083 0.507031 0.876042 0.507031 0.875 0.507812 0.871875 0.507812 0.870833 0.508594 0.869792 0.508594 0.86875 0.509375 0.867708 0.509375 0.866667 0.510156 0.8625 0.510156 0.861458 0.510937 0.857292 0.510937 0.85625 0.511719 0.853125 0.511719 0.852083 0.5125 0.848958 0.5125 0.847917 0.513281 0.839583 0.513281 0.838542 0.514062 0.823958 0.514062 0.822917 0.514844 0.794792 0.514844 0.79375 0.514062 0.771875 0.514062 0.770833 0.513281 0.764583 0.513281 0.763542 0.5125 0.761458 0.5125 0.760417 0.511719 0.757292 0.511719 0.75625 0.510937 0.75 0.510937 0.748958 0.510156 0.74375 0.510156 0.742708 0.509375 0.740625 0.509375 0.739583 0.508594 0.7375 0.508594 0.736458 0.507812 0.732292 0.507812 0.73125 0.507031 0.728125 0.507031 0.727083 0.50625 0.726042 0.50625 0.725 0.505469 0.722917 0.505469 0.721875 0.504687 0.71875 0.504687 0.717708 0.503906 0.715625 0.503906 0.714583 0.503125 0.713542 0.503125 0.7125 0.502344 0.711458 0.502344 0.710417 0.501562 0.707292 0.501562 0.70625 0.500781 0.705208 0.500781 0.703125 0.499219 0.702083 0.499219 0.701042 0.498437 0.7 0.498437 0.698958 0.497656 0.697917 0.497656 0.695833 0.496094 0.694792 0.496094 0.688542 0.491406 0.6875 0.491406 0.686458 0.490625 0.686458 0.489844 0.68125 0.485937 0.94195
0 0.672917 0.572656 0.672917 0.585938 0.673958 0.586719 0.673958 0.5875 0.675 0.588281 0.675 0.589062 0.678125 0.591406 0.678125 0.592187 0.685417 0.597656 0.686458 0.597656 0.690625 0.600781 0.691667 0.600781 0.69375 0.602344 0.694792 0.602344 0.696875 0.603906 0.697917 0.603906 0.698958 0.604687 0.7 0.604687 0.702083 0.60625 0.703125 0.60625 0.704167 0.607031 0.705208 0.607031 0.70625 0.607812 0.708333 0.607812 0.709375 0.608594 0.710417 0.608594 0.711458 0.609375 0.7125 0.609375 0.713542 0.610156 0.714583 0.610156 0.715625 0.610937 0.717708 0.610937 0.71875 0.611719 0.719792 0.611719 0.720833 0.6125 0.723958 0.6125 0.725 0.613281 0.728125 0.613281 0.729167 0.614062 0.73125 0.614062 0.732292 0.614844 0.735417 0.614844 0.736458 0.615625 0.738542 0.615625 0.739583 0.616406 0.74375 0.616406 0.744792 0.617188 0.748958 0.617188 0.75 0.617969 0.753125 0.617969 0.754167 0.61875 0.759375 0.61875 0.760417 0.619531 0.821875 0.619531 0.822917 0.61875 0.827083 0.61875 0.828125 0.617969 0.83125 0.617969 0.832292 0.617188 0.834375 0.617188 0.835417 0.616406 0.839583 0.616406 0.840625 0.615625 0.842708 0.615625 0.84375 0.614844 0.844792 0.614844 0.845833 0.614062 0.846875 0.614062 0.847917 0.613281 0.848958 0.613281 0.85 0.6125 0.851042 0.6125 0.852083 0.611719 0.853125 0.611719 0.854167 0.610937 0.855208 0.610937 0.857292 0.609375 0.858333 0.609375 0.865625 0.603906 0.865625 0.603125 0.866667 0.602344 0.866667 0.601562 0.867708 0.600781 0.867708 0.6 0.86875 0.599219 0.86875 0.596875 0.869792 0.596094 0.869792 0.594531 0.86875 0.59375 0.867708 0.59375 0.864583 0.596094 0.863542 0.596094 0.860417 0.598437 0.859375 0.598437 0.857292 0.6 0.85625 0.6 0.855208 0.600781 0.854167 0.600781 0.853125 0.601562 0.852083 0.601562 0.851042 0.602344 0.85 0.602344 0.848958 0.603125 0.846875 0.603125 0.845833 0.603906 0.844792 0.603906 0.84375 0.604687 0.839583 0.604687 0.838542 0.605469 0.834375 0.605469 0.833333 0.60625 0.830208 0.60625 0.829167 0.607031 0.825 0.607031 0.823958 0.607812 0.811458 0.607812 0.810417 0.608594 0.775 0.608594 0.773958 0.607812 0.7625 0.607812 0.761458 0.607031 0.75625 0.607031 0.755208 0.60625 0.752083 0.60625 0.751042 0.605469 0.745833 0.605469 0.744792 0.604687 0.740625 0.604687 0.739583 0.603906 0.7375 0.603906 0.736458 0.603125 0.733333 0.603125 0.732292 0.602344 0.730208 0.602344 0.729167 0.601562 0.726042 0.601562 0.725 0.600781 0.722917 0.600781 0.721875 0.6 0.720833 0.6 0.719792 0.599219 0.717708 0.599219 0.716667 0.598437 0.714583 0.598437 0.713542 0.597656 0.7125 0.597656 0.711458 0.596875 0.710417 0.596875 0.709375 0.596094 0.708333 0.596094 0.707292 0.595312 0.705208 0.595312 0.703125 0.59375 0.702083 0.59375 0.701042 0.592969 0.7 0.592969 0.698958 0.592187 0.697917 0.592187 0.694792 0.589844 0.69375 0.589844 0.691667 0.588281 0.690625 0.588281 0.688542 0.586719 0.6875 0.586719 0.678125 0.579687 0.678125 0.578906 0.676042 0.577344 0.676042 0.576562 0.672917 0.574219 0.937113
0 0.680208 0.477344 0.680208 0.480469 0.68125 0.48125 0.68125 0.483594 0.682292 0.484375 0.682292 0.485937 0.686458 0.489062 0.686458 0.489844 0.688542 0.491406 0.689583 0.491406 0.695833 0.496094 0.696875 0.496094 0.697917 0.496875 0.698958 0.496875 0.7 0.497656 0.701042 0.497656 0.702083 0.498437 0.703125 0.498437 0.705208 0.5 0.70625 0.5 0.707292 0.500781 0.709375 0.500781 0.710417 0.501562 0.711458 0.501562 0.7125 0.502344 0.713542 0.502344 0.714583 0.503125 0.716667 0.503125 0.717708 0.503906 0.720833 0.503906 0.721875 0.504687 0.723958 0.504687 0.725 0.505469 0.726042 0.505469 0.727083 0.50625 0.730208 0.50625 0.73125 0.507031 0.735417 0.507031 0.736458 0.507812 0.739583 0.507812 0.740625 0.508594 0.742708 0.508594 0.74375 0.509375 0.747917 0.509375 0.748958 0.510156 0.755208 0.510156 0.75625 0.510937 0.759375 0.510937 0.760417 0.511719 0.763542 0.511719 0.764583 0.5125 0.769792 0.5125 0.770833 0.513281 0.7875 0.513281 0.788542 0.514062 0.825 0.514062 0.826042 0.513281 0.839583 0.513281 0.840625 0.5125 0.847917 0.5125 0.848958 0.511719 0.852083 0.511719 0.853125 0.510937 0.85625 0.510937 0.857292 0.510156 0.861458 0.510156 0.8625 0.509375 0.866667 0.509375 0.867708 0.508594 0.86875 0.508594 0.869792 0.507812 0.870833 0.507812 0.871875 0.507031 0.873958 0.507031 0.875 0.50625 0.877083 0.50625 0.880208 0.503906 0.88125 0.503906 0.883333 0.502344 0.884375 0.502344 0.886458 0.500781 0.8875 0.500781 0.888542 0.5 0.888542 0.499219 0.889583 0.498437 0.889583 0.488281 0.888542 0.488281 0.8875 0.489062 0.8875 0.489844 0.885417 0.491406 0.884375 0.491406 0.882292 0.492969 0.88125 0.492969 0.879167 0.494531 0.878125 0.494531 0.877083 0.495312 0.875 0.495312 0.873958 0.496094 0.871875 0.496094 0.870833 0.496875 0.869792 0.496875 0.86875 0.497656 0.865625 0.497656 0.864583 0.498437 0.860417 0.498437 0.859375 0.499219 0.857292 0.499219 0.85625 0.5 0.854167 0.5 0.853125 0.500781 0.847917 0.500781 0.846875 0.501562 0.833333 0.501562 0.832292 0.502344 0.827083 0.502344 0.826042 0.503125 0.792708 0.503125 0.791667 0.502344 0.782292 0.502344 0.78125 0.501562 0.764583 0.501562 0.763542 0.500781 0.758333 0.500781 0.757292 0.5 0.754167 0.5 0.753125 0.499219 0.75 0.499219 0.748958 0.498437 0.74375 0.498437 0.742708 0.497656 0.738542 0.497656 0.7375 0.496875 0.735417 0.496875 0.734375 0.496094 0.732292 0.496094 0.73125 0.495312 0.727083 0.495312 0.726042 0.494531 0.722917 0.494531 0.721875 0.49375 0.720833 0.49375 0.719792 0.492969 0.71875 0.492969 0.717708 0.492187 0.713542 0.492187 0.7125 0.491406 0.710417 0.491406 0.709375 0.490625 0.708333 0.490625 0.707292 0.489844 0.70625 0.489844 0.705208 0.489062 0.703125 0.489062 0.702083 0.488281 0.701042 0.488281 0.7 0.4875 0.698958 0.4875 0.696875 0.485937 0.695833 0.485937 0.694792 0.485156 0.69375 0.485156 0.690625 0.482812 0.689583 0.482812 0.685417 0.479687 0.685417 0.478906 0.684375 0.478906 0.683333 0.478125 0.682292 0.478125 0.68125 0.477344 0.936905
0 0.678125 0.44375 0.678125 0.448437 0.679167 0.449219 0.679167 0.45 0.682292 0.452344 0.682292 0.453125 0.688542 0.457812 0.689583 0.457812 0.692708 0.460156 0.694792 0.460156 0.695833 0.460937 0.696875 0.460937 0.698958 0.4625 0.7 0.4625 0.701042 0.463281 0.703125 0.463281 0.704167 0.464062 0.705208 0.464062 0.70625 0.464844 0.707292 0.464844 0.708333 0.465625 0.709375 0.465625 0.710417 0.466406 0.714583 0.466406 0.715625 0.467187 0.716667 0.467187 0.717708 0.467969 0.719792 0.467969 0.720833 0.46875 0.722917 0.46875 0.723958 0.469531 0.728125 0.469531 0.729167 0.470312 0.733333 0.470312 0.734375 0.471094 0.7375 0.471094 0.738542 0.471875 0.741667 0.471875 0.742708 0.472656 0.751042 0.472656 0.752083 0.473437 0.757292 0.473437 0.758333 0.474219 0.761458 0.474219 0.7625 0.475 0.76875 0.475 0.769792 0.475781 0.790625 0.475781 0.791667 0.476562 0.829167 0.476562 0.830208 0.475781 0.846875 0.475781 0.847917 0.475 0.852083 0.475 0.853125 0.474219 0.85625 0.474219 0.857292 0.473437 0.859375 0.473437 0.860417 0.472656 0.867708 0.472656 0.86875 0.471875 0.870833 0.471875 0.871875 0.471094 0.872917 0.471094 0.873958 0.470312 0.875 0.470312 0.876042 0.469531 0.878125 0.469531 0.879167 0.46875 0.880208 0.46875 0.882292 0.467187 0.883333 0.467187 0.885417 0.465625 0.886458 0.465625 0.892708 0.460937 0.892708 0.447656 0.890625 0.449219 0.889583 0.449219 0.883333 0.453906 0.882292 0.453906 0.88125 0.454687 0.880208 0.454687 0.879167 0.455469 0.878125 0.455469 0.877083 0.45625 0.875 0.45625 0.873958 0.457031 0.872917 0.457031 0.871875 0.457812 0.869792 0.457812 0.86875 0.458594 0.866667 0.458594 0.865625 0.459375 0.8625 0.459375 0.861458 0.460156 0.857292 0.460156 0.85625 0.460937 0.85 0.460937 0.848958 0.461719 0.840625 0.461719 0.839583 0.4625 0.829167 0.4625 0.828125 0.463281 0.7875 0.463281 0.786458 0.4625 0.773958 0.4625 0.772917 0.461719 0.764583 0.461719 0.763542 0.460937 0.753125 0.460937 0.752083 0.460156 0.744792 0.460156 0.74375 0.459375 0.739583 0.459375 0.738542 0.458594 0.735417 0.458594 0.734375 0.457812 0.729167 0.457812 0.728125 0.457031 0.725 0.457031 0.723958 0.45625 0.721875 0.45625 0.720833 0.455469 0.717708 0.455469 0.716667 0.454687 0.713542 0.454687 0.7125 0.453906 0.710417 0.453906 0.709375 0.453125 0.707292 0.453125 0.70625 0.452344 0.703125 0.452344 0.702083 0.451562 0.701042 0.451562 0.7 0.450781 0.698958 0.450781 0.697917 0.45 0.695833 0.45 0.694792 0.449219 0.69375 0.449219 0.691667 0.447656 0.690625 0.447656 0.689583 0.446875 0.688542 0.446875 0.686458 0.445312 0.685417 0.445312 0.683333 0.44375 0.935795
0 0.60625 0.550781 0.60625 0.551562 0.605208 0.552344 0.605208 0.553906 0.604167 0.554688 0.604167 0.555469 0.602083 0.557031 0.602083 0.557812 0.59375 0.564062 0.592708 0.564062 0.590625 0.565625 0.589583 0.565625 0.588542 0.566406 0.5875 0.566406 0.586458 0.567187 0.585417 0.567187 0.584375 0.567969 0.583333 0.567969 0.582292 0.56875 0.58125 0.56875 0.580208 0.569531 0.578125 0.569531 0.577083 0.570312 0.576042 0.570312 0.575 0.571094 0.572917 0.571094 0.571875 0.571875 0.569792 0.571875 0.56875 0.572656 0.566667 0.572656 0.565625 0.573437 0.561458 0.573437 0.560417 0.574219 0.557292 0.574219 0.55625 0.575 0.553125 0.575 0.552083 0.575781 0.545833 0.575781 0.544792 0.576562 0.5375 0.576562 0.536458 0.577344 0.523958 0.577344 0.522917 0.578125 0.509375 0.578125 0.508333 0.577344 0.492708 0.577344 0.491667 0.576562 0.483333 0.576562 0.482292 0.575781 0.475 0.575781 0.473958 0.575 0.470833 0.575 0.469792 0.574219 0.465625 0.574219 0.464583 0.573437 0.460417 0.573437 0.459375 0.572656 0.45625 0.572656 0.455208 0.571875 0.453125 0.571875 0.452083 0.571094 0.45 0.571094 0.448958 0.570312 0.447917 0.570312 0.446875 0.569531 0.444792 0.569531 0.44375 0.56875 0.442708 0.56875 0.441667 0.567969 0.440625 0.567969 0.439583 0.567187 0.438542 0.567187 0.4375 0.566406 0.436458 0.566406 0.435417 0.565625 0.434375 0.565625 0.432292 0.564062 0.43125 0.564062 0.429167 0.5625 0.428125 0.5625 0.421875 0.557812 0.420833 0.557812 0.420833 0.560937 0.421875 0.561719 0.421875 0.563281 0.423958 0.564844 0.423958 0.565625 0.433333 0.572656 0.434375 0.572656 0.436458 0.574219 0.4375 0.574219 0.439583 0.575781 0.440625 0.575781 0.441667 0.576562 0.442708 0.576562 0.44375 0.577344 0.444792 0.577344 0.446875 0.578906 0.448958 0.578906 0.45 0.579687 0.452083 0.579687 0.453125 0.580469 0.455208 0.580469 0.45625 0.58125 0.457292 0.58125 0.458333 0.582031 0.461458 0.582031 0.4625 0.582812 0.465625 0.582812 0.466667 0.583594 0.46875 0.583594 0.469792 0.584375 0.472917 0.584375 0.473958 0.585156 0.479167 0.585156 0.480208 0.585938 0.486458 0.585938 0.4875 0.586719 0.49375 0.586719 0.494792 0.5875 0.534375 0.5875 0.535417 0.586719 0.54375 0.586719 0.544792 0.585938 0.55 0.585938 0.551042 0.585156 0.557292 0.585156 0.558333 0.584375 0.560417 0.584375 0.561458 0.583594 0.564583 0.583594 0.565625 0.582812 0.567708 0.582812 0.56875 0.582031 0.572917 0.582031 0.573958 0.58125 0.576042 0.58125 0.577083 0.580469 0.578125 0.580469 0.579167 0.579687 0.580208 0.579687 0.58125 0.578906 0.583333 0.578906 0.584375 0.578125 0.585417 0.578125 0.5875 0.576562 0.588542 0.576562 0.589583 0.575781 0.590625 0.575781 0.592708 0.574219 0.59375 0.574219 0.595833 0.572656 0.596875 0.572656 0.601042 0.569531 0.601042 0.56875 0.604167 0.566406 0.604167 0.565625 0.60625 0.564062 0.60625 0.563281 0.607292 0.5625 0.607292 0.560937 0.608333 0.560156 0.608333 0.553906 0.607292 0.553125 0.607292 0.552344 0.60625 0.551562 0.931838
0 0.610417 0.561719 0.610417 0.5625 0.609375 0.563281 0.609375 0.572656 0.608333 0.573437 0.608333 0.574219 0.607292 0.575 0.607292 0.575781 0.60625 0.576562 0.60625 0.577344 0.604167 0.578906 0.604167 0.579687 0.596875 0.585156 0.595833 0.585156 0.59375 0.586719 0.592708 0.586719 0.590625 0.588281 0.589583 0.588281 0.588542 0.589062 0.5875 0.589062 0.586458 0.589844 0.585417 0.589844 0.584375 0.590625 0.583333 0.590625 0.582292 0.591406 0.580208 0.591406 0.579167 0.592187 0.577083 0.592187 0.576042 0.592969 0.573958 0.592969 0.572917 0.59375 0.570833 0.59375 0.569792 0.594531 0.567708 0.594531 0.566667 0.595312 0.563542 0.595312 0.5625 0.596094 0.558333 0.596094 0.557292 0.596875 0.554167 0.596875 0.553125 0.597656 0.548958 0.597656 0.547917 0.598437 0.540625 0.598437 0.539583 0.599219 0.495833 0.599219 0.494792 0.598437 0.486458 0.598437 0.485417 0.597656 0.48125 0.597656 0.480208 0.596875 0.477083 0.596875 0.476042 0.596094 0.470833 0.596094 0.469792 0.595312 0.467708 0.595312 0.466667 0.594531 0.464583 0.594531 0.463542 0.59375 0.461458 0.59375 0.460417 0.592969 0.458333 0.592969 0.457292 0.592187 0.455208 0.592187 0.454167 0.591406 0.453125 0.591406 0.452083 0.590625 0.451042 0.590625 0.45 0.589844 0.447917 0.589844 0.446875 0.589062 0.445833 0.589062 0.444792 0.588281 0.44375 0.588281 0.442708 0.5875 0.441667 0.5875 0.439583 0.585938 0.438542 0.585938 0.4375 0.585156 0.436458 0.585156 0.434375 0.583594 0.433333 0.583594 0.43125 0.582031 0.429167 0.582031 0.430208 0.582812 0.430208 0.583594 0.43125 0.584375 0.43125 0.585156 0.432292 0.585938 0.432292 0.586719 0.433333 0.5875 0.433333 0.588281 0.434375 0.589062 0.435417 0.589062 0.4375 0.590625 0.4375 0.591406 0.438542 0.592187 0.439583 0.592187 0.44375 0.595312 0.444792 0.595312 0.446875 0.596875 0.447917 0.596875 0.45 0.598437 0.451042 0.598437 0.452083 0.599219 0.453125 0.599219 0.454167 0.6 0.455208 0.6 0.45625 0.600781 0.457292 0.600781 0.458333 0.601562 0.460417 0.601562 0.461458 0.602344 0.4625 0.602344 0.463542 0.603125 0.464583 0.603125 0.465625 0.603906 0.467708 0.603906 0.46875 0.604687 0.470833 0.604687 0.471875 0.605469 0.475 0.605469 0.476042 0.60625 0.479167 0.60625 0.480208 0.607031 0.484375 0.607031 0.485417 0.607812 0.489583 0.607812 0.490625 0.608594 0.496875 0.608594 0.497917 0.609375 0.55625 0.609375 0.557292 0.608594 0.5625 0.608594 0.563542 0.607812 0.567708 0.607812 0.56875 0.607031 0.571875 0.607031 0.572917 0.60625 0.575 0.60625 0.576042 0.605469 0.578125 0.605469 0.579167 0.604687 0.58125 0.604687 0.582292 0.603906 0.584375 0.603906 0.585417 0.603125 0.586458 0.603125 0.5875 0.602344 0.588542 0.602344 0.589583 0.601562 0.591667 0.601562 0.592708 0.600781 0.59375 0.600781 0.595833 0.599219 0.596875 0.599219 0.597917 0.598437 0.598958 0.598437 0.601042 0.596875 0.602083 0.596875 0.605208 0.594531 0.60625 0.594531 0.60625 0.59375 0.611458 0.589844 0.611458 0.589062 0.6125 0.588281 0.6125 0.5875 0.613542 0.586719 0.613542 0.585938 0.614583 0.585156 0.614583 0.582812 0.615625 0.582031 0.615625 0.566406 0.614583 0.565625 0.614583 0.564844 0.930931
0 0.610417 0.560937 0.610417 0.561719 0.609375 0.5625 0.609375 0.571875 0.608333 0.572656 0.608333 0.574219 0.607292 0.575 0.607292 0.575781 0.60625 0.576562 0.60625 0.577344 0.602083 0.580469 0.602083 0.58125 0.598958 0.583594 0.597917 0.583594 0.594792 0.585938 0.59375 0.585938 0.591667 0.5875 0.590625 0.5875 0.589583 0.588281 0.588542 0.588281 0.5875 0.589062 0.586458 0.589062 0.585417 0.589844 0.584375 0.589844 0.583333 0.590625 0.582292 0.590625 0.58125 0.591406 0.579167 0.591406 0.578125 0.592187 0.576042 0.592187 0.575 0.592969 0.572917 0.592969 0.571875 0.59375 0.569792 0.59375 0.56875 0.594531 0.566667 0.594531 0.565625 0.595312 0.561458 0.595312 0.560417 0.596094 0.557292 0.596094 0.55625 0.596875 0.553125 0.596875 0.552083 0.597656 0.547917 0.597656 0.546875 0.598437 0.5375 0.598437 0.536458 0.599219 0.497917 0.599219 0.496875 0.598437 0.4875 0.598437 0.486458 0.597656 0.482292 0.597656 0.48125 0.596875 0.478125 0.596875 0.477083 0.596094 0.471875 0.596094 0.470833 0.595312 0.46875 0.595312 0.467708 0.594531 0.465625 0.594531 0.464583 0.59375 0.4625 0.59375 0.461458 0.592969 0.459375 0.592969 0.458333 0.592187 0.45625 0.592187 0.455208 0.591406 0.454167 0.591406 0.453125 0.590625 0.452083 0.590625 0.451042 0.589844 0.448958 0.589844 0.447917 0.589062 0.446875 0.589062 0.445833 0.588281 0.444792 0.588281 0.44375 0.5875 0.442708 0.5875 0.441667 0.586719 0.440625 0.586719 0.439583 0.585938 0.438542 0.585938 0.435417 0.583594 0.434375 0.583594 0.433333 0.582812 0.432292 0.582812 0.43125 0.582031 0.430208 0.582031 0.430208 0.582812 0.432292 0.584375 0.432292 0.585156 0.433333 0.585938 0.433333 0.586719 0.434375 0.5875 0.434375 0.588281 0.440625 0.592969 0.441667 0.592969 0.445833 0.596094 0.446875 0.596094 0.448958 0.597656 0.45 0.597656 0.452083 0.599219 0.453125 0.599219 0.454167 0.6 0.455208 0.6 0.45625 0.600781 0.458333 0.600781 0.459375 0.601562 0.460417 0.601562 0.461458 0.602344 0.4625 0.602344 0.463542 0.603125 0.465625 0.603125 0.466667 0.603906 0.46875 0.603906 0.469792 0.604687 0.471875 0.604687 0.472917 0.605469 0.475 0.605469 0.476042 0.60625 0.479167 0.60625 0.480208 0.607031 0.484375 0.607031 0.485417 0.607812 0.490625 0.607812 0.491667 0.608594 0.497917 0.608594 0.498958 0.609375 0.554167 0.609375 0.555208 0.608594 0.560417 0.608594 0.561458 0.607812 0.566667 0.607812 0.567708 0.607031 0.570833 0.607031 0.571875 0.60625 0.575 0.60625 0.576042 0.605469 0.578125 0.605469 0.579167 0.604687 0.58125 0.604687 0.582292 0.603906 0.583333 0.603906 0.584375 0.603125 0.586458 0.603125 0.5875 0.602344 0.588542 0.602344 0.589583 0.601562 0.590625 0.601562 0.591667 0.600781 0.592708 0.600781 0.59375 0.6 0.594792 0.6 0.595833 0.599219 0.596875 0.599219 0.597917 0.598437 0.598958 0.598437 0.601042 0.596875 0.602083 0.596875 0.610417 0.590625 0.610417 0.589844 0.6125 0.588281 0.6125 0.586719 0.613542 0.585938 0.613542 0.585156 0.614583 0.584375 0.614583 0.582031 0.615625 0.58125 0.615625 0.567187 0.614583 0.566406 0.614583 0.565625 0.613542 0.564844 0.613542 0.564062 0.6125 0.564062 0.610417 0.5625 0.869974
0 0.388542 0.571094 0.383333 0.575 0.383333 0.575781 0.370833 0.585156 0.369792 0.585156 0.367708 0.586719 0.366667 0.586719 0.364583 0.588281 0.363542 0.588281 0.3625 0.589062 0.361458 0.589062 0.360417 0.589844 0.359375 0.589844 0.357292 0.591406 0.35625 0.591406 0.355208 0.592187 0.352083 0.592187 0.351042 0.592969 0.35 0.592969 0.348958 0.59375 0.347917 0.59375 0.346875 0.594531 0.344792 0.594531 0.34375 0.595312 0.341667 0.595312 0.340625 0.596094 0.338542 0.596094 0.3375 0.596875 0.335417 0.596875 0.334375 0.597656 0.332292 0.597656 0.33125 0.598437 0.326042 0.598437 0.325 0.599219 0.321875 0.599219 0.320833 0.6 0.31875 0.6 0.317708 0.600781 0.313542 0.600781 0.3125 0.601562 0.303125 0.601562 0.302083 0.602344 0.29375 0.602344 0.292708 0.603125 0.283333 0.603125 0.282292 0.603906 0.259375 0.603906 0.258333 0.603125 0.25 0.603125 0.248958 0.602344 0.240625 0.602344 0.239583 0.601562 0.234375 0.601562 0.233333 0.600781 0.230208 0.600781 0.229167 0.6 0.226042 0.6 0.225 0.599219 0.221875 0.599219 0.220833 0.598437 0.21875 0.598437 0.217708 0.597656 0.216667 0.597656 0.215625 0.596875 0.214583 0.596875 0.213542 0.596094 0.2125 0.596094 0.211458 0.595312 0.210417 0.595312 0.209375 0.594531 0.208333 0.594531 0.20625 0.592969 0.205208 0.592969 0.204167 0.592187 0.203125 0.592187 0.196875 0.5875 0.194792 0.5875 0.19375 0.586719 0.19375 0.585938 0.19375 0.5875 0.194792 0.588281 0.194792 0.592187 0.195833 0.592969 0.195833 0.594531 0.197917 0.596094 0.197917 0.596875 0.2 0.598437 0.2 0.599219 0.202083 0.600781 0.203125 0.600781 0.205208 0.602344 0.20625 0.602344 0.209375 0.604687 0.210417 0.604687 0.2125 0.60625 0.213542 0.60625 0.214583 0.607031 0.215625 0.607031 0.216667 0.607812 0.21875 0.607812 0.219792 0.608594 0.220833 0.608594 0.221875 0.609375 0.223958 0.609375 0.225 0.610156 0.227083 0.610156 0.228125 0.610937 0.230208 0.610937 0.23125 0.611719 0.234375 0.611719 0.235417 0.6125 0.239583 0.6125 0.240625 0.613281 0.245833 0.613281 0.246875 0.614062 0.25625 0.614062 0.257292 0.614844 0.267708 0.614844 0.26875 0.615625 0.288542 0.615625 0.289583 0.614844 0.298958 0.614844 0.3 0.614062 0.308333 0.614062 0.309375 0.613281 0.316667 0.613281 0.317708 0.6125 0.321875 0.6125 0.322917 0.611719 0.325 0.611719 0.326042 0.610937 0.329167 0.610937 0.330208 0.610156 0.333333 0.610156 0.334375 0.609375 0.336458 0.609375 0.3375 0.608594 0.339583 0.608594 0.340625 0.607812 0.34375 0.607812 0.344792 0.607031 0.346875 0.607031 0.347917 0.60625 0.348958 0.60625 0.35 0.605469 0.351042 0.605469 0.352083 0.604687 0.353125 0.604687 0.354167 0.603906 0.35625 0.603906 0.357292 0.603125 0.358333 0.603125 0.359375 0.602344 0.360417 0.602344 0.361458 0.601562 0.3625 0.601562 0.363542 0.600781 0.364583 0.600781 0.366667 0.599219 0.367708 0.599219 0.369792 0.597656 0.370833 0.597656 0.373958 0.595312 0.375 0.595312 0.385417 0.5875 0.385417 0.586719 0.386458 0.585938 0.386458 0.585156 0.3875 0.584375 0.3875 0.583594 0.388542 0.582812 0.388542 0.58125 0.389583 0.580469 0.389583 0.572656 0.388542 0.571875 0.852309
0 0.680208 0.454687 0.680208 0.4625 0.68125 0.463281 0.68125 0.464062 0.684375 0.466406 0.684375 0.467187 0.685417 0.467187 0.690625 0.471094 0.691667 0.471094 0.69375 0.472656 0.694792 0.472656 0.695833 0.473437 0.696875 0.473437 0.697917 0.474219 0.698958 0.474219 0.7 0.475 0.701042 0.475 0.702083 0.475781 0.704167 0.475781 0.70625 0.477344 0.707292 0.477344 0.708333 0.478125 0.711458 0.478125 0.7125 0.478906 0.714583 0.478906 0.715625 0.479687 0.716667 0.479687 0.717708 0.480469 0.719792 0.480469 0.720833 0.48125 0.723958 0.48125 0.725 0.482031 0.729167 0.482031 0.730208 0.482812 0.733333 0.482812 0.734375 0.483594 0.736458 0.483594 0.7375 0.484375 0.740625 0.484375 0.741667 0.485156 0.748958 0.485156 0.75 0.485937 0.753125 0.485937 0.754167 0.486719 0.757292 0.486719 0.758333 0.4875 0.764583 0.4875 0.765625 0.488281 0.778125 0.488281 0.779167 0.489062 0.789583 0.489062 0.790625 0.489844 0.827083 0.489844 0.828125 0.489062 0.838542 0.489062 0.839583 0.488281 0.848958 0.488281 0.85 0.4875 0.854167 0.4875 0.855208 0.486719 0.858333 0.486719 0.859375 0.485937 0.861458 0.485937 0.8625 0.485156 0.866667 0.485156 0.867708 0.484375 0.870833 0.484375 0.871875 0.483594 0.872917 0.483594 0.873958 0.482812 0.875 0.482812 0.876042 0.482031 0.877083 0.482031 0.878125 0.48125 0.879167 0.48125 0.880208 0.480469 0.88125 0.480469 0.883333 0.478906 0.884375 0.478906 0.8875 0.476562 0.888542 0.476562 0.890625 0.475 0.890625 0.474219 0.891667 0.473437 0.891667 0.465625 0.889583 0.464062 0.886458 0.466406 0.885417 0.466406 0.882292 0.46875 0.88125 0.46875 0.880208 0.469531 0.879167 0.469531 0.878125 0.470312 0.876042 0.470312 0.875 0.471094 0.873958 0.471094 0.872917 0.471875 0.871875 0.471875 0.870833 0.472656 0.867708 0.472656 0.866667 0.473437 0.860417 0.473437 0.859375 0.474219 0.85625 0.474219 0.855208 0.475 0.852083 0.475 0.851042 0.475781 0.844792 0.475781 0.84375 0.476562 0.828125 0.476562 0.827083 0.477344 0.79375 0.477344 0.792708 0.476562 0.773958 0.476562 0.772917 0.475781 0.763542 0.475781 0.7625 0.475 0.759375 0.475 0.758333 0.474219 0.754167 0.474219 0.753125 0.473437 0.74375 0.473437 0.742708 0.472656 0.738542 0.472656 0.7375 0.471875 0.735417 0.471875 0.734375 0.471094 0.730208 0.471094 0.729167 0.470312 0.723958 0.470312 0.722917 0.469531 0.720833 0.469531 0.719792 0.46875 0.71875 0.46875 0.717708 0.467969 0.715625 0.467969 0.714583 0.467187 0.710417 0.467187 0.709375 0.466406 0.708333 0.466406 0.707292 0.465625 0.70625 0.465625 0.705208 0.464844 0.704167 0.464844 0.703125 0.464062 0.701042 0.464062 0.7 0.463281 0.698958 0.463281 0.697917 0.4625 0.696875 0.4625 0.695833 0.461719 0.694792 0.461719 0.69375 0.460937 0.692708 0.460937 0.690625 0.459375 0.689583 0.459375 0.685417 0.45625 0.684375 0.45625 0.682292 0.454687 0.806278
