0 0.447917 0.301562 0.446875 0.302344 0.44375 0.302344 0.442708 0.303125 0.440625 0.303125 0.439583 0.303906 0.436458 0.303906 0.435417 0.304688 0.432292 0.304688 0.43125 0.305469 0.429167 0.305469 0.428125 0.30625 0.427083 0.30625 0.426042 0.307031 0.423958 0.307031 0.422917 0.307812 0.41875 0.307812 0.416667 0.309375 0.415625 0.309375 0.414583 0.310156 0.4125 0.310156 0.411458 0.310937 0.409375 0.310937 0.407292 0.3125 0.40625 0.3125 0.405208 0.313281 0.404167 0.313281 0.403125 0.314062 0.402083 0.314062 0.4 0.315625 0.398958 0.315625 0.396875 0.317187 0.395833 0.317187 0.39375 0.31875 0.392708 0.31875 0.389583 0.321094 0.388542 0.321094 0.385417 0.323437 0.384375 0.323437 0.382292 0.325 0.382292 0.325781 0.375 0.33125 0.375 0.332031 0.372917 0.333594 0.372917 0.334375 0.370833 0.335938 0.370833 0.336719 0.36875 0.338281 0.36875 0.339062 0.367708 0.339844 0.367708 0.340625 0.365625 0.342187 0.365625 0.342969 0.364583 0.34375 0.364583 0.344531 0.363542 0.345312 0.363542 0.346094 0.3625 0.346875 0.3625 0.347656 0.361458 0.348437 0.361458 0.349219 0.360417 0.35 0.360417 0.353125 0.359375 0.353906 0.359375 0.355469 0.358333 0.35625 0.358333 0.373437 0.359375 0.374219 0.359375 0.379687 0.360417 0.380469 0.360417 0.383594 0.361458 0.384375 0.361458 0.386719 0.3625 0.3875 0.3625 0.388281 0.364583 0.389844 0.364583 0.390625 0.365625 0.391406 0.365625 0.392969 0.366667 0.39375 0.366667 0.395312 0.367708 0.396094 0.367708 0.396875 0.369792 0.398438 0.369792 0.399219 0.370833 0.4 0.370833 0.400781 0.377083 0.405469 0.377083 0.40625 0.382292 0.410156 0.383333 0.410156 0.384375 0.410937 0.384375 0.411719 0.390625 0.416406 0.391667 0.416406 0.39375 0.417969 0.394792 0.417969 0.397917 0.420312 0.398958 0.420312 0.401042 0.421875 0.403125 0.421875 0.404167 0.422656 0.405208 0.422656 0.40625 0.423437 0.407292 0.423437 0.408333 0.424219 0.409375 0.424219 0.411458 0.425781 0.4125 0.425781 0.413542 0.426562 0.414583 0.426562 0.415625 0.427344 0.416667 0.427344 0.417708 0.428125 0.419792 0.428125 0.420833 0.428906 0.422917 0.428906 0.423958 0.429688 0.425 0.429688 0.426042 0.430469 0.428125 0.430469 0.429167 0.43125 0.43125 0.43125 0.432292 0.432031 0.433333 0.432031 0.434375 0.432812 0.4375 0.432812 0.438542 0.433594 0.442708 0.433594 0.44375 0.434375 0.45 0.434375 0.451042 0.435156 0.509375 0.435156 0.510417 0.434375 0.513542 0.434375 0.514583 0.433594 0.51875 0.433594 0.519792 0.432812 0.521875 0.432812 0.522917 0.432031 0.525 0.432031 0.526042 0.43125 0.527083 0.43125 0.528125 0.430469 0.529167 0.430469 0.530208 0.429688 0.532292 0.429688 0.533333 0.428906 0.534375 0.428906 0.535417 0.428125 0.536458 0.428125 0.5375 0.427344 0.539583 0.427344 0.540625 0.426562 0.542708 0.426562 0.54375 0.425781 0.544792 0.425781 0.546875 0.424219 0.547917 0.424219 0.548958 0.423437 0.55 0.423437 0.551042 0.422656 0.552083 0.422656 0.554167 0.421094 0.55625 0.421094 0.557292 0.420312 0.558333 0.420312 0.561458 0.417969 0.5625 0.417969 0.565625 0.415625 0.566667 0.415625 0.56875 0.414062 0.569792 0.414062 0.570833 0.413281 0.570833 0.4125 0.58125 0.404687 0.58125 0.403906 0.585417 0.400781 0.585417 0.4 0.5875 0.398438 0.5875 0.397656 0.588542 0.396875 0.588542 0.396094 0.589583 0.395312 0.589583 0.394531 0.590625 0.39375 0.590625 0.392969 0.591667 0.392187 0.591667 0.391406 0.592708 0.390625 0.592708 0.389062 0.59375 0.388281 0.59375 0.386719 0.594792 0.385937 0.594792 0.382812 0.595833 0.382031 0.595833 0.35625 0.594792 0.355469 0.594792 0.353906 0.59375 0.353125 0.59375 0.351562 0.592708 0.350781 0.592708 0.349219 0.591667 0.348437 0.591667 0.347656 0.589583 0.346094 0.589583 0.344531 0.588542 0.34375 0.588542 0.342969 0.5875 0.342187 0.5875 0.341406 0.585417 0.339844 0.585417 0.339062 0.584375 0.338281 0.584375 0.3375 0.582292 0.335938 0.582292 0.335156 0.580208 0.333594 0.580208 0.332812 0.572917 0.327344 0.572917 0.326562 0.571875 0.326562 0.566667 0.322656 0.565625 0.322656 0.561458 0.319531 0.560417 0.319531 0.558333 0.317969 0.557292 0.317969 0.555208 0.316406 0.554167 0.316406 0.553125 0.315625 0.552083 0.315625 0.55 0.314062 0.548958 0.314062 0.547917 0.313281 0.546875 0.313281 0.545833 0.3125 0.544792 0.3125 0.54375 0.311719 0.542708 0.311719 0.541667 0.310937 0.540625 0.310937 0.539583 0.310156 0.5375 0.310156 0.536458 0.309375 0.535417 0.309375 0.534375 0.308594 0.533333 0.308594 0.532292 0.307812 0.530208 0.307812 0.529167 0.307031 0.527083 0.307031 0.526042 0.30625 0.523958 0.30625 0.522917 0.305469 0.520833 0.305469 0.519792 0.304688 0.516667 0.304688 0.515625 0.303906 0.5125 0.303906 0.511458 0.303125 0.509375 0.303125 0.508333 0.302344 0.504167 0.302344 0.503125 0.301562 0.990489
0 0.554167 0.50625 0.551042 0.50625 0.551042 0.507031 0.544792 0.511719 0.54375 0.511719 0.5375 0.516406 0.536458 0.516406 0.533333 0.51875 0.532292 0.51875 0.53125 0.519531 0.530208 0.519531 0.527083 0.521875 0.526042 0.521875 0.525 0.522656 0.523958 0.522656 0.522917 0.523438 0.521875 0.523438 0.520833 0.524219 0.519792 0.524219 0.51875 0.525 0.517708 0.525 0.516667 0.525781 0.515625 0.525781 0.514583 0.526562 0.5125 0.526562 0.511458 0.527344 0.510417 0.527344 0.509375 0.528125 0.508333 0.528125 0.507292 0.528906 0.504167 0.528906 0.503125 0.529687 0.501042 0.529687 0.5 0.530469 0.496875 0.530469 0.495833 0.53125 0.492708 0.53125 0.491667 0.532031 0.485417 0.532031 0.484375 0.532812 0.477083 0.532812 0.476042 0.533594 0.454167 0.533594 0.453125 0.532812 0.445833 0.532812 0.444792 0.532031 0.441667 0.532031 0.440625 0.53125 0.438542 0.53125 0.4375 0.530469 0.434375 0.530469 0.433333 0.529687 0.430208 0.529687 0.429167 0.528906 0.426042 0.528906 0.425 0.528125 0.422917 0.528125 0.421875 0.527344 0.419792 0.527344 0.41875 0.526562 0.416667 0.526562 0.415625 0.525781 0.414583 0.525781 0.413542 0.525 0.411458 0.525 0.409375 0.523438 0.407292 0.523438 0.40625 0.522656 0.402083 0.522656 0.403125 0.523438 0.404167 0.523438 0.408333 0.526562 0.409375 0.526562 0.410417 0.527344 0.411458 0.527344 0.413542 0.528906 0.414583 0.528906 0.415625 0.529687 0.416667 0.529687 0.417708 0.530469 0.41875 0.530469 0.420833 0.532031 0.422917 0.532031 0.423958 0.532812 0.426042 0.532812 0.427083 0.533594 0.428125 0.533594 0.429167 0.534375 0.43125 0.534375 0.432292 0.535156 0.435417 0.535156 0.436458 0.535937 0.439583 0.535937 0.440625 0.536719 0.44375 0.536719 0.444792 0.5375 0.447917 0.5375 0.448958 0.538281 0.453125 0.538281 0.454167 0.539062 0.483333 0.539062 0.484375 0.538281 0.488542 0.538281 0.489583 0.5375 0.492708 0.5375 0.49375 0.536719 0.497917 0.536719 0.498958 0.535937 0.502083 0.535937 0.503125 0.535156 0.505208 0.535156 0.50625 0.534375 0.507292 0.534375 0.508333 0.533594 0.511458 0.533594 0.5125 0.532812 0.514583 0.532812 0.516667 0.53125 0.517708 0.53125 0.51875 0.530469 0.519792 0.530469 0.520833 0.529687 0.522917 0.529687 0.523958 0.528906 0.525 0.528906 0.526042 0.528125 0.527083 0.528125 0.528125 0.527344 0.529167 0.527344 0.530208 0.526562 0.53125 0.526562 0.534375 0.524219 0.535417 0.524219 0.536458 0.523438 0.5375 0.523438 0.538542 0.522656 0.539583 0.522656 0.541667 0.521094 0.542708 0.521094 0.544792 0.519531 0.545833 0.519531 0.545833 0.51875 0.546875 0.517969 0.546875 0.517188 0.551042 0.514062 0.551042 0.5125 0.55 0.511719 0.55 0.510937 0.552083 0.509375 0.553125 0.509375 0.554167 0.508594 0.554167 0.50625 0.563542 0.495312 0.561458 0.496875 0.561458 0.500781 0.560417 0.501562 0.560417 0.502344 0.558333 0.502344 0.55625 0.503906 0.55625 0.504687 0.55625 0.503125 0.557292 0.502344 0.557292 0.500781 0.558333 0.5 0.558333 0.498437 0.564583 0.489062 0.564583 0.489062 0.558333 0.498437 0.559375 0.497656 0.559375 0.496875 0.560417 0.496094 0.560417 0.495312 0.561458 0.494531 0.5625 0.494531 0.563542 0.49375 0.563542 0.495312 0.97143
0 0.398958 0.548437 0.397917 0.547656 0.39375 0.547656 0.394792 0.548437 0.395833 0.548437 0.396875 0.549219 0.397917 0.549219 0.398958 0.548437 0.405208 0.551562 0.380208 0.532812 0.380208 0.532031 0.377083 0.527344 0.377083 0.524219 0.377083 0.527344 0.380208 0.532031 0.380208 0.532812 0.405208 0.551562 0.405208 0.552344 0.404167 0.553125 0.404167 0.553906 0.408333 0.557031 0.409375 0.557031 0.413542 0.560156 0.415625 0.560156 0.416667 0.560937 0.417708 0.560937 0.41875 0.561719 0.41875 0.5625 0.419792 0.563281 0.420833 0.563281 0.421875 0.564062 0.423958 0.564062 0.426042 0.565625 0.427083 0.565625 0.428125 0.566406 0.43125 0.566406 0.432292 0.567187 0.434375 0.567187 0.435417 0.567969 0.4375 0.567969 0.438542 0.56875 0.440625 0.56875 0.441667 0.569531 0.446875 0.569531 0.447917 0.570312 0.453125 0.570312 0.454167 0.571094 0.461458 0.571094 0.4625 0.571875 0.470833 0.571875 0.471875 0.571094 0.478125 0.571094 0.479167 0.570312 0.485417 0.570312 0.486458 0.569531 0.492708 0.569531 0.49375 0.56875 0.495833 0.56875 0.496875 0.567969 0.497917 0.567969 0.498958 0.567187 0.501042 0.567187 0.502083 0.566406 0.504167 0.566406 0.505208 0.565625 0.507292 0.565625 0.508333 0.564844 0.510417 0.564844 0.511458 0.564062 0.5125 0.564062 0.513542 0.563281 0.514583 0.563281 0.515625 0.5625 0.516667 0.5625 0.517708 0.561719 0.51875 0.561719 0.519792 0.560937 0.520833 0.560937 0.522917 0.559375 0.523958 0.559375 0.525 0.558594 0.526042 0.558594 0.528125 0.557031 0.529167 0.557031 0.532292 0.554688 0.533333 0.554688 0.538542 0.550781 0.538542 0.55 0.540625 0.548437 0.541667 0.548437 0.542708 0.547656 0.54375 0.547656 0.54375 0.545312 0.541667 0.546875 0.539583 0.546875 0.5375 0.548437 0.536458 0.548437 0.533333 0.550781 0.532292 0.550781 0.53125 0.551562 0.530208 0.551562 0.528125 0.553125 0.527083 0.553125 0.525 0.554688 0.523958 0.554688 0.520833 0.557031 0.517708 0.557031 0.516667 0.557812 0.515625 0.557812 0.514583 0.558594 0.5125 0.558594 0.511458 0.559375 0.509375 0.559375 0.508333 0.560156 0.507292 0.560156 0.50625 0.560937 0.503125 0.560937 0.502083 0.561719 0.497917 0.561719 0.496875 0.5625 0.49375 0.5625 0.492708 0.563281 0.489583 0.563281 0.488542 0.564062 0.482292 0.564062 0.48125 0.564844 0.455208 0.564844 0.454167 0.564062 0.445833 0.564062 0.444792 0.563281 0.440625 0.563281 0.439583 0.5625 0.436458 0.5625 0.435417 0.561719 0.432292 0.561719 0.43125 0.560937 0.428125 0.560937 0.427083 0.560156 0.423958 0.560156 0.422917 0.559375 0.421875 0.559375 0.419792 0.557812 0.41875 0.557812 0.417708 0.557031 0.415625 0.557031 0.4125 0.554688 0.411458 0.554688 0.410417 0.553906 0.407292 0.553906 0.40625 0.553125 0.40625 0.552344 0.405208 0.551562 0.960631
0 0.555208 0.48125 0.555208 0.482812 0.555208 0.48125 0.560417 0.476562 0.563542 0.474219 0.552083 0.485156 0.548958 0.485156 0.547917 0.485937 0.54375 0.485937 0.541667 0.4875 0.540625 0.4875 0.539583 0.488281 0.538542 0.488281 0.5375 0.489062 0.535417 0.489062 0.532292 0.491406 0.53125 0.491406 0.530208 0.492187 0.528125 0.492187 0.526042 0.49375 0.525 0.49375 0.523958 0.494531 0.522917 0.494531 0.521875 0.495312 0.519792 0.495312 0.51875 0.496094 0.517708 0.496094 0.516667 0.496875 0.515625 0.496875 0.514583 0.497656 0.511458 0.497656 0.510417 0.498437 0.507292 0.498437 0.50625 0.499219 0.504167 0.499219 0.503125 0.5 0.501042 0.5 0.5 0.500781 0.496875 0.500781 0.495833 0.501562 0.490625 0.501562 0.489583 0.502344 0.482292 0.502344 0.48125 0.503125 0.461458 0.503125 0.460417 0.502344 0.452083 0.502344 0.451042 0.501562 0.445833 0.501562 0.444792 0.500781 0.441667 0.500781 0.440625 0.5 0.4375 0.5 0.436458 0.499219 0.434375 0.499219 0.433333 0.498437 0.429167 0.498437 0.428125 0.497656 0.426042 0.497656 0.425 0.496875 0.423958 0.496875 0.422917 0.496094 0.420833 0.496094 0.419792 0.495312 0.41875 0.495312 0.417708 0.494531 0.416667 0.494531 0.415625 0.49375 0.414583 0.49375 0.413542 0.492969 0.4125 0.492969 0.411458 0.492187 0.410417 0.492187 0.409375 0.491406 0.408333 0.491406 0.405208 0.489062 0.404167 0.489062 0.403125 0.488281 0.402083 0.488281 0.401042 0.4875 0.4 0.4875 0.396875 0.485156 0.395833 0.485156 0.380208 0.473437 0.380208 0.472656 0.379167 0.472656 0.377083 0.471094 0.377083 0.470312 0.373958 0.467969 0.373958 0.467187 0.372917 0.466406 0.372917 0.464844 0.371875 0.464062 0.371875 0.463281 0.370833 0.4625 0.370833 0.472656 0.371875 0.473437 0.371875 0.474219 0.372917 0.475 0.372917 0.475781 0.376042 0.478125 0.376042 0.478906 0.3875 0.4875 0.388542 0.4875 0.389583 0.488281 0.389583 0.489062 0.391667 0.490625 0.392708 0.490625 0.394792 0.492187 0.395833 0.492187 0.396875 0.492969 0.397917 0.492969 0.402083 0.496094 0.403125 0.496094 0.405208 0.497656 0.40625 0.497656 0.407292 0.498437 0.409375 0.498437 0.410417 0.499219 0.411458 0.499219 0.413542 0.500781 0.414583 0.500781 0.415625 0.501562 0.416667 0.501562 0.417708 0.502344 0.419792 0.502344 0.420833 0.503125 0.421875 0.503125 0.422917 0.503906 0.425 0.503906 0.426042 0.504687 0.428125 0.504687 0.429167 0.505469 0.432292 0.505469 0.433333 0.50625 0.434375 0.50625 0.435417 0.507031 0.438542 0.507031 0.439583 0.507812 0.445833 0.507812 0.446875 0.508594 0.452083 0.508594 0.453125 0.509375 0.459375 0.509375 0.460417 0.510156 0.482292 0.510156 0.483333 0.509375 0.489583 0.509375 0.490625 0.508594 0.494792 0.508594 0.495833 0.507812 0.5 0.507812 0.501042 0.507031 0.504167 0.507031 0.505208 0.50625 0.507292 0.50625 0.508333 0.505469 0.509375 0.505469 0.510417 0.504687 0.513542 0.504687 0.514583 0.503906 0.515625 0.503906 0.516667 0.503125 0.51875 0.503125 0.519792 0.502344 0.520833 0.502344 0.521875 0.501562 0.522917 0.501562 0.523958 0.500781 0.525 0.500781 0.526042 0.5 0.527083 0.5 0.528125 0.499219 0.529167 0.499219 0.530208 0.498437 0.53125 0.498437 0.532292 0.497656 0.533333 0.497656 0.534375 0.496875 0.535417 0.496875 0.536458 0.496094 0.5375 0.496094 0.546875 0.489062 0.547917 0.489062 0.547917 0.4875 0.55 0.485937 0.551042 0.485937 0.552083 0.485156 0.563542 0.474219 0.564583 0.473437 0.564583 0.472656 0.563542 0.472656 0.563542 0.474219 0.560417 0.476562 0.560417 0.476562 0.956669
0 0.36875 0.449219 0.36875 0.447656 0.367708 0.446875 0.367708 0.446094 0.365625 0.444531 0.365625 0.439062 0.365625 0.445312 0.366667 0.446094 0.366667 0.447656 0.367708 0.448437 0.367708 0.449219 0.36875 0.449219 0.380208 0.459375 0.380208 0.460937 0.38125 0.461719 0.382292 0.461719 0.383333 0.4625 0.383333 0.463281 0.3875 0.466406 0.388542 0.466406 0.390625 0.467969 0.391667 0.467969 0.394792 0.470312 0.395833 0.470312 0.396875 0.471094 0.397917 0.471094 0.398958 0.471875 0.4 0.471875 0.402083 0.473437 0.403125 0.473437 0.404167 0.474219 0.405208 0.474219 0.408333 0.476562 0.409375 0.476562 0.410417 0.477344 0.411458 0.477344 0.4125 0.478125 0.413542 0.478125 0.414583 0.478906 0.416667 0.478906 0.417708 0.479687 0.41875 0.479687 0.419792 0.480469 0.420833 0.480469 0.421875 0.48125 0.423958 0.48125 0.425 0.482031 0.427083 0.482031 0.428125 0.482812 0.429167 0.482812 0.430208 0.483594 0.432292 0.483594 0.433333 0.484375 0.436458 0.484375 0.4375 0.485156 0.442708 0.485156 0.44375 0.485937 0.447917 0.485937 0.448958 0.486719 0.452083 0.486719 0.453125 0.4875 0.484375 0.4875 0.485417 0.486719 0.490625 0.486719 0.491667 0.485937 0.494792 0.485937 0.495833 0.485156 0.5 0.485156 0.501042 0.484375 0.50625 0.484375 0.507292 0.483594 0.509375 0.483594 0.510417 0.482812 0.511458 0.482812 0.5125 0.482031 0.513542 0.482031 0.514583 0.48125 0.517708 0.48125 0.51875 0.480469 0.519792 0.480469 0.520833 0.479687 0.521875 0.479687 0.522917 0.478906 0.525 0.478906 0.526042 0.478125 0.528125 0.478125 0.53125 0.475781 0.532292 0.475781 0.533333 0.475 0.535417 0.475 0.538542 0.472656 0.539583 0.472656 0.540625 0.471875 0.542708 0.471875 0.54375 0.471094 0.544792 0.471094 0.547917 0.46875 0.548958 0.46875 0.55 0.467969 0.551042 0.467969 0.552083 0.467187 0.555208 0.467187 0.55625 0.466406 0.55625 0.465625 0.558333 0.464062 0.559375 0.464062 0.560417 0.463281 0.560417 0.4625 0.5625 0.460937 0.563542 0.460937 0.564583 0.460156 0.564583 0.458594 0.565625 0.457812 0.565625 0.457031 0.56875 0.454687 0.56875 0.453906 0.571875 0.451562 0.571875 0.449219 0.572917 0.448437 0.572917 0.434375 0.571875 0.435156 0.571875 0.4375 0.570833 0.438281 0.570833 0.439062 0.56875 0.440625 0.56875 0.441406 0.567708 0.442187 0.567708 0.44375 0.566667 0.444531 0.566667 0.445312 0.565625 0.446094 0.565625 0.446875 0.564583 0.447656 0.564583 0.448437 0.5625 0.45 0.5625 0.450781 0.558333 0.453906 0.558333 0.455469 0.55625 0.457031 0.555208 0.457031 0.555208 0.457812 0.552083 0.460156 0.551042 0.460156 0.55 0.460937 0.55 0.461719 0.548958 0.4625 0.547917 0.4625 0.54375 0.465625 0.542708 0.465625 0.541667 0.466406 0.540625 0.466406 0.539583 0.467187 0.538542 0.467187 0.536458 0.46875 0.535417 0.46875 0.534375 0.469531 0.532292 0.469531 0.53125 0.470312 0.530208 0.470312 0.529167 0.471094 0.528125 0.471094 0.527083 0.471875 0.525 0.471875 0.523958 0.472656 0.522917 0.472656 0.521875 0.473437 0.519792 0.473437 0.51875 0.474219 0.517708 0.474219 0.516667 0.475 0.515625 0.475 0.514583 0.475781 0.5125 0.475781 0.511458 0.476562 0.508333 0.476562 0.507292 0.477344 0.505208 0.477344 0.504167 0.478125 0.503125 0.478125 0.502083 0.478906 0.497917 0.478906 0.496875 0.479687 0.488542 0.479687 0.4875 0.480469 0.48125 0.480469 0.480208 0.48125 0.460417 0.48125 0.459375 0.480469 0.455208 0.480469 0.454167 0.479687 0.442708 0.479687 0.441667 0.478906 0.434375 0.478906 0.433333 0.478125 0.432292 0.478125 0.43125 0.477344 0.429167 0.477344 0.428125 0.476562 0.425 0.476562 0.423958 0.475781 0.420833 0.475781 0.41875 0.474219 0.417708 0.474219 0.416667 0.473437 0.414583 0.473437 0.413542 0.472656 0.411458 0.472656 0.410417 0.471875 0.409375 0.471875 0.408333 0.471094 0.407292 0.471094 0.405208 0.469531 0.403125 0.469531 0.402083 0.46875 0.401042 0.46875 0.398958 0.467187 0.397917 0.467187 0.396875 0.466406 0.395833 0.466406 0.394792 0.465625 0.39375 0.465625 0.391667 0.464062 0.390625 0.464062 0.389583 0.463281 0.3875 0.463281 0.385417 0.461719 0.385417 0.460937 0.384375 0.460937 0.383333 0.460156 0.382292 0.460156 0.38125 0.459375 0.380208 0.459375 0.953855
0 0.369792 0.455469 0.369792 0.464844 0.370833 0.465625 0.370833 0.466406 0.375 0.469531 0.375 0.470312 0.380208 0.474219 0.380208 0.475 0.382292 0.476562 0.383333 0.476562 0.3875 0.479687 0.388542 0.479687 0.391667 0.482031 0.391667 0.482812 0.392708 0.482812 0.394792 0.484375 0.395833 0.484375 0.397917 0.485937 0.398958 0.485937 0.4 0.486719 0.401042 0.486719 0.403125 0.488281 0.404167 0.488281 0.40625 0.489844 0.407292 0.489844 0.408333 0.490625 0.409375 0.490625 0.411458 0.492187 0.4125 0.492187 0.413542 0.492969 0.415625 0.492969 0.417708 0.494531 0.41875 0.494531 0.419792 0.495312 0.422917 0.495312 0.423958 0.496094 0.426042 0.496094 0.427083 0.496875 0.428125 0.496875 0.429167 0.497656 0.43125 0.497656 0.432292 0.498437 0.4375 0.498437 0.438542 0.499219 0.440625 0.499219 0.441667 0.5 0.44375 0.5 0.444792 0.500781 0.448958 0.500781 0.45 0.501562 0.464583 0.501562 0.465625 0.502344 0.478125 0.502344 0.479167 0.501562 0.4875 0.501562 0.488542 0.500781 0.495833 0.500781 0.496875 0.5 0.498958 0.5 0.5 0.499219 0.502083 0.499219 0.503125 0.498437 0.507292 0.498437 0.508333 0.497656 0.510417 0.497656 0.511458 0.496875 0.513542 0.496875 0.514583 0.496094 0.516667 0.496094 0.517708 0.495312 0.519792 0.495312 0.520833 0.494531 0.521875 0.494531 0.522917 0.49375 0.523958 0.49375 0.525 0.492969 0.526042 0.492969 0.527083 0.492187 0.529167 0.492187 0.530208 0.491406 0.53125 0.491406 0.534375 0.489062 0.535417 0.489062 0.5375 0.4875 0.538542 0.4875 0.539583 0.486719 0.541667 0.486719 0.542708 0.485937 0.54375 0.486719 0.547917 0.486719 0.554167 0.482031 0.554167 0.48125 0.55625 0.479687 0.55625 0.478906 0.559375 0.476562 0.559375 0.475781 0.560417 0.475 0.560417 0.474219 0.563542 0.471875 0.563542 0.471094 0.564583 0.470312 0.564583 0.46875 0.565625 0.467969 0.565625 0.467187 0.566667 0.466406 0.566667 0.465625 0.564583 0.465625 0.5625 0.467187 0.5625 0.467969 0.559375 0.470312 0.559375 0.471094 0.558333 0.471875 0.558333 0.472656 0.553125 0.476562 0.553125 0.477344 0.55 0.479687 0.548958 0.479687 0.546875 0.48125 0.545833 0.48125 0.544792 0.482031 0.540625 0.482031 0.539583 0.482812 0.538542 0.482812 0.5375 0.483594 0.536458 0.483594 0.535417 0.484375 0.534375 0.484375 0.533333 0.485156 0.532292 0.485156 0.53125 0.485937 0.530208 0.485937 0.529167 0.486719 0.527083 0.486719 0.526042 0.4875 0.525 0.4875 0.523958 0.488281 0.522917 0.488281 0.521875 0.489062 0.519792 0.489062 0.51875 0.489844 0.516667 0.489844 0.515625 0.490625 0.513542 0.490625 0.5125 0.491406 0.511458 0.491406 0.510417 0.492187 0.50625 0.492187 0.505208 0.492969 0.502083 0.492969 0.501042 0.49375 0.498958 0.49375 0.497917 0.494531 0.494792 0.494531 0.49375 0.495312 0.4875 0.495312 0.486458 0.496094 0.459375 0.496094 0.458333 0.495312 0.45 0.495312 0.448958 0.494531 0.442708 0.494531 0.441667 0.49375 0.439583 0.49375 0.438542 0.492969 0.435417 0.492969 0.434375 0.492187 0.429167 0.492187 0.428125 0.491406 0.426042 0.491406 0.425 0.490625 0.423958 0.490625 0.422917 0.489844 0.421875 0.489844 0.420833 0.489062 0.417708 0.489062 0.416667 0.488281 0.415625 0.488281 0.413542 0.486719 0.4125 0.486719 0.411458 0.485937 0.409375 0.485937 0.408333 0.485156 0.407292 0.485156 0.404167 0.482812 0.403125 0.482812 0.402083 0.482031 0.401042 0.482031 0.4 0.48125 0.398958 0.48125 0.395833 0.478906 0.394792 0.478906 0.388542 0.474219 0.3875 0.474219 0.385417 0.472656 0.384375 0.472656 0.383333 0.471875 0.382292 0.471875 0.38125 0.471094 0.38125 0.470312 0.380208 0.469531 0.379167 0.469531 0.378125 0.46875 0.378125 0.467969 0.377083 0.467187 0.377083 0.466406 0.376042 0.466406 0.373958 0.464844 0.373958 0.464062 0.372917 0.463281 0.372917 0.461719 0.370833 0.460156 0.370833 0.459375 0.369792 0.458594 0.95295
0 0.576042 0.410937 0.576042 0.411719 0.571875 0.414844 0.571875 0.415625 0.570833 0.416406 0.570833 0.417187 0.56875 0.41875 0.56875 0.419531 0.566667 0.421094 0.566667 0.421875 0.563542 0.424219 0.563542 0.425 0.558333 0.428906 0.558333 0.429688 0.555208 0.432031 0.555208 0.432812 0.553125 0.434375 0.552083 0.434375 0.551042 0.435156 0.55 0.435156 0.546875 0.4375 0.545833 0.4375 0.54375 0.439062 0.542708 0.439062 0.540625 0.440625 0.539583 0.440625 0.538542 0.441406 0.5375 0.441406 0.535417 0.442969 0.534375 0.442969 0.532292 0.444531 0.530208 0.444531 0.529167 0.445312 0.528125 0.445312 0.527083 0.446094 0.526042 0.446094 0.525 0.446875 0.523958 0.446875 0.522917 0.447656 0.520833 0.447656 0.519792 0.448437 0.51875 0.448437 0.517708 0.449219 0.514583 0.449219 0.513542 0.45 0.5125 0.45 0.511458 0.450781 0.508333 0.450781 0.507292 0.451562 0.505208 0.451562 0.504167 0.452344 0.5 0.452344 0.498958 0.453125 0.494792 0.453125 0.49375 0.453906 0.488542 0.453906 0.4875 0.454687 0.48125 0.454687 0.480208 0.455469 0.455208 0.455469 0.454167 0.454687 0.447917 0.454687 0.446875 0.453906 0.442708 0.453906 0.441667 0.453125 0.436458 0.453125 0.435417 0.452344 0.43125 0.452344 0.430208 0.451562 0.427083 0.451562 0.426042 0.450781 0.425 0.450781 0.423958 0.45 0.421875 0.45 0.420833 0.449219 0.41875 0.449219 0.417708 0.448437 0.415625 0.448437 0.414583 0.447656 0.4125 0.447656 0.411458 0.446875 0.410417 0.446875 0.409375 0.446094 0.408333 0.446094 0.407292 0.445312 0.405208 0.445312 0.403125 0.44375 0.402083 0.44375 0.401042 0.442969 0.4 0.442969 0.397917 0.441406 0.395833 0.441406 0.39375 0.439844 0.392708 0.439844 0.390625 0.438281 0.389583 0.438281 0.388542 0.4375 0.3875 0.4375 0.384375 0.435156 0.383333 0.435156 0.363542 0.420312 0.363542 0.419531 0.3625 0.419531 0.360417 0.417969 0.360417 0.416406 0.359375 0.415625 0.358333 0.415625 0.358333 0.419531 0.359375 0.420312 0.359375 0.421094 0.360417 0.421875 0.360417 0.422656 0.361458 0.423437 0.361458 0.424219 0.364583 0.426562 0.364583 0.427344 0.366667 0.428906 0.366667 0.429688 0.370833 0.432812 0.370833 0.433594 0.371875 0.434375 0.372917 0.434375 0.384375 0.442969 0.385417 0.442969 0.388542 0.445312 0.389583 0.445312 0.391667 0.446875 0.392708 0.446875 0.394792 0.448437 0.395833 0.448437 0.396875 0.449219 0.397917 0.449219 0.398958 0.45 0.4 0.45 0.402083 0.451562 0.403125 0.451562 0.405208 0.453125 0.408333 0.453125 0.409375 0.453906 0.410417 0.453906 0.411458 0.454687 0.4125 0.454687 0.413542 0.455469 0.415625 0.455469 0.416667 0.45625 0.417708 0.45625 0.41875 0.457031 0.419792 0.457031 0.420833 0.457812 0.422917 0.457812 0.423958 0.458594 0.426042 0.458594 0.427083 0.459375 0.43125 0.459375 0.432292 0.460156 0.435417 0.460156 0.436458 0.460937 0.440625 0.460937 0.441667 0.461719 0.445833 0.461719 0.446875 0.4625 0.454167 0.4625 0.455208 0.463281 0.4625 0.463281 0.463542 0.464062 0.470833 0.464062 0.471875 0.463281 0.479167 0.463281 0.480208 0.4625 0.4875 0.4625 0.488542 0.461719 0.49375 0.461719 0.494792 0.460937 0.498958 0.460937 0.5 0.460156 0.502083 0.460156 0.503125 0.459375 0.507292 0.459375 0.508333 0.458594 0.511458 0.458594 0.5125 0.457812 0.514583 0.457812 0.515625 0.457031 0.516667 0.457031 0.517708 0.45625 0.519792 0.45625 0.520833 0.455469 0.522917 0.455469 0.523958 0.454687 0.525 0.454687 0.526042 0.453906 0.527083 0.453906 0.528125 0.453125 0.529167 0.453125 0.530208 0.452344 0.53125 0.452344 0.532292 0.451562 0.533333 0.451562 0.535417 0.45 0.536458 0.45 0.5375 0.449219 0.539583 0.449219 0.541667 0.447656 0.542708 0.447656 0.545833 0.445312 0.546875 0.445312 0.551042 0.442187 0.552083 0.442187 0.564583 0.432812 0.564583 0.432031 0.567708 0.429688 0.567708 0.428906 0.569792 0.427344 0.569792 0.426562 0.573958 0.423437 0.573958 0.422656 0.576042 0.421094 0.576042 0.420312 0.577083 0.419531 0.577083 0.417969 0.578125 0.417187 0.578125 0.411719 0.577083 0.410937 0.94967
0 0.389583 0.557812 0.389583 0.557812 0.392708 0.559375 0.392708 0.561719 0.39375 0.5625 0.39375 0.563281 0.395833 0.564844 0.396875 0.564844 0.398958 0.566406 0.398958 0.567187 0.4 0.567969 0.401042 0.567969 0.404167 0.570312 0.404167 0.571094 0.405208 0.571094 0.408333 0.573437 0.408333 0.574219 0.411458 0.576562 0.4125 0.576562 0.413542 0.577344 0.415625 0.577344 0.416667 0.578125 0.41875 0.578125 0.421875 0.580469 0.427083 0.580469 0.429167 0.582031 0.430208 0.582031 0.43125 0.582812 0.434375 0.582812 0.435417 0.583594 0.4375 0.583594 0.438542 0.584375 0.440625 0.584375 0.442708 0.585938 0.444792 0.585938 0.445833 0.586719 0.452083 0.586719 0.453125 0.5875 0.478125 0.5875 0.479167 0.586719 0.484375 0.586719 0.485417 0.585938 0.489583 0.585938 0.490625 0.585156 0.49375 0.585156 0.494792 0.584375 0.496875 0.584375 0.497917 0.583594 0.5 0.583594 0.501042 0.582812 0.50625 0.582812 0.507292 0.582031 0.509375 0.582031 0.511458 0.580469 0.5125 0.580469 0.513542 0.579687 0.515625 0.579687 0.516667 0.578906 0.517708 0.578906 0.519792 0.577344 0.520833 0.577344 0.521875 0.576562 0.523958 0.576562 0.526042 0.575 0.527083 0.575 0.529167 0.573437 0.53125 0.573437 0.53125 0.572656 0.533333 0.571094 0.534375 0.571094 0.535417 0.570312 0.536458 0.570312 0.539583 0.567969 0.540625 0.567969 0.541667 0.567187 0.542708 0.567187 0.551042 0.560937 0.552083 0.560937 0.552083 0.560156 0.555208 0.557812 0.555208 0.557031 0.55625 0.55625 0.55625 0.553125 0.557292 0.552344 0.557292 0.550781 0.558333 0.55 0.558333 0.546875 0.559375 0.546094 0.559375 0.54375 0.558333 0.542969 0.559375 0.532031 0.559375 0.53125 0.560417 0.530469 0.560417 0.528906 0.55625 0.528906 0.55625 0.529687 0.557292 0.529687 0.558333 0.530469 0.558333 0.53125 0.559375 0.532031 0.558333 0.542969 0.55625 0.542969 0.55625 0.54375 0.555208 0.544531 0.555208 0.545312 0.551042 0.548437 0.551042 0.55 0.55 0.550781 0.55 0.551562 0.546875 0.553906 0.546875 0.554688 0.54375 0.557031 0.542708 0.557031 0.542708 0.557812 0.541667 0.558594 0.541667 0.559375 0.540625 0.560156 0.539583 0.560156 0.538542 0.560937 0.538542 0.561719 0.5375 0.5625 0.536458 0.5625 0.535417 0.563281 0.534375 0.563281 0.53125 0.565625 0.530208 0.565625 0.526042 0.56875 0.525 0.56875 0.523958 0.569531 0.521875 0.569531 0.519792 0.571094 0.51875 0.571094 0.517708 0.571875 0.516667 0.571875 0.515625 0.572656 0.513542 0.572656 0.511458 0.574219 0.510417 0.574219 0.509375 0.575 0.508333 0.575 0.507292 0.575781 0.502083 0.575781 0.501042 0.576562 0.497917 0.576562 0.496875 0.577344 0.495833 0.577344 0.494792 0.578125 0.49375 0.578125 0.492708 0.578906 0.486458 0.578906 0.485417 0.579687 0.45625 0.579687 0.455208 0.578906 0.444792 0.578906 0.44375 0.578125 0.440625 0.578125 0.439583 0.577344 0.438542 0.577344 0.4375 0.576562 0.435417 0.576562 0.434375 0.575781 0.430208 0.575781 0.429167 0.575 0.427083 0.575 0.426042 0.574219 0.425 0.574219 0.423958 0.573437 0.422917 0.573437 0.421875 0.572656 0.420833 0.572656 0.419792 0.571875 0.41875 0.571875 0.417708 0.571094 0.416667 0.571094 0.415625 0.570312 0.414583 0.570312 0.413542 0.569531 0.4125 0.569531 0.409375 0.567187 0.408333 0.567187 0.407292 0.566406 0.405208 0.566406 0.401042 0.563281 0.398958 0.563281 0.396875 0.561719 0.395833 0.561719 0.392708 0.559375 0.946201
0 0.377083 0.513281 0.377083 0.523438 0.379167 0.525 0.379167 0.526562 0.380208 0.527344 0.380208 0.528906 0.38125 0.529687 0.38125 0.530469 0.383333 0.532031 0.383333 0.533594 0.384375 0.534375 0.384375 0.535156 0.390625 0.539844 0.390625 0.540625 0.397917 0.546094 0.398958 0.546094 0.403125 0.549219 0.404167 0.549219 0.405208 0.55 0.40625 0.55 0.408333 0.551562 0.410417 0.551562 0.413542 0.553906 0.414583 0.553906 0.415625 0.554688 0.417708 0.554688 0.41875 0.555469 0.419792 0.555469 0.421875 0.557031 0.422917 0.557031 0.423958 0.557812 0.427083 0.557812 0.428125 0.558594 0.429167 0.558594 0.43125 0.560156 0.435417 0.560156 0.436458 0.560937 0.440625 0.560937 0.441667 0.561719 0.444792 0.561719 0.445833 0.5625 0.448958 0.5625 0.45 0.563281 0.486458 0.563281 0.4875 0.5625 0.489583 0.5625 0.490625 0.561719 0.491667 0.561719 0.492708 0.560937 0.496875 0.560937 0.497917 0.560156 0.503125 0.560156 0.504167 0.559375 0.50625 0.559375 0.508333 0.557812 0.511458 0.557812 0.5125 0.557031 0.514583 0.557031 0.515625 0.55625 0.516667 0.55625 0.517708 0.555469 0.51875 0.555469 0.519792 0.554688 0.520833 0.554688 0.521875 0.553906 0.522917 0.553906 0.525 0.552344 0.526042 0.552344 0.527083 0.551562 0.528125 0.551562 0.529167 0.550781 0.530208 0.550781 0.534375 0.547656 0.535417 0.547656 0.538542 0.545312 0.539583 0.545312 0.540625 0.544531 0.541667 0.544531 0.542708 0.54375 0.54375 0.54375 0.547917 0.540625 0.547917 0.539844 0.553125 0.535937 0.553125 0.535156 0.554167 0.534375 0.554167 0.533594 0.555208 0.532812 0.555208 0.53125 0.55625 0.530469 0.55625 0.528125 0.557292 0.527344 0.557292 0.524219 0.55625 0.523438 0.553125 0.525781 0.553125 0.526562 0.551042 0.528125 0.551042 0.529687 0.545833 0.533594 0.544792 0.533594 0.541667 0.535937 0.541667 0.536719 0.540625 0.5375 0.539583 0.5375 0.538542 0.538281 0.5375 0.538281 0.535417 0.539844 0.534375 0.539844 0.529167 0.54375 0.528125 0.54375 0.527083 0.544531 0.526042 0.544531 0.525 0.545312 0.523958 0.545312 0.522917 0.546094 0.521875 0.546094 0.519792 0.547656 0.517708 0.547656 0.516667 0.548437 0.515625 0.548437 0.514583 0.549219 0.513542 0.549219 0.5125 0.55 0.511458 0.55 0.510417 0.550781 0.50625 0.550781 0.505208 0.551562 0.502083 0.551562 0.501042 0.552344 0.5 0.552344 0.498958 0.553125 0.496875 0.553125 0.495833 0.553906 0.489583 0.553906 0.488542 0.554688 0.479167 0.554688 0.478125 0.555469 0.465625 0.555469 0.464583 0.55625 0.463542 0.555469 0.45625 0.555469 0.455208 0.554688 0.448958 0.554688 0.447917 0.553906 0.438542 0.553906 0.4375 0.553125 0.436458 0.553125 0.435417 0.552344 0.434375 0.552344 0.433333 0.551562 0.430208 0.551562 0.429167 0.550781 0.427083 0.550781 0.426042 0.55 0.425 0.55 0.423958 0.549219 0.422917 0.549219 0.421875 0.548437 0.420833 0.548437 0.419792 0.547656 0.416667 0.547656 0.413542 0.545312 0.4125 0.545312 0.411458 0.544531 0.410417 0.544531 0.409375 0.54375 0.408333 0.54375 0.405208 0.541406 0.404167 0.541406 0.401042 0.539062 0.4 0.539062 0.389583 0.53125 0.389583 0.530469 0.386458 0.528125 0.386458 0.527344 0.385417 0.526562 0.385417 0.525781 0.382292 0.523438 0.382292 0.522656 0.38125 0.521875 0.38125 0.521094 0.379167 0.519531 0.379167 0.51875 0.378125 0.517969 0.378125 0.515625 0.377083 0.514844 0.939674
0 0.414583 0.539844 0.415625 0.539062 0.414583 0.538281 0.413542 0.538281 0.4125 0.539062 0.413542 0.539062 0.414583 0.539844 0.417708 0.542187 0.409375 0.535937 0.407292 0.535937 0.40625 0.535156 0.405208 0.535156 0.403125 0.533594 0.403125 0.532812 0.402083 0.532031 0.401042 0.532031 0.397917 0.529687 0.397917 0.528906 0.395833 0.528906 0.39375 0.527344 0.39375 0.526562 0.392708 0.525781 0.390625 0.525781 0.389583 0.525 0.389583 0.523438 0.386458 0.521094 0.386458 0.520312 0.384375 0.51875 0.383333 0.51875 0.382292 0.517969 0.382292 0.516406 0.38125 0.515625 0.38125 0.514062 0.378125 0.511719 0.378125 0.510937 0.378125 0.515625 0.379167 0.516406 0.379167 0.517188 0.38125 0.51875 0.38125 0.519531 0.382292 0.519531 0.383333 0.520312 0.383333 0.521094 0.384375 0.521875 0.384375 0.522656 0.385417 0.523438 0.386458 0.523438 0.388542 0.525 0.388542 0.526562 0.389583 0.526562 0.391667 0.528125 0.391667 0.528906 0.392708 0.529687 0.392708 0.530469 0.39375 0.53125 0.39375 0.532031 0.394792 0.532031 0.397917 0.534375 0.397917 0.535156 0.398958 0.535156 0.402083 0.5375 0.404167 0.5375 0.405208 0.536719 0.408333 0.536719 0.409375 0.535937 0.417708 0.542187 0.417708 0.542969 0.415625 0.544531 0.416667 0.544531 0.417708 0.545312 0.420833 0.545312 0.421875 0.544531 0.422917 0.544531 0.423958 0.545312 0.423958 0.547656 0.425 0.547656 0.426042 0.548437 0.427083 0.548437 0.428125 0.549219 0.429167 0.549219 0.43125 0.550781 0.432292 0.550781 0.433333 0.551562 0.436458 0.551562 0.4375 0.552344 0.438542 0.552344 0.439583 0.553125 0.441667 0.553125 0.442708 0.553906 0.451042 0.553906 0.452083 0.554688 0.4625 0.554688 0.463542 0.555469 0.46875 0.555469 0.469792 0.554688 0.480208 0.554688 0.48125 0.553906 0.491667 0.553906 0.492708 0.553125 0.496875 0.553125 0.497917 0.552344 0.498958 0.552344 0.5 0.551562 0.503125 0.551562 0.504167 0.550781 0.507292 0.550781 0.508333 0.55 0.509375 0.55 0.510417 0.549219 0.511458 0.549219 0.5125 0.548437 0.514583 0.548437 0.515625 0.547656 0.517708 0.547656 0.519792 0.546094 0.520833 0.546094 0.521875 0.545312 0.523958 0.545312 0.525 0.544531 0.526042 0.544531 0.529167 0.542187 0.530208 0.542187 0.533333 0.539844 0.534375 0.539844 0.540625 0.535156 0.541667 0.535156 0.545833 0.532031 0.545833 0.53125 0.546875 0.530469 0.546875 0.529687 0.547917 0.528906 0.547917 0.528125 0.55 0.526562 0.551042 0.526562 0.552083 0.525781 0.552083 0.525 0.55625 0.521875 0.55625 0.521094 0.557292 0.520312 0.557292 0.519531 0.558333 0.51875 0.558333 0.517969 0.559375 0.517188 0.559375 0.514844 0.560417 0.514062 0.559375 0.514062 0.559375 0.514844 0.557292 0.516406 0.55625 0.516406 0.55625 0.517188 0.555208 0.517969 0.555208 0.51875 0.552083 0.521094 0.552083 0.521875 0.551042 0.522656 0.551042 0.523438 0.55 0.524219 0.55 0.525 0.548958 0.525781 0.547917 0.525781 0.546875 0.526562 0.546875 0.527344 0.544792 0.528906 0.542708 0.528906 0.538542 0.532031 0.5375 0.532031 0.536458 0.532812 0.535417 0.532812 0.534375 0.533594 0.534375 0.534375 0.533333 0.535156 0.532292 0.535156 0.53125 0.535937 0.530208 0.535937 0.529167 0.536719 0.528125 0.536719 0.527083 0.5375 0.526042 0.5375 0.525 0.538281 0.523958 0.538281 0.522917 0.539062 0.521875 0.539062 0.519792 0.540625 0.51875 0.540625 0.517708 0.541406 0.516667 0.541406 0.515625 0.542187 0.513542 0.542187 0.511458 0.54375 0.510417 0.54375 0.509375 0.544531 0.505208 0.544531 0.504167 0.545312 0.501042 0.545312 0.5 0.546094 0.497917 0.546094 0.496875 0.546875 0.49375 0.546875 0.492708 0.547656 0.486458 0.547656 0.485417 0.548437 0.455208 0.548437 0.454167 0.547656 0.447917 0.547656 0.446875 0.546875 0.44375 0.546875 0.442708 0.546094 0.440625 0.546094 0.439583 0.545312 0.434375 0.545312 0.433333 0.544531 0.428125 0.544531 0.425 0.542187 0.423958 0.542187 0.422917 0.541406 0.41875 0.541406 0.417708 0.542187 0.934716
0 0.380208 0.539062 0.380208 0.540625 0.379167 0.541406 0.380208 0.542187 0.380208 0.542969 0.382292 0.544531 0.382292 0.546094 0.383333 0.546875 0.383333 0.547656 0.384375 0.548437 0.384375 0.549219 0.386458 0.550781 0.386458 0.551562 0.394792 0.557812 0.394792 0.558594 0.396875 0.560156 0.396875 0.560937 0.397917 0.561719 0.398958 0.561719 0.401042 0.563281 0.402083 0.563281 0.404167 0.564844 0.405208 0.564844 0.40625 0.565625 0.407292 0.565625 0.409375 0.567187 0.410417 0.567187 0.4125 0.56875 0.413542 0.56875 0.415625 0.570312 0.417708 0.570312 0.41875 0.571094 0.419792 0.571094 0.421875 0.572656 0.422917 0.572656 0.423958 0.573437 0.426042 0.573437 0.427083 0.574219 0.429167 0.574219 0.430208 0.575 0.43125 0.575 0.432292 0.575781 0.435417 0.575781 0.436458 0.576562 0.438542 0.576562 0.439583 0.577344 0.44375 0.577344 0.444792 0.578125 0.447917 0.578125 0.448958 0.578906 0.45625 0.578906 0.457292 0.579687 0.476042 0.579687 0.477083 0.578906 0.485417 0.578906 0.486458 0.578125 0.490625 0.578125 0.491667 0.577344 0.494792 0.577344 0.495833 0.576562 0.498958 0.576562 0.5 0.575781 0.502083 0.575781 0.503125 0.575 0.505208 0.575 0.50625 0.574219 0.507292 0.574219 0.508333 0.573437 0.510417 0.573437 0.511458 0.572656 0.513542 0.572656 0.516667 0.570312 0.51875 0.570312 0.519792 0.569531 0.520833 0.569531 0.522917 0.567969 0.523958 0.567969 0.526042 0.566406 0.527083 0.566406 0.530208 0.564062 0.53125 0.564062 0.535417 0.560937 0.536458 0.560937 0.539583 0.558594 0.539583 0.557812 0.542708 0.555469 0.54375 0.555469 0.546875 0.553125 0.546875 0.552344 0.547917 0.551562 0.547917 0.548437 0.545833 0.55 0.542708 0.55 0.5375 0.553906 0.536458 0.553906 0.53125 0.557812 0.530208 0.557812 0.527083 0.560156 0.525 0.560156 0.522917 0.561719 0.521875 0.561719 0.519792 0.563281 0.51875 0.563281 0.517708 0.564062 0.515625 0.564062 0.514583 0.564844 0.513542 0.564844 0.5125 0.565625 0.511458 0.565625 0.510417 0.566406 0.508333 0.566406 0.507292 0.567187 0.504167 0.567187 0.503125 0.567969 0.5 0.567969 0.498958 0.56875 0.496875 0.56875 0.495833 0.569531 0.49375 0.569531 0.492708 0.570312 0.484375 0.570312 0.483333 0.571094 0.480208 0.571094 0.479167 0.571875 0.471875 0.571875 0.470833 0.572656 0.463542 0.572656 0.4625 0.571875 0.45625 0.571875 0.455208 0.571094 0.45 0.571094 0.448958 0.570312 0.439583 0.570312 0.438542 0.569531 0.436458 0.569531 0.435417 0.56875 0.433333 0.56875 0.432292 0.567969 0.430208 0.567969 0.429167 0.567187 0.427083 0.567187 0.426042 0.566406 0.423958 0.566406 0.422917 0.565625 0.421875 0.565625 0.420833 0.564844 0.419792 0.564844 0.41875 0.564062 0.417708 0.564062 0.416667 0.563281 0.415625 0.563281 0.413542 0.561719 0.4125 0.561719 0.411458 0.560937 0.410417 0.560937 0.409375 0.560156 0.408333 0.560156 0.405208 0.557812 0.404167 0.557812 0.403125 0.557031 0.402083 0.557031 0.397917 0.553906 0.396875 0.553906 0.392708 0.550781 0.391667 0.550781 0.390625 0.55 0.390625 0.549219 0.389583 0.548437 0.389583 0.547656 0.388542 0.546875 0.3875 0.546875 0.386458 0.546094 0.386458 0.545312 0.384375 0.54375 0.383333 0.54375 0.382292 0.542969 0.382292 0.542187 0.38125 0.541406 0.38125 0.540625 0.380208 0.539844 0.932277
0 0.38125 0.55 0.38125 0.563281 0.382292 0.564062 0.382292 0.564844 0.383333 0.565625 0.383333 0.566406 0.3875 0.569531 0.3875 0.570312 0.389583 0.571875 0.389583 0.572656 0.390625 0.573437 0.390625 0.574219 0.403125 0.583594 0.404167 0.583594 0.405208 0.584375 0.40625 0.584375 0.410417 0.5875 0.411458 0.5875 0.4125 0.588281 0.413542 0.588281 0.414583 0.589062 0.415625 0.589062 0.416667 0.589844 0.417708 0.589844 0.41875 0.590625 0.420833 0.590625 0.422917 0.592187 0.423958 0.592187 0.426042 0.59375 0.428125 0.59375 0.429167 0.594531 0.432292 0.594531 0.433333 0.595312 0.435417 0.595312 0.436458 0.596094 0.438542 0.596094 0.439583 0.596875 0.441667 0.596875 0.442708 0.597656 0.448958 0.597656 0.45 0.598437 0.454167 0.598437 0.455208 0.599219 0.483333 0.599219 0.484375 0.598437 0.4875 0.598437 0.488542 0.597656 0.492708 0.597656 0.49375 0.596875 0.495833 0.596875 0.496875 0.596094 0.498958 0.596094 0.5 0.595312 0.502083 0.595312 0.503125 0.594531 0.505208 0.594531 0.50625 0.59375 0.508333 0.59375 0.509375 0.592969 0.510417 0.592969 0.5125 0.591406 0.513542 0.591406 0.515625 0.589844 0.516667 0.589844 0.517708 0.589062 0.51875 0.589062 0.519792 0.588281 0.520833 0.588281 0.522917 0.586719 0.523958 0.586719 0.525 0.585938 0.526042 0.585938 0.530208 0.582812 0.53125 0.582812 0.534375 0.580469 0.535417 0.580469 0.536458 0.579687 0.536458 0.578906 0.539583 0.576562 0.540625 0.576562 0.541667 0.575781 0.541667 0.575 0.542708 0.574219 0.54375 0.574219 0.544792 0.573437 0.546875 0.573437 0.546875 0.567187 0.546875 0.569531 0.54375 0.571875 0.542708 0.571875 0.541667 0.572656 0.540625 0.572656 0.536458 0.575781 0.535417 0.575781 0.533333 0.577344 0.532292 0.577344 0.528125 0.580469 0.527083 0.580469 0.526042 0.58125 0.523958 0.58125 0.520833 0.583594 0.519792 0.583594 0.51875 0.584375 0.516667 0.584375 0.5125 0.5875 0.511458 0.5875 0.510417 0.588281 0.507292 0.588281 0.50625 0.589062 0.505208 0.589062 0.504167 0.589844 0.502083 0.589844 0.501042 0.590625 0.494792 0.590625 0.49375 0.591406 0.488542 0.591406 0.4875 0.592187 0.482292 0.592187 0.48125 0.592969 0.461458 0.592969 0.460417 0.592187 0.447917 0.592187 0.446875 0.591406 0.44375 0.591406 0.442708 0.590625 0.440625 0.590625 0.439583 0.589844 0.4375 0.589844 0.436458 0.589062 0.433333 0.589062 0.432292 0.588281 0.430208 0.588281 0.429167 0.5875 0.428125 0.5875 0.427083 0.586719 0.426042 0.586719 0.425 0.585938 0.422917 0.585938 0.419792 0.583594 0.41875 0.583594 0.416667 0.582031 0.415625 0.582031 0.4125 0.579687 0.411458 0.579687 0.409375 0.578125 0.408333 0.578125 0.403125 0.574219 0.402083 0.574219 0.4 0.572656 0.4 0.571875 0.395833 0.56875 0.395833 0.567187 0.394792 0.566406 0.395833 0.565625 0.395833 0.564844 0.396875 0.564062 0.39375 0.561719 0.39375 0.560937 0.390625 0.558594 0.390625 0.557812 0.3875 0.555469 0.3875 0.554688 0.386458 0.553906 0.386458 0.553125 0.385417 0.552344 0.385417 0.550781 0.384375 0.55 0.915022
0 0.563542 0.476562 0.563542 0.476562 0.560417 0.478906 0.560417 0.479687 0.559375 0.480469 0.559375 0.48125 0.558333 0.482031 0.557292 0.482031 0.55625 0.482812 0.55625 0.483594 0.553125 0.485937 0.552083 0.485937 0.552083 0.486719 0.548958 0.489062 0.547917 0.489062 0.547917 0.489844 0.544792 0.492187 0.54375 0.492187 0.540625 0.494531 0.539583 0.494531 0.535417 0.497656 0.534375 0.497656 0.533333 0.498437 0.532292 0.498437 0.530208 0.5 0.529167 0.5 0.528125 0.500781 0.527083 0.500781 0.526042 0.501562 0.525 0.501562 0.523958 0.502344 0.522917 0.502344 0.520833 0.503906 0.51875 0.503906 0.517708 0.504687 0.515625 0.504687 0.514583 0.505469 0.513542 0.505469 0.5125 0.50625 0.510417 0.50625 0.509375 0.507031 0.507292 0.507031 0.50625 0.507812 0.502083 0.507812 0.501042 0.508594 0.497917 0.508594 0.496875 0.509375 0.492708 0.509375 0.491667 0.510156 0.486458 0.510156 0.485417 0.510937 0.45625 0.510937 0.455208 0.510156 0.45 0.510156 0.448958 0.509375 0.445833 0.509375 0.444792 0.508594 0.440625 0.508594 0.439583 0.507812 0.433333 0.507812 0.432292 0.507031 0.429167 0.507031 0.428125 0.50625 0.426042 0.50625 0.425 0.505469 0.423958 0.505469 0.422917 0.504687 0.421875 0.504687 0.420833 0.503906 0.41875 0.503906 0.417708 0.503125 0.415625 0.503125 0.413542 0.501562 0.4125 0.501562 0.411458 0.500781 0.410417 0.500781 0.409375 0.5 0.407292 0.5 0.404167 0.497656 0.403125 0.497656 0.398958 0.494531 0.397917 0.494531 0.396875 0.49375 0.395833 0.49375 0.392708 0.491406 0.391667 0.491406 0.384375 0.485937 0.383333 0.485937 0.380208 0.483594 0.380208 0.482812 0.379167 0.482812 0.377083 0.48125 0.377083 0.479687 0.376042 0.478906 0.375 0.478906 0.372917 0.477344 0.372917 0.476562 0.371875 0.475781 0.371875 0.474219 0.370833 0.473437 0.370833 0.472656 0.369792 0.471875 0.369792 0.470312 0.36875 0.469531 0.36875 0.466406 0.367708 0.465625 0.367708 0.464062 0.366667 0.463281 0.366667 0.460937 0.366667 0.478125 0.367708 0.478906 0.367708 0.480469 0.36875 0.48125 0.36875 0.482031 0.369792 0.482031 0.371875 0.483594 0.372917 0.483594 0.376042 0.485937 0.377083 0.485937 0.384375 0.491406 0.384375 0.492187 0.385417 0.492969 0.385417 0.49375 0.390625 0.497656 0.390625 0.498437 0.395833 0.502344 0.396875 0.502344 0.397917 0.503125 0.398958 0.503125 0.4 0.503906 0.401042 0.503906 0.403125 0.505469 0.404167 0.505469 0.407292 0.507812 0.408333 0.507812 0.409375 0.508594 0.4125 0.508594 0.413542 0.509375 0.414583 0.509375 0.416667 0.510937 0.417708 0.510937 0.41875 0.511719 0.421875 0.511719 0.422917 0.5125 0.423958 0.5125 0.426042 0.514062 0.427083 0.514062 0.428125 0.514844 0.435417 0.514844 0.436458 0.515625 0.438542 0.515625 0.439583 0.516406 0.440625 0.516406 0.441667 0.517188 0.490625 0.517188 0.491667 0.516406 0.492708 0.516406 0.49375 0.515625 0.495833 0.515625 0.496875 0.514844 0.501042 0.514844 0.502083 0.514062 0.50625 0.514062 0.508333 0.5125 0.509375 0.5125 0.510417 0.511719 0.517708 0.511719 0.51875 0.510937 0.519792 0.510937 0.520833 0.510156 0.521875 0.510156 0.522917 0.509375 0.523958 0.509375 0.525 0.508594 0.526042 0.508594 0.527083 0.507812 0.528125 0.507812 0.53125 0.505469 0.532292 0.505469 0.533333 0.504687 0.534375 0.504687 0.535417 0.503906 0.536458 0.503906 0.538542 0.502344 0.539583 0.502344 0.541667 0.500781 0.542708 0.500781 0.545833 0.498437 0.545833 0.497656 0.547917 0.496094 0.547917 0.495312 0.55625 0.489062 0.55625 0.488281 0.557292 0.4875 0.557292 0.486719 0.559375 0.485156 0.559375 0.484375 0.560417 0.483594 0.560417 0.48125 0.561458 0.480469 0.561458 0.479687 0.560417 0.478906 0.867509
0 0.367708 0.470312 0.367708 0.486719 0.369792 0.488281 0.369792 0.489062 0.370833 0.489844 0.370833 0.490625 0.371875 0.491406 0.371875 0.492187 0.372917 0.492969 0.373958 0.492969 0.378125 0.496094 0.378125 0.496875 0.38125 0.499219 0.38125 0.5 0.384375 0.502344 0.384375 0.503125 0.386458 0.504687 0.3875 0.504687 0.388542 0.505469 0.389583 0.505469 0.392708 0.507812 0.39375 0.507812 0.394792 0.508594 0.395833 0.508594 0.397917 0.510156 0.398958 0.510156 0.404167 0.514062 0.405208 0.514062 0.40625 0.514844 0.408333 0.514844 0.409375 0.515625 0.411458 0.515625 0.4125 0.516406 0.413542 0.516406 0.414583 0.517188 0.415625 0.517188 0.416667 0.517969 0.417708 0.517969 0.41875 0.51875 0.419792 0.51875 0.420833 0.519531 0.423958 0.519531 0.425 0.520312 0.427083 0.520312 0.428125 0.521094 0.429167 0.521094 0.430208 0.521875 0.432292 0.521875 0.433333 0.522656 0.438542 0.522656 0.439583 0.523438 0.44375 0.523438 0.444792 0.524219 0.45 0.524219 0.451042 0.525 0.478125 0.525 0.479167 0.524219 0.483333 0.524219 0.484375 0.523438 0.488542 0.523438 0.489583 0.522656 0.497917 0.522656 0.498958 0.521875 0.502083 0.521875 0.503125 0.521094 0.504167 0.521094 0.505208 0.520312 0.50625 0.520312 0.507292 0.519531 0.5125 0.519531 0.513542 0.51875 0.514583 0.51875 0.515625 0.517969 0.516667 0.517969 0.517708 0.517188 0.521875 0.517188 0.522917 0.516406 0.523958 0.517188 0.530208 0.517188 0.533333 0.514844 0.534375 0.514844 0.536458 0.513281 0.5375 0.513281 0.538542 0.5125 0.538542 0.511719 0.540625 0.510156 0.541667 0.510156 0.542708 0.509375 0.542708 0.508594 0.544792 0.507031 0.545833 0.507031 0.546875 0.50625 0.546875 0.505469 0.547917 0.504687 0.547917 0.503906 0.548958 0.503125 0.548958 0.502344 0.55 0.501562 0.551042 0.501562 0.551042 0.500781 0.552083 0.5 0.552083 0.499219 0.555208 0.496875 0.555208 0.496094 0.55625 0.495312 0.55625 0.49375 0.557292 0.492969 0.557292 0.492187 0.558333 0.491406 0.558333 0.484375 0.558333 0.485937 0.555208 0.488281 0.555208 0.489062 0.551042 0.492187 0.551042 0.492969 0.548958 0.494531 0.548958 0.495312 0.544792 0.498437 0.54375 0.498437 0.542708 0.499219 0.542708 0.5 0.541667 0.500781 0.540625 0.500781 0.5375 0.503125 0.536458 0.503125 0.535417 0.503906 0.534375 0.503906 0.53125 0.50625 0.530208 0.50625 0.528125 0.507812 0.527083 0.507812 0.526042 0.508594 0.525 0.508594 0.523958 0.509375 0.522917 0.509375 0.521875 0.510156 0.519792 0.510156 0.51875 0.510937 0.516667 0.510937 0.515625 0.511719 0.513542 0.511719 0.5125 0.5125 0.510417 0.5125 0.509375 0.513281 0.508333 0.513281 0.507292 0.514062 0.505208 0.514062 0.504167 0.514844 0.501042 0.514844 0.5 0.515625 0.496875 0.515625 0.495833 0.516406 0.492708 0.516406 0.491667 0.517188 0.488542 0.517188 0.4875 0.517969 0.482292 0.517969 0.48125 0.51875 0.460417 0.51875 0.459375 0.517969 0.451042 0.517969 0.45 0.517188 0.442708 0.517188 0.441667 0.516406 0.438542 0.516406 0.4375 0.515625 0.435417 0.515625 0.434375 0.514844 0.43125 0.514844 0.430208 0.514062 0.427083 0.514062 0.426042 0.513281 0.425 0.513281 0.423958 0.5125 0.421875 0.5125 0.420833 0.511719 0.419792 0.511719 0.41875 0.510937 0.417708 0.510937 0.416667 0.510156 0.414583 0.510156 0.413542 0.509375 0.4125 0.509375 0.410417 0.507812 0.409375 0.507812 0.408333 0.507031 0.407292 0.507031 0.405208 0.505469 0.404167 0.505469 0.402083 0.503906 0.4 0.503906 0.391667 0.497656 0.390625 0.497656 0.389583 0.496875 0.389583 0.496094 0.38125 0.489844 0.38125 0.489062 0.378125 0.486719 0.378125 0.485937 0.376042 0.484375 0.376042 0.483594 0.373958 0.482031 0.373958 0.48125 0.372917 0.480469 0.372917 0.479687 0.371875 0.478906 0.371875 0.478125 0.370833 0.477344 0.370833 0.475781 0.369792 0.475 0.369792 0.474219 0.36875 0.473437 0.36875 0.471875 0.367708 0.471094 0.856251
0 0.43125 0.48125 0.430208 0.48125 0.43125 0.48125 0.433333 0.478125 0.436458 0.478125 0.4375 0.478906 0.444792 0.478906 0.445833 0.479687 0.45 0.479687 0.451042 0.480469 0.45625 0.480469 0.457292 0.48125 0.482292 0.48125 0.483333 0.480469 0.488542 0.480469 0.489583 0.479687 0.49375 0.479687 0.494792 0.478906 0.496875 0.478906 0.497917 0.478125 0.5 0.478125 0.501042 0.477344 0.503125 0.477344 0.504167 0.476562 0.507292 0.476562 0.508333 0.475781 0.510417 0.475781 0.511458 0.475 0.513542 0.475 0.514583 0.474219 0.515625 0.474219 0.516667 0.473437 0.51875 0.473437 0.519792 0.472656 0.520833 0.472656 0.521875 0.471875 0.522917 0.471875 0.523958 0.471094 0.527083 0.471094 0.528125 0.470312 0.530208 0.470312 0.532292 0.46875 0.533333 0.46875 0.534375 0.467969 0.536458 0.467969 0.5375 0.467187 0.538542 0.467187 0.540625 0.465625 0.542708 0.465625 0.54375 0.464844 0.544792 0.464844 0.552083 0.459375 0.554167 0.459375 0.559375 0.455469 0.560417 0.455469 0.561458 0.454687 0.561458 0.453906 0.563542 0.452344 0.563542 0.451562 0.564583 0.450781 0.564583 0.449219 0.566667 0.447656 0.566667 0.446875 0.567708 0.446094 0.567708 0.445312 0.56875 0.444531 0.56875 0.44375 0.570833 0.442187 0.570833 0.439844 0.571875 0.439062 0.571875 0.4375 0.572917 0.436719 0.572917 0.433594 0.573958 0.432812 0.573958 0.432031 0.576042 0.430469 0.576042 0.425781 0.576042 0.426562 0.571875 0.429688 0.571875 0.436719 0.567708 0.439844 0.567708 0.440625 0.553125 0.451562 0.552083 0.451562 0.552083 0.452344 0.55 0.453906 0.548958 0.453906 0.544792 0.457031 0.54375 0.457031 0.539583 0.460156 0.538542 0.460156 0.5375 0.460937 0.535417 0.460937 0.535417 0.461719 0.534375 0.4625 0.533333 0.4625 0.532292 0.463281 0.53125 0.463281 0.530208 0.464062 0.528125 0.464062 0.527083 0.464844 0.526042 0.464844 0.525 0.465625 0.523958 0.465625 0.522917 0.466406 0.519792 0.466406 0.51875 0.467187 0.515625 0.467187 0.514583 0.467969 0.513542 0.467969 0.5125 0.46875 0.510417 0.46875 0.509375 0.469531 0.507292 0.469531 0.50625 0.470312 0.502083 0.470312 0.501042 0.471094 0.496875 0.471094 0.495833 0.471875 0.492708 0.471875 0.491667 0.472656 0.485417 0.472656 0.484375 0.473437 0.454167 0.473437 0.453125 0.472656 0.446875 0.472656 0.445833 0.471875 0.442708 0.471875 0.441667 0.471094 0.436458 0.471094 0.435417 0.470312 0.43125 0.470312 0.430208 0.469531 0.428125 0.469531 0.427083 0.46875 0.425 0.46875 0.423958 0.467969 0.422917 0.467969 0.421875 0.467187 0.419792 0.467187 0.41875 0.466406 0.415625 0.466406 0.414583 0.465625 0.413542 0.465625 0.4125 0.464844 0.411458 0.464844 0.410417 0.464062 0.409375 0.464062 0.408333 0.463281 0.40625 0.463281 0.405208 0.4625 0.404167 0.4625 0.403125 0.461719 0.402083 0.461719 0.401042 0.460937 0.4 0.460937 0.398958 0.460156 0.397917 0.460156 0.396875 0.459375 0.395833 0.459375 0.392708 0.457031 0.391667 0.457031 0.388542 0.454687 0.3875 0.454687 0.380208 0.449219 0.379167 0.449219 0.372917 0.444531 0.372917 0.44375 0.36875 0.440625 0.36875 0.439844 0.367708 0.439062 0.367708 0.438281 0.365625 0.436719 0.365625 0.435937 0.364583 0.435156 0.364583 0.433594 0.363542 0.432812 0.363542 0.432031 0.3625 0.43125 0.3625 0.430469 0.361458 0.429688 0.361458 0.428906 0.360417 0.428125 0.360417 0.425781 0.360417 0.4375 0.361458 0.438281 0.361458 0.439062 0.3625 0.439844 0.3625 0.440625 0.365625 0.442969 0.365625 0.44375 0.369792 0.446875 0.369792 0.447656 0.371875 0.449219 0.371875 0.45 0.375 0.452344 0.375 0.453125 0.377083 0.454687 0.377083 0.455469 0.385417 0.461719 0.385417 0.4625 0.386458 0.463281 0.3875 0.463281 0.389583 0.464844 0.390625 0.464844 0.392708 0.466406 0.395833 0.466406 0.397917 0.467969 0.402083 0.467969 0.404167 0.469531 0.405208 0.469531 0.407292 0.471094 0.411458 0.471094 0.413542 0.472656 0.415625 0.472656 0.416667 0.473437 0.41875 0.473437 0.420833 0.475 0.421875 0.475 0.423958 0.476562 0.427083 0.476562 0.428125 0.477344 0.432292 0.477344 0.433333 0.478125 0.81552
0 0.354167 0.359375 0.354167 0.360937 0.353125 0.361719 0.353125 0.363281 0.352083 0.364062 0.352083 0.367188 0.351042 0.367969 0.351042 0.369531 0.35 0.370312 0.35 0.372656 0.348958 0.373437 0.348958 0.383594 0.35 0.384375 0.35 0.394531 0.351042 0.395312 0.351042 0.396875 0.352083 0.397656 0.353125 0.397656 0.355208 0.399219 0.355208 0.404687 0.35625 0.405469 0.35625 0.407031 0.360417 0.410156 0.360417 0.410937 0.361458 0.411719 0.361458 0.4125 0.3625 0.413281 0.3625 0.414062 0.363542 0.414844 0.366667 0.414844 0.367708 0.415625 0.36875 0.415625 0.376042 0.421094 0.377083 0.421094 0.380208 0.423437 0.38125 0.423437 0.383333 0.425 0.383333 0.425781 0.384375 0.426562 0.385417 0.426562 0.386458 0.427344 0.3875 0.427344 0.390625 0.429688 0.391667 0.429688 0.392708 0.430469 0.39375 0.430469 0.394792 0.43125 0.395833 0.43125 0.397917 0.432812 0.398958 0.432812 0.4 0.433594 0.401042 0.433594 0.402083 0.434375 0.403125 0.434375 0.404167 0.435156 0.405208 0.435156 0.40625 0.435937 0.408333 0.435937 0.409375 0.436719 0.410417 0.436719 0.411458 0.4375 0.4125 0.4375 0.414583 0.439062 0.416667 0.439062 0.417708 0.439844 0.420833 0.439844 0.421875 0.440625 0.423958 0.440625 0.425 0.441406 0.426042 0.441406 0.427083 0.442187 0.430208 0.442187 0.43125 0.442969 0.435417 0.442969 0.436458 0.44375 0.440625 0.44375 0.441667 0.444531 0.444792 0.444531 0.445833 0.445312 0.454167 0.445312 0.455208 0.446094 0.483333 0.446094 0.484375 0.445312 0.491667 0.445312 0.492708 0.444531 0.497917 0.444531 0.498958 0.44375 0.504167 0.44375 0.505208 0.442969 0.507292 0.442969 0.508333 0.442187 0.511458 0.442187 0.5125 0.441406 0.514583 0.441406 0.515625 0.440625 0.517708 0.440625 0.51875 0.439844 0.520833 0.439844 0.521875 0.439062 0.523958 0.439062 0.525 0.438281 0.526042 0.438281 0.528125 0.436719 0.530208 0.436719 0.53125 0.435937 0.532292 0.435937 0.533333 0.435156 0.535417 0.435156 0.536458 0.434375 0.5375 0.434375 0.538542 0.433594 0.539583 0.433594 0.541667 0.432031 0.542708 0.432031 0.54375 0.43125 0.544792 0.43125 0.546875 0.429688 0.547917 0.429688 0.55 0.428125 0.551042 0.428125 0.552083 0.427344 0.553125 0.427344 0.554167 0.426562 0.554167 0.425781 0.55625 0.424219 0.557292 0.424219 0.558333 0.423437 0.558333 0.422656 0.561458 0.420312 0.560417 0.419531 0.559375 0.420312 0.559375 0.421094 0.557292 0.422656 0.554167 0.422656 0.553125 0.423437 0.552083 0.423437 0.55 0.425 0.548958 0.425 0.547917 0.425781 0.545833 0.425781 0.544792 0.426562 0.54375 0.426562 0.541667 0.428125 0.540625 0.428125 0.539583 0.428906 0.536458 0.428906 0.535417 0.429688 0.534375 0.429688 0.532292 0.43125 0.530208 0.43125 0.529167 0.432031 0.526042 0.432031 0.525 0.432812 0.523958 0.432812 0.522917 0.433594 0.521875 0.433594 0.520833 0.434375 0.517708 0.434375 0.516667 0.435156 0.511458 0.435156 0.510417 0.435937 0.508333 0.435937 0.507292 0.436719 0.504167 0.436719 0.503125 0.4375 0.464583 0.4375 0.463542 0.436719 0.455208 0.436719 0.454167 0.435937 0.451042 0.435937 0.45 0.435156 0.442708 0.435156 0.441667 0.434375 0.436458 0.434375 0.435417 0.433594 0.434375 0.433594 0.433333 0.432812 0.432292 0.432812 0.43125 0.432031 0.429167 0.432031 0.428125 0.43125 0.425 0.43125 0.423958 0.430469 0.422917 0.430469 0.421875 0.429688 0.420833 0.429688 0.419792 0.428906 0.416667 0.428906 0.415625 0.428125 0.414583 0.428125 0.413542 0.427344 0.4125 0.427344 0.410417 0.425781 0.409375 0.425781 0.408333 0.425 0.407292 0.425 0.40625 0.424219 0.405208 0.424219 0.404167 0.423437 0.403125 0.423437 0.402083 0.422656 0.4 0.422656 0.397917 0.421094 0.396875 0.421094 0.39375 0.41875 0.392708 0.41875 0.389583 0.416406 0.388542 0.416406 0.383333 0.4125 0.383333 0.411719 0.38125 0.410156 0.380208 0.410156 0.377083 0.407812 0.377083 0.407031 0.372917 0.403906 0.372917 0.403125 0.369792 0.400781 0.369792 0.4 0.36875 0.399219 0.36875 0.398438 0.366667 0.396875 0.366667 0.396094 0.365625 0.395312 0.365625 0.39375 0.364583 0.392969 0.364583 0.392187 0.363542 0.391406 0.363542 0.390625 0.3625 0.389844 0.3625 0.389062 0.361458 0.388281 0.361458 0.386719 0.360417 0.385937 0.360417 0.382812 0.359375 0.382031 0.359375 0.375 0.358333 0.374219 0.358333 0.36875 0.357292 0.367969 0.357292 0.365625 0.358333 0.364844 0.358333 0.359375 0.804715
0 0.363542 0.44375 0.363542 0.450781 0.364583 0.451562 0.365625 0.451562 0.366667 0.452344 0.366667 0.453125 0.367708 0.453906 0.367708 0.455469 0.36875 0.45625 0.36875 0.457031 0.370833 0.458594 0.370833 0.459375 0.371875 0.460156 0.371875 0.460937 0.372917 0.461719 0.372917 0.4625 0.377083 0.465625 0.377083 0.466406 0.38125 0.469531 0.38125 0.470312 0.382292 0.471094 0.383333 0.471094 0.386458 0.473437 0.389583 0.473437 0.39375 0.476562 0.394792 0.476562 0.397917 0.478906 0.398958 0.478906 0.4 0.479687 0.401042 0.479687 0.402083 0.480469 0.403125 0.480469 0.405208 0.482031 0.408333 0.482031 0.411458 0.484375 0.411458 0.485156 0.414583 0.485156 0.415625 0.485937 0.417708 0.485937 0.420833 0.488281 0.423958 0.488281 0.425 0.489062 0.428125 0.489062 0.43125 0.491406 0.439583 0.491406 0.440625 0.492187 0.444792 0.492187 0.445833 0.492969 0.448958 0.492969 0.45 0.49375 0.451042 0.49375 0.452083 0.494531 0.488542 0.494531 0.489583 0.49375 0.491667 0.49375 0.492708 0.492969 0.494792 0.492969 0.495833 0.492187 0.5 0.492187 0.501042 0.491406 0.507292 0.491406 0.508333 0.490625 0.509375 0.490625 0.510417 0.489844 0.511458 0.489844 0.5125 0.489062 0.514583 0.489062 0.515625 0.488281 0.517708 0.488281 0.51875 0.4875 0.519792 0.4875 0.520833 0.486719 0.521875 0.486719 0.522917 0.485937 0.525 0.485937 0.526042 0.485156 0.529167 0.485156 0.53125 0.483594 0.532292 0.483594 0.534375 0.482031 0.535417 0.482031 0.536458 0.48125 0.5375 0.48125 0.539583 0.479687 0.541667 0.479687 0.542708 0.478906 0.54375 0.478906 0.544792 0.478125 0.545833 0.478125 0.551042 0.474219 0.552083 0.474219 0.553125 0.473437 0.554167 0.473437 0.557292 0.471094 0.557292 0.470312 0.564583 0.464844 0.564583 0.464062 0.565625 0.463281 0.565625 0.4625 0.567708 0.460937 0.567708 0.460156 0.56875 0.459375 0.56875 0.457812 0.569792 0.457031 0.569792 0.45625 0.570833 0.455469 0.570833 0.454687 0.571875 0.453906 0.571875 0.453125 0.572917 0.452344 0.572917 0.44375 0.570833 0.44375 0.56875 0.445312 0.56875 0.448437 0.567708 0.449219 0.567708 0.45 0.566667 0.450781 0.566667 0.452344 0.565625 0.453125 0.565625 0.454687 0.563542 0.45625 0.563542 0.457812 0.5625 0.458594 0.5625 0.459375 0.561458 0.460156 0.560417 0.460156 0.560417 0.460937 0.559375 0.461719 0.559375 0.4625 0.557292 0.464062 0.55625 0.464062 0.55625 0.464844 0.553125 0.467187 0.552083 0.467187 0.551042 0.467969 0.551042 0.46875 0.548958 0.470312 0.547917 0.470312 0.547917 0.471094 0.546875 0.471875 0.545833 0.471875 0.544792 0.472656 0.542708 0.472656 0.541667 0.473437 0.540625 0.473437 0.538542 0.475 0.5375 0.475 0.536458 0.475781 0.535417 0.475781 0.534375 0.476562 0.533333 0.476562 0.53125 0.478125 0.530208 0.478125 0.529167 0.478906 0.528125 0.478906 0.527083 0.479687 0.525 0.479687 0.523958 0.480469 0.522917 0.480469 0.521875 0.48125 0.520833 0.48125 0.519792 0.482031 0.517708 0.482031 0.516667 0.482812 0.515625 0.482812 0.514583 0.483594 0.513542 0.483594 0.5125 0.484375 0.511458 0.484375 0.510417 0.485156 0.50625 0.485156 0.505208 0.485937 0.5 0.485937 0.498958 0.486719 0.496875 0.486719 0.495833 0.4875 0.49375 0.4875 0.492708 0.488281 0.484375 0.488281 0.483333 0.489062 0.457292 0.489062 0.45625 0.488281 0.448958 0.488281 0.447917 0.4875 0.444792 0.4875 0.44375 0.486719 0.441667 0.486719 0.440625 0.485937 0.435417 0.485937 0.434375 0.485156 0.430208 0.485156 0.429167 0.484375 0.428125 0.484375 0.426042 0.482812 0.422917 0.482812 0.421875 0.482031 0.419792 0.482031 0.41875 0.48125 0.416667 0.48125 0.414583 0.479687 0.413542 0.479687 0.4125 0.478906 0.411458 0.478906 0.410417 0.478125 0.408333 0.478125 0.405208 0.475781 0.403125 0.475781 0.4 0.473437 0.398958 0.473437 0.397917 0.472656 0.396875 0.472656 0.395833 0.471875 0.394792 0.471875 0.39375 0.471094 0.39375 0.470312 0.392708 0.469531 0.390625 0.469531 0.388542 0.467969 0.388542 0.467187 0.3875 0.467187 0.385417 0.465625 0.384375 0.465625 0.382292 0.464062 0.382292 0.463281 0.380208 0.461719 0.380208 0.460937 0.379167 0.460937 0.377083 0.459375 0.377083 0.458594 0.372917 0.455469 0.372917 0.453906 0.369792 0.451562 0.369792 0.450781 0.36875 0.45 0.36875 0.449219 0.367708 0.448437 0.367708 0.447656 0.364583 0.445312 0.364583 0.44375 0.75876
0 0.555208 0.540625 0.554167 0.541406 0.554167 0.546094 0.552083 0.547656 0.552083 0.548437 0.551042 0.549219 0.551042 0.55 0.55 0.550781 0.55 0.551562 0.553125 0.553906 0.553125 0.554688 0.551042 0.55625 0.551042 0.557031 0.55 0.557812 0.55 0.558594 0.546875 0.560937 0.546875 0.561719 0.54375 0.564062 0.542708 0.564062 0.542708 0.564844 0.536458 0.569531 0.535417 0.569531 0.53125 0.572656 0.530208 0.572656 0.527083 0.575 0.526042 0.575 0.525 0.575781 0.522917 0.575781 0.519792 0.578125 0.51875 0.578125 0.517708 0.578906 0.514583 0.578906 0.511458 0.58125 0.510417 0.58125 0.509375 0.582031 0.50625 0.582031 0.505208 0.582812 0.502083 0.582812 0.501042 0.583594 0.5 0.583594 0.498958 0.584375 0.496875 0.584375 0.495833 0.585156 0.489583 0.585156 0.488542 0.585938 0.483333 0.585938 0.482292 0.586719 0.477083 0.586719 0.476042 0.5875 0.465625 0.5875 0.464583 0.586719 0.459375 0.586719 0.458333 0.585938 0.455208 0.585938 0.454167 0.585156 0.44375 0.585156 0.442708 0.584375 0.440625 0.584375 0.439583 0.583594 0.438542 0.583594 0.4375 0.582812 0.436458 0.582812 0.435417 0.582031 0.43125 0.582031 0.430208 0.58125 0.429167 0.58125 0.426042 0.578906 0.425 0.578906 0.423958 0.578125 0.421875 0.578125 0.417708 0.575 0.414583 0.575 0.413542 0.574219 0.4125 0.574219 0.411458 0.573437 0.411458 0.572656 0.410417 0.571875 0.409375 0.571875 0.40625 0.569531 0.40625 0.56875 0.405208 0.56875 0.403125 0.567187 0.403125 0.566406 0.401042 0.564844 0.401042 0.564062 0.4 0.564062 0.398958 0.563281 0.397917 0.563281 0.394792 0.560937 0.394792 0.560156 0.386458 0.553906 0.386458 0.553125 0.385417 0.552344 0.385417 0.551562 0.383333 0.55 0.383333 0.559375 0.385417 0.560937 0.385417 0.561719 0.389583 0.564844 0.389583 0.565625 0.390625 0.566406 0.390625 0.567187 0.391667 0.567969 0.391667 0.56875 0.4 0.575 0.401042 0.575 0.405208 0.578125 0.40625 0.578125 0.410417 0.58125 0.411458 0.58125 0.4125 0.582031 0.413542 0.582031 0.414583 0.582812 0.415625 0.582812 0.416667 0.583594 0.41875 0.583594 0.419792 0.584375 0.420833 0.584375 0.421875 0.585156 0.422917 0.585156 0.425 0.586719 0.426042 0.586719 0.427083 0.5875 0.429167 0.5875 0.430208 0.588281 0.432292 0.588281 0.433333 0.589062 0.434375 0.589062 0.435417 0.589844 0.4375 0.589844 0.438542 0.590625 0.441667 0.590625 0.442708 0.591406 0.446875 0.591406 0.447917 0.592187 0.448958 0.592187 0.45 0.592969 0.452083 0.592969 0.453125 0.59375 0.483333 0.59375 0.484375 0.592969 0.4875 0.592969 0.488542 0.592187 0.489583 0.592187 0.490625 0.591406 0.495833 0.591406 0.496875 0.590625 0.5 0.590625 0.501042 0.589844 0.503125 0.589844 0.504167 0.589062 0.50625 0.589062 0.507292 0.588281 0.508333 0.588281 0.509375 0.5875 0.511458 0.5875 0.5125 0.586719 0.514583 0.586719 0.517708 0.584375 0.520833 0.584375 0.521875 0.583594 0.522917 0.583594 0.525 0.582031 0.526042 0.582031 0.527083 0.58125 0.528125 0.58125 0.529167 0.580469 0.530208 0.580469 0.534375 0.577344 0.535417 0.577344 0.538542 0.575 0.539583 0.575 0.548958 0.567969 0.55 0.567969 0.553125 0.565625 0.553125 0.564844 0.554167 0.564062 0.554167 0.563281 0.555208 0.5625 0.555208 0.561719 0.55625 0.560937 0.55625 0.560156 0.557292 0.559375 0.557292 0.55625 0.558333 0.555469 0.558333 0.540625 0.702955
0 0.555208 0.496094 0.548958 0.500781 0.547917 0.500781 0.546875 0.501562 0.546875 0.502344 0.544792 0.503906 0.54375 0.503906 0.5375 0.508594 0.536458 0.508594 0.534375 0.510156 0.532292 0.510156 0.529167 0.5125 0.528125 0.5125 0.527083 0.513281 0.526042 0.513281 0.522917 0.515625 0.520833 0.515625 0.519792 0.516406 0.517708 0.516406 0.516667 0.517188 0.514583 0.517188 0.5125 0.51875 0.511458 0.51875 0.510417 0.519531 0.507292 0.519531 0.50625 0.520312 0.505208 0.520312 0.504167 0.521094 0.503125 0.521094 0.502083 0.521875 0.5 0.521875 0.498958 0.522656 0.492708 0.522656 0.491667 0.523438 0.488542 0.523438 0.4875 0.524219 0.485417 0.524219 0.484375 0.525 0.48125 0.525 0.480208 0.525781 0.451042 0.525781 0.45 0.525 0.445833 0.525 0.444792 0.524219 0.44375 0.524219 0.442708 0.523438 0.439583 0.523438 0.438542 0.522656 0.432292 0.522656 0.43125 0.521875 0.429167 0.521875 0.428125 0.521094 0.427083 0.521094 0.426042 0.520312 0.423958 0.520312 0.422917 0.519531 0.419792 0.519531 0.41875 0.51875 0.416667 0.51875 0.414583 0.517188 0.413542 0.517188 0.4125 0.516406 0.410417 0.516406 0.409375 0.515625 0.408333 0.515625 0.405208 0.513281 0.404167 0.513281 0.401042 0.510937 0.4 0.510937 0.398958 0.510156 0.396875 0.510156 0.392708 0.507031 0.391667 0.507031 0.3875 0.503906 0.386458 0.503906 0.383333 0.501562 0.382292 0.501562 0.38125 0.500781 0.38125 0.503906 0.384375 0.50625 0.384375 0.507031 0.388542 0.510156 0.388542 0.510937 0.389583 0.510937 0.394792 0.514844 0.395833 0.514844 0.402083 0.519531 0.403125 0.519531 0.404167 0.520312 0.405208 0.520312 0.40625 0.521094 0.407292 0.521094 0.408333 0.521875 0.409375 0.521875 0.410417 0.522656 0.411458 0.522656 0.4125 0.523438 0.414583 0.523438 0.415625 0.524219 0.416667 0.524219 0.41875 0.525781 0.421875 0.525781 0.422917 0.526562 0.427083 0.526562 0.428125 0.527344 0.430208 0.527344 0.43125 0.528125 0.432292 0.528125 0.433333 0.528906 0.435417 0.528906 0.436458 0.529687 0.441667 0.529687 0.442708 0.530469 0.445833 0.530469 0.446875 0.53125 0.482292 0.53125 0.483333 0.530469 0.489583 0.530469 0.490625 0.529687 0.496875 0.529687 0.497917 0.528906 0.501042 0.528906 0.503125 0.527344 0.505208 0.527344 0.50625 0.526562 0.510417 0.526562 0.5125 0.525 0.513542 0.525 0.514583 0.524219 0.515625 0.524219 0.516667 0.523438 0.51875 0.523438 0.519792 0.522656 0.520833 0.522656 0.521875 0.521875 0.522917 0.521875 0.525 0.520312 0.526042 0.520312 0.527083 0.519531 0.528125 0.519531 0.530208 0.517969 0.53125 0.517969 0.533333 0.516406 0.534375 0.516406 0.5375 0.514062 0.538542 0.514062 0.539583 0.513281 0.539583 0.5125 0.541667 0.510937 0.542708 0.510937 0.54375 0.510156 0.54375 0.509375 0.545833 0.507812 0.546875 0.507812 0.547917 0.507031 0.547917 0.50625 0.55 0.504687 0.551042 0.504687 0.551042 0.503906 0.552083 0.503125 0.552083 0.502344 0.553125 0.501562 0.553125 0.5 0.555208 0.498437 0.612584
0 0.55625 0.511719 0.55625 0.5125 0.555208 0.513281 0.555208 0.514062 0.55625 0.514062 0.55625 0.511719 0.560417 0.507812 0.552083 0.517188 0.551042 0.517188 0.544792 0.521875 0.54375 0.521875 0.542708 0.522656 0.541667 0.522656 0.540625 0.523438 0.539583 0.523438 0.536458 0.525781 0.535417 0.525781 0.534375 0.526562 0.533333 0.526562 0.53125 0.528125 0.530208 0.528125 0.529167 0.528906 0.528125 0.528906 0.527083 0.529687 0.526042 0.529687 0.525 0.530469 0.523958 0.530469 0.522917 0.53125 0.521875 0.53125 0.520833 0.532031 0.51875 0.532031 0.517708 0.532812 0.516667 0.532812 0.515625 0.533594 0.514583 0.533594 0.513542 0.534375 0.5125 0.534375 0.511458 0.535156 0.508333 0.535156 0.507292 0.535937 0.504167 0.535937 0.503125 0.536719 0.501042 0.536719 0.5 0.5375 0.497917 0.5375 0.496875 0.538281 0.491667 0.538281 0.490625 0.539062 0.485417 0.539062 0.484375 0.539844 0.480208 0.539844 0.479167 0.540625 0.458333 0.540625 0.457292 0.539844 0.453125 0.539844 0.452083 0.539062 0.446875 0.539062 0.445833 0.538281 0.441667 0.538281 0.440625 0.5375 0.438542 0.5375 0.4375 0.536719 0.436458 0.536719 0.435417 0.535937 0.432292 0.535937 0.43125 0.535156 0.426042 0.535156 0.421875 0.532031 0.41875 0.532031 0.417708 0.53125 0.416667 0.53125 0.413542 0.528906 0.411458 0.528906 0.410417 0.528125 0.409375 0.528125 0.40625 0.525781 0.405208 0.525781 0.404167 0.525 0.403125 0.525 0.402083 0.524219 0.401042 0.524219 0.398958 0.522656 0.397917 0.522656 0.396875 0.521875 0.395833 0.521875 0.394792 0.521094 0.394792 0.520312 0.392708 0.51875 0.391667 0.51875 0.390625 0.517969 0.390625 0.517188 0.389583 0.516406 0.389583 0.515625 0.388542 0.515625 0.382292 0.510937 0.382292 0.510156 0.38125 0.509375 0.38125 0.507812 0.380208 0.507031 0.379167 0.507031 0.379167 0.511719 0.380208 0.5125 0.380208 0.513281 0.38125 0.514062 0.382292 0.514062 0.384375 0.515625 0.384375 0.516406 0.386458 0.517969 0.386458 0.51875 0.391667 0.522656 0.391667 0.523438 0.396875 0.527344 0.397917 0.527344 0.4 0.528906 0.4 0.529687 0.401042 0.530469 0.402083 0.530469 0.40625 0.533594 0.407292 0.533594 0.409375 0.535156 0.410417 0.535156 0.411458 0.535937 0.4125 0.535937 0.413542 0.536719 0.414583 0.536719 0.416667 0.538281 0.417708 0.538281 0.41875 0.539062 0.419792 0.539062 0.420833 0.539844 0.421875 0.539844 0.422917 0.540625 0.423958 0.540625 0.425 0.541406 0.426042 0.541406 0.427083 0.542187 0.429167 0.542187 0.430208 0.542969 0.432292 0.542969 0.433333 0.54375 0.435417 0.54375 0.436458 0.544531 0.4375 0.544531 0.438542 0.545312 0.44375 0.545312 0.444792 0.546094 0.45 0.546094 0.451042 0.546875 0.45625 0.546875 0.457292 0.547656 0.483333 0.547656 0.484375 0.546875 0.4875 0.546875 0.488542 0.546094 0.492708 0.546094 0.49375 0.545312 0.501042 0.545312 0.502083 0.544531 0.503125 0.544531 0.504167 0.54375 0.505208 0.54375 0.50625 0.542969 0.508333 0.542969 0.509375 0.542187 0.5125 0.542187 0.513542 0.541406 0.514583 0.541406 0.516667 0.539844 0.51875 0.539844 0.519792 0.539062 0.520833 0.539062 0.521875 0.538281 0.522917 0.538281 0.525 0.536719 0.526042 0.536719 0.527083 0.535937 0.528125 0.535937 0.529167 0.535156 0.530208 0.535156 0.532292 0.533594 0.533333 0.533594 0.536458 0.53125 0.5375 0.53125 0.539583 0.529687 0.540625 0.529687 0.547917 0.524219 0.547917 0.523438 0.548958 0.522656 0.548958 0.521875 0.55 0.521094 0.551042 0.521094 0.552083 0.520312 0.552083 0.517188 0.560417 0.507812 0.560417 0.507812 0.382179
