0 0.5375 0.430469 0.536458 0.43125 0.533333 0.43125 0.532292 0.432031 0.528125 0.432031 0.527083 0.432812 0.525 0.432812 0.523958 0.433594 0.521875 0.433594 0.520833 0.434375 0.51875 0.434375 0.517708 0.435156 0.514583 0.435156 0.513542 0.435937 0.5125 0.435937 0.511458 0.436719 0.509375 0.436719 0.508333 0.4375 0.50625 0.4375 0.504167 0.439062 0.503125 0.439062 0.502083 0.439844 0.5 0.439844 0.495833 0.442969 0.494792 0.442969 0.491667 0.445312 0.491667 0.467969 0.492708 0.46875 0.492708 0.469531 0.49375 0.470312 0.49375 0.471094 0.494792 0.471875 0.494792 0.472656 0.502083 0.478125 0.503125 0.478125 0.504167 0.478906 0.505208 0.478906 0.508333 0.48125 0.509375 0.48125 0.5125 0.483594 0.513542 0.483594 0.514583 0.484375 0.515625 0.484375 0.516667 0.485156 0.51875 0.485156 0.519792 0.485937 0.520833 0.485937 0.521875 0.486719 0.522917 0.486719 0.523958 0.4875 0.526042 0.4875 0.527083 0.488281 0.528125 0.488281 0.529167 0.489062 0.530208 0.489062 0.53125 0.489844 0.532292 0.489844 0.533333 0.490625 0.5375 0.490625 0.538542 0.491406 0.542708 0.491406 0.54375 0.492187 0.544792 0.492187 0.545833 0.492969 0.547917 0.492969 0.548958 0.49375 0.552083 0.49375 0.553125 0.494531 0.557292 0.494531 0.558333 0.495312 0.560417 0.495312 0.561458 0.496094 0.564583 0.496094 0.565625 0.496875 0.571875 0.496875 0.572917 0.497656 0.582292 0.497656 0.583333 0.498437 0.5875 0.498437 0.588542 0.499219 0.592708 0.499219 0.59375 0.5 0.605208 0.5 0.60625 0.500781 0.63125 0.500781 0.632292 0.501562 0.640625 0.501562 0.641667 0.500781 0.670833 0.500781 0.671875 0.5 0.683333 0.5 0.684375 0.499219 0.688542 0.499219 0.689583 0.498437 0.69375 0.498437 0.694792 0.497656 0.701042 0.497656 0.702083 0.496875 0.707292 0.496875 0.708333 0.496094 0.710417 0.496094 0.711458 0.495312 0.713542 0.495312 0.714583 0.494531 0.717708 0.494531 0.71875 0.49375 0.721875 0.49375 0.722917 0.492969 0.723958 0.492969 0.725 0.492187 0.726042 0.492187 0.727083 0.491406 0.729167 0.491406 0.730208 0.490625 0.732292 0.490625 0.733333 0.489844 0.734375 0.489844 0.735417 0.489062 0.736458 0.489062 0.7375 0.488281 0.738542 0.488281 0.739583 0.4875 0.740625 0.4875 0.74375 0.485156 0.744792 0.485156 0.745833 0.484375 0.746875 0.484375 0.75 0.482031 0.75 0.48125 0.754167 0.478125 0.754167 0.453125 0.751042 0.450781 0.751042 0.45 0.75 0.449219 0.748958 0.449219 0.745833 0.446875 0.744792 0.446875 0.742708 0.445312 0.741667 0.445312 0.740625 0.444531 0.739583 0.444531 0.7375 0.442969 0.736458 0.442969 0.735417 0.442187 0.734375 0.442187 0.732292 0.440625 0.73125 0.440625 0.730208 0.439844 0.729167 0.439844 0.728125 0.439062 0.727083 0.439062 0.726042 0.438281 0.722917 0.438281 0.721875 0.4375 0.720833 0.4375 0.719792 0.436719 0.71875 0.436719 0.717708 0.435937 0.713542 0.435937 0.7125 0.435156 0.710417 0.435156 0.709375 0.434375 0.708333 0.434375 0.707292 0.433594 0.704167 0.433594 0.703125 0.432812 0.697917 0.432812 0.696875 0.432031 0.69375 0.432031 0.692708 0.43125 0.691667 0.43125 0.690625 0.430469 0.983246
0 0.476042 0.267187 0.472917 0.269531 0.471875 0.269531 0.470833 0.270312 0.46875 0.270312 0.467708 0.271094 0.466667 0.271094 0.465625 0.271875 0.463542 0.271875 0.4625 0.272656 0.458333 0.272656 0.457292 0.273438 0.45 0.273438 0.448958 0.274219 0.442708 0.274219 0.441667 0.275 0.435417 0.275 0.434375 0.275781 0.425 0.275781 0.423958 0.276562 0.407292 0.276562 0.40625 0.277344 0.388542 0.277344 0.3875 0.278125 0.363542 0.278125 0.3625 0.278906 0.254167 0.278906 0.253125 0.278125 0.235417 0.278125 0.234375 0.277344 0.223958 0.277344 0.222917 0.276562 0.209375 0.276562 0.208333 0.275781 0.198958 0.275781 0.197917 0.275 0.192708 0.275 0.191667 0.274219 0.188542 0.274219 0.1875 0.273438 0.185417 0.273438 0.184375 0.272656 0.184375 0.284375 0.188542 0.2875 0.189583 0.2875 0.19375 0.290625 0.194792 0.290625 0.195833 0.291406 0.196875 0.291406 0.197917 0.292187 0.198958 0.292187 0.2 0.292969 0.202083 0.292969 0.203125 0.29375 0.20625 0.29375 0.207292 0.294531 0.214583 0.294531 0.215625 0.295312 0.222917 0.295312 0.223958 0.296094 0.229167 0.296094 0.230208 0.296875 0.235417 0.296875 0.236458 0.297656 0.251042 0.297656 0.252083 0.298437 0.269792 0.298437 0.270833 0.299219 0.288542 0.299219 0.289583 0.3 0.359375 0.3 0.360417 0.299219 0.379167 0.299219 0.380208 0.298437 0.395833 0.298437 0.396875 0.297656 0.4125 0.297656 0.413542 0.296875 0.423958 0.296875 0.425 0.296094 0.432292 0.296094 0.433333 0.295312 0.440625 0.295312 0.441667 0.294531 0.45 0.294531 0.451042 0.29375 0.454167 0.29375 0.455208 0.292969 0.458333 0.292969 0.459375 0.292187 0.4625 0.292187 0.463542 0.291406 0.46875 0.291406 0.469792 0.290625 0.470833 0.290625 0.471875 0.289844 0.472917 0.289844 0.473958 0.289062 0.475 0.289062 0.476042 0.288281 0.478125 0.288281 0.48125 0.285937 0.48125 0.285156 0.482292 0.284375 0.482292 0.283594 0.483333 0.282812 0.483333 0.274219 0.482292 0.273438 0.482292 0.270312 0.48125 0.269531 0.48125 0.267969 0.480208 0.267187 0.944236
0 0.480208 0.422656 0.480208 0.424219 0.479167 0.425 0.479167 0.425781 0.478125 0.426562 0.478125 0.427344 0.470833 0.432812 0.469792 0.432812 0.466667 0.435156 0.465625 0.435156 0.464583 0.435937 0.4625 0.435937 0.461458 0.436719 0.460417 0.436719 0.459375 0.4375 0.458333 0.4375 0.457292 0.438281 0.45625 0.438281 0.455208 0.439062 0.453125 0.439062 0.452083 0.439844 0.45 0.439844 0.448958 0.440625 0.447917 0.440625 0.446875 0.441406 0.444792 0.441406 0.44375 0.442187 0.439583 0.442187 0.438542 0.442969 0.435417 0.442969 0.434375 0.44375 0.432292 0.44375 0.43125 0.444531 0.429167 0.444531 0.428125 0.445312 0.422917 0.445312 0.421875 0.446094 0.41875 0.446094 0.417708 0.446875 0.414583 0.446875 0.413542 0.447656 0.410417 0.447656 0.409375 0.448437 0.394792 0.448437 0.39375 0.449219 0.3875 0.449219 0.386458 0.45 0.38125 0.45 0.380208 0.450781 0.371875 0.450781 0.370833 0.451562 0.290625 0.451562 0.289583 0.450781 0.282292 0.450781 0.28125 0.45 0.277083 0.45 0.276042 0.449219 0.270833 0.449219 0.269792 0.448437 0.260417 0.448437 0.259375 0.447656 0.255208 0.447656 0.254167 0.446875 0.252083 0.446875 0.251042 0.446094 0.247917 0.446094 0.246875 0.445312 0.241667 0.445312 0.240625 0.444531 0.238542 0.444531 0.2375 0.44375 0.236458 0.44375 0.235417 0.442969 0.233333 0.442969 0.232292 0.442187 0.230208 0.442187 0.229167 0.441406 0.227083 0.441406 0.226042 0.440625 0.225 0.440625 0.223958 0.439844 0.222917 0.439844 0.221875 0.439062 0.220833 0.439062 0.219792 0.438281 0.21875 0.438281 0.214583 0.435156 0.213542 0.435156 0.211458 0.433594 0.211458 0.446875 0.2125 0.447656 0.2125 0.448437 0.213542 0.448437 0.21875 0.452344 0.219792 0.452344 0.222917 0.454687 0.223958 0.454687 0.226042 0.45625 0.227083 0.45625 0.228125 0.457031 0.229167 0.457031 0.230208 0.457812 0.23125 0.457812 0.232292 0.458594 0.233333 0.458594 0.234375 0.459375 0.236458 0.459375 0.2375 0.460156 0.239583 0.460156 0.240625 0.460937 0.242708 0.460937 0.24375 0.461719 0.245833 0.461719 0.246875 0.4625 0.247917 0.4625 0.248958 0.463281 0.253125 0.463281 0.254167 0.464062 0.258333 0.464062 0.259375 0.464844 0.261458 0.464844 0.2625 0.465625 0.266667 0.465625 0.267708 0.466406 0.273958 0.466406 0.275 0.467187 0.280208 0.467187 0.28125 0.467969 0.286458 0.467969 0.2875 0.46875 0.29375 0.46875 0.294792 0.469531 0.369792 0.469531 0.370833 0.46875 0.378125 0.46875 0.379167 0.467969 0.384375 0.467969 0.385417 0.467187 0.391667 0.467187 0.392708 0.466406 0.404167 0.466406 0.405208 0.465625 0.410417 0.465625 0.411458 0.464844 0.414583 0.464844 0.415625 0.464062 0.419792 0.464062 0.420833 0.463281 0.426042 0.463281 0.427083 0.4625 0.429167 0.4625 0.430208 0.461719 0.432292 0.461719 0.433333 0.460937 0.436458 0.460937 0.4375 0.460156 0.440625 0.460156 0.441667 0.459375 0.44375 0.459375 0.444792 0.458594 0.445833 0.458594 0.446875 0.457812 0.448958 0.457812 0.45 0.457031 0.452083 0.457031 0.453125 0.45625 0.454167 0.45625 0.455208 0.455469 0.45625 0.455469 0.457292 0.454687 0.458333 0.454687 0.459375 0.453906 0.461458 0.453906 0.4625 0.453125 0.463542 0.453125 0.464583 0.452344 0.465625 0.452344 0.466667 0.451562 0.467708 0.451562 0.469792 0.45 0.470833 0.45 0.473958 0.447656 0.475 0.447656 0.482292 0.442187 0.482292 0.441406 0.483333 0.440625 0.483333 0.439062 0.484375 0.438281 0.484375 0.434375 0.483333 0.433594 0.483333 0.425 0.482292 0.424219 0.482292 0.422656 0.937025
0 0.477083 0.392969 0.470833 0.397656 0.469792 0.397656 0.46875 0.398438 0.467708 0.398438 0.465625 0.4 0.464583 0.4 0.463542 0.400781 0.461458 0.400781 0.460417 0.401562 0.459375 0.401562 0.458333 0.402344 0.457292 0.402344 0.45625 0.403125 0.455208 0.403125 0.454167 0.403906 0.451042 0.403906 0.45 0.404687 0.446875 0.404687 0.445833 0.405469 0.44375 0.405469 0.442708 0.40625 0.440625 0.40625 0.439583 0.407031 0.436458 0.407031 0.435417 0.407812 0.43125 0.407812 0.430208 0.408594 0.428125 0.408594 0.427083 0.409375 0.423958 0.409375 0.422917 0.410156 0.41875 0.410156 0.417708 0.410937 0.409375 0.410937 0.408333 0.411719 0.402083 0.411719 0.401042 0.4125 0.395833 0.4125 0.394792 0.413281 0.386458 0.413281 0.385417 0.414062 0.36875 0.414062 0.367708 0.414844 0.348958 0.414844 0.347917 0.415625 0.314583 0.415625 0.313542 0.414844 0.291667 0.414844 0.290625 0.414062 0.276042 0.414062 0.275 0.413281 0.26875 0.413281 0.267708 0.4125 0.2625 0.4125 0.261458 0.411719 0.25625 0.411719 0.255208 0.410937 0.25 0.410937 0.248958 0.410156 0.244792 0.410156 0.24375 0.409375 0.240625 0.409375 0.239583 0.408594 0.2375 0.408594 0.236458 0.407812 0.232292 0.407812 0.23125 0.407031 0.229167 0.407031 0.228125 0.40625 0.226042 0.40625 0.225 0.405469 0.223958 0.405469 0.222917 0.404687 0.220833 0.404687 0.219792 0.403906 0.217708 0.403906 0.215625 0.402344 0.214583 0.402344 0.2125 0.400781 0.211458 0.400781 0.20625 0.396875 0.20625 0.396094 0.203125 0.39375 0.203125 0.411719 0.211458 0.417969 0.2125 0.417969 0.214583 0.419531 0.215625 0.419531 0.216667 0.420312 0.217708 0.420312 0.21875 0.421094 0.219792 0.421094 0.220833 0.421875 0.221875 0.421875 0.222917 0.422656 0.226042 0.422656 0.227083 0.423437 0.229167 0.423437 0.230208 0.424219 0.23125 0.424219 0.232292 0.425 0.233333 0.425 0.234375 0.425781 0.239583 0.425781 0.240625 0.426562 0.24375 0.426562 0.244792 0.427344 0.246875 0.427344 0.247917 0.428125 0.251042 0.428125 0.252083 0.428906 0.261458 0.428906 0.2625 0.429688 0.266667 0.429688 0.267708 0.430469 0.271875 0.430469 0.272917 0.43125 0.280208 0.43125 0.28125 0.432031 0.302083 0.432031 0.303125 0.432812 0.344792 0.432812 0.345833 0.432031 0.373958 0.432031 0.375 0.43125 0.382292 0.43125 0.383333 0.430469 0.388542 0.430469 0.389583 0.429688 0.395833 0.429688 0.396875 0.428906 0.40625 0.428906 0.407292 0.428125 0.4125 0.428125 0.413542 0.427344 0.416667 0.427344 0.417708 0.426562 0.422917 0.426562 0.423958 0.425781 0.429167 0.425781 0.430208 0.425 0.432292 0.425 0.433333 0.424219 0.435417 0.424219 0.436458 0.423437 0.439583 0.423437 0.440625 0.422656 0.44375 0.422656 0.444792 0.421875 0.446875 0.421875 0.447917 0.421094 0.448958 0.421094 0.45 0.420312 0.452083 0.420312 0.453125 0.419531 0.455208 0.419531 0.45625 0.41875 0.457292 0.41875 0.458333 0.417969 0.459375 0.417969 0.460417 0.417187 0.461458 0.417187 0.4625 0.416406 0.463542 0.416406 0.464583 0.415625 0.465625 0.415625 0.466667 0.414844 0.467708 0.414844 0.46875 0.414062 0.469792 0.414062 0.473958 0.410937 0.475 0.410937 0.479167 0.407812 0.479167 0.405469 0.480208 0.404687 0.480208 0.396094 0.479167 0.395312 0.479167 0.39375 0.478125 0.39375 0.931228
0 0.477083 0.410156 0.476042 0.410937 0.476042 0.411719 0.472917 0.414062 0.471875 0.414062 0.471875 0.414844 0.48125 0.414844 0.48125 0.414062 0.480208 0.413281 0.480208 0.410937 0.479167 0.410937 0.478125 0.410156 0.477083 0.410156 0.46875 0.397656 0.469792 0.396875 0.470833 0.396875 0.478125 0.391406 0.478125 0.390625 0.479167 0.389844 0.479167 0.386719 0.480208 0.385937 0.480208 0.376562 0.479167 0.375781 0.479167 0.375 0.478125 0.374219 0.477083 0.374219 0.470833 0.378906 0.469792 0.378906 0.467708 0.380469 0.466667 0.380469 0.464583 0.382031 0.463542 0.382031 0.4625 0.382812 0.460417 0.382812 0.459375 0.383594 0.457292 0.383594 0.45625 0.384375 0.455208 0.384375 0.454167 0.385156 0.452083 0.385156 0.451042 0.385937 0.446875 0.385937 0.445833 0.386719 0.442708 0.386719 0.441667 0.3875 0.440625 0.3875 0.439583 0.388281 0.436458 0.388281 0.435417 0.389062 0.43125 0.389062 0.430208 0.389844 0.426042 0.389844 0.425 0.390625 0.421875 0.390625 0.420833 0.391406 0.416667 0.391406 0.415625 0.392187 0.405208 0.392187 0.404167 0.392969 0.396875 0.392969 0.395833 0.39375 0.390625 0.39375 0.389583 0.394531 0.379167 0.394531 0.378125 0.395312 0.286458 0.395312 0.285417 0.394531 0.276042 0.394531 0.275 0.39375 0.269792 0.39375 0.26875 0.392969 0.2625 0.392969 0.261458 0.392187 0.248958 0.392187 0.247917 0.391406 0.242708 0.391406 0.241667 0.390625 0.238542 0.390625 0.2375 0.389844 0.234375 0.389844 0.233333 0.389062 0.229167 0.389062 0.228125 0.388281 0.226042 0.388281 0.225 0.3875 0.223958 0.3875 0.222917 0.386719 0.220833 0.386719 0.219792 0.385937 0.216667 0.385937 0.215625 0.385156 0.213542 0.385156 0.211458 0.383594 0.210417 0.383594 0.209375 0.382812 0.208333 0.382812 0.205208 0.380469 0.204167 0.380469 0.204167 0.394531 0.211458 0.4 0.2125 0.4 0.214583 0.401562 0.215625 0.401562 0.217708 0.403125 0.219792 0.403125 0.220833 0.403906 0.222917 0.403906 0.223958 0.404687 0.225 0.404687 0.226042 0.405469 0.228125 0.405469 0.229167 0.40625 0.230208 0.40625 0.23125 0.407031 0.235417 0.407031 0.236458 0.407812 0.240625 0.407812 0.241667 0.408594 0.24375 0.408594 0.244792 0.409375 0.247917 0.409375 0.248958 0.410156 0.255208 0.410156 0.25625 0.410937 0.2625 0.410937 0.263542 0.411719 0.26875 0.411719 0.269792 0.4125 0.275 0.4125 0.276042 0.413281 0.2875 0.413281 0.288542 0.414062 0.315625 0.414062 0.316667 0.414844 0.344792 0.414844 0.345833 0.414062 0.367708 0.414062 0.36875 0.413281 0.383333 0.413281 0.384375 0.4125 0.390625 0.4125 0.391667 0.411719 0.397917 0.411719 0.398958 0.410937 0.407292 0.410937 0.408333 0.410156 0.416667 0.410156 0.417708 0.409375 0.420833 0.409375 0.421875 0.408594 0.425 0.408594 0.426042 0.407812 0.430208 0.407812 0.43125 0.407031 0.435417 0.407031 0.436458 0.40625 0.438542 0.40625 0.439583 0.405469 0.441667 0.405469 0.442708 0.404687 0.445833 0.404687 0.446875 0.403906 0.45 0.403906 0.451042 0.403125 0.453125 0.403125 0.454167 0.402344 0.455208 0.402344 0.45625 0.401562 0.457292 0.401562 0.458333 0.400781 0.460417 0.400781 0.461458 0.4 0.4625 0.4 0.463542 0.399219 0.464583 0.399219 0.465625 0.398438 0.466667 0.398438 0.467708 0.397656 0.46875 0.397656 0.930148
0 0.476042 0.394531 0.473958 0.396094 0.478125 0.396094 0.478125 0.395312 0.477083 0.394531 0.476042 0.394531 0.464583 0.380469 0.466667 0.378906 0.467708 0.378906 0.46875 0.378125 0.469792 0.378125 0.472917 0.375781 0.473958 0.375781 0.477083 0.373437 0.477083 0.372656 0.478125 0.371875 0.478125 0.371094 0.479167 0.370312 0.479167 0.3625 0.478125 0.361719 0.478125 0.360937 0.475 0.360937 0.473958 0.361719 0.472917 0.361719 0.471875 0.3625 0.470833 0.3625 0.469792 0.363281 0.46875 0.363281 0.467708 0.364062 0.465625 0.364062 0.464583 0.364844 0.463542 0.364844 0.4625 0.365625 0.461458 0.365625 0.460417 0.366406 0.458333 0.366406 0.457292 0.367188 0.454167 0.367188 0.453125 0.367969 0.451042 0.367969 0.45 0.36875 0.447917 0.36875 0.446875 0.369531 0.44375 0.369531 0.442708 0.370312 0.438542 0.370312 0.4375 0.371094 0.433333 0.371094 0.432292 0.371875 0.429167 0.371875 0.428125 0.372656 0.422917 0.372656 0.421875 0.373437 0.411458 0.373437 0.410417 0.374219 0.4 0.374219 0.398958 0.375 0.391667 0.375 0.390625 0.375781 0.38125 0.375781 0.380208 0.376562 0.358333 0.376562 0.357292 0.377344 0.304167 0.377344 0.303125 0.376562 0.28125 0.376562 0.280208 0.375781 0.271875 0.375781 0.270833 0.375 0.265625 0.375 0.264583 0.374219 0.257292 0.374219 0.25625 0.373437 0.245833 0.373437 0.244792 0.372656 0.240625 0.372656 0.239583 0.371875 0.236458 0.371875 0.235417 0.371094 0.232292 0.371094 0.23125 0.370312 0.226042 0.370312 0.225 0.369531 0.222917 0.369531 0.221875 0.36875 0.220833 0.36875 0.219792 0.367969 0.21875 0.367969 0.217708 0.367188 0.214583 0.367188 0.213542 0.366406 0.2125 0.366406 0.211458 0.365625 0.210417 0.365625 0.208333 0.364062 0.207292 0.364062 0.202083 0.360156 0.2 0.360156 0.198958 0.359375 0.198958 0.375781 0.204167 0.379687 0.205208 0.379687 0.208333 0.382031 0.209375 0.382031 0.210417 0.382812 0.211458 0.382812 0.2125 0.383594 0.213542 0.383594 0.214583 0.384375 0.216667 0.384375 0.217708 0.385156 0.220833 0.385156 0.221875 0.385937 0.223958 0.385937 0.225 0.386719 0.226042 0.386719 0.227083 0.3875 0.229167 0.3875 0.230208 0.388281 0.234375 0.388281 0.235417 0.389062 0.238542 0.389062 0.239583 0.389844 0.241667 0.389844 0.242708 0.390625 0.247917 0.390625 0.248958 0.391406 0.2625 0.391406 0.263542 0.392187 0.269792 0.392187 0.270833 0.392969 0.276042 0.392969 0.277083 0.39375 0.2875 0.39375 0.288542 0.394531 0.3625 0.394531 0.363542 0.39375 0.383333 0.39375 0.384375 0.392969 0.390625 0.392969 0.391667 0.392187 0.397917 0.392187 0.398958 0.391406 0.409375 0.391406 0.410417 0.390625 0.416667 0.390625 0.417708 0.389844 0.420833 0.389844 0.421875 0.389062 0.425 0.389062 0.426042 0.388281 0.43125 0.388281 0.432292 0.3875 0.435417 0.3875 0.436458 0.386719 0.438542 0.386719 0.439583 0.385937 0.441667 0.385937 0.442708 0.385156 0.447917 0.385156 0.448958 0.384375 0.452083 0.384375 0.453125 0.383594 0.454167 0.383594 0.455208 0.382812 0.457292 0.382812 0.458333 0.382031 0.459375 0.382031 0.460417 0.38125 0.4625 0.38125 0.463542 0.380469 0.464583 0.380469 0.921985
0 0.485417 0.45625 0.484375 0.457031 0.484375 0.457812 0.483333 0.458594 0.482292 0.458594 0.480208 0.460156 0.480208 0.460937 0.472917 0.466406 0.471875 0.466406 0.469792 0.467969 0.46875 0.467969 0.466667 0.469531 0.465625 0.469531 0.464583 0.470312 0.463542 0.470312 0.461458 0.471875 0.460417 0.471875 0.459375 0.472656 0.458333 0.472656 0.457292 0.473437 0.455208 0.473437 0.454167 0.474219 0.452083 0.474219 0.45 0.475781 0.447917 0.475781 0.446875 0.476562 0.44375 0.476562 0.442708 0.477344 0.441667 0.477344 0.440625 0.478125 0.438542 0.478125 0.4375 0.478906 0.436458 0.478906 0.435417 0.479687 0.430208 0.479687 0.429167 0.480469 0.427083 0.480469 0.426042 0.48125 0.425 0.48125 0.423958 0.482031 0.419792 0.482031 0.41875 0.482812 0.410417 0.482812 0.409375 0.483594 0.405208 0.483594 0.404167 0.484375 0.401042 0.484375 0.4 0.485156 0.39375 0.485156 0.392708 0.485937 0.380208 0.485937 0.379167 0.486719 0.373958 0.486719 0.372917 0.4875 0.365625 0.4875 0.364583 0.488281 0.310417 0.488281 0.309375 0.4875 0.302083 0.4875 0.301042 0.486719 0.294792 0.486719 0.29375 0.485937 0.279167 0.485937 0.278125 0.485156 0.272917 0.485156 0.271875 0.484375 0.269792 0.484375 0.26875 0.483594 0.265625 0.483594 0.264583 0.482812 0.259375 0.482812 0.258333 0.482031 0.255208 0.482031 0.254167 0.48125 0.253125 0.48125 0.252083 0.480469 0.25 0.480469 0.248958 0.479687 0.245833 0.479687 0.244792 0.478906 0.241667 0.478906 0.240625 0.478125 0.239583 0.478125 0.238542 0.477344 0.2375 0.477344 0.236458 0.476562 0.234375 0.476562 0.233333 0.475781 0.232292 0.475781 0.23125 0.475 0.230208 0.475 0.229167 0.474219 0.228125 0.474219 0.226042 0.472656 0.225 0.472656 0.221875 0.470312 0.220833 0.470312 0.217708 0.467969 0.216667 0.467969 0.216667 0.480469 0.227083 0.488281 0.228125 0.488281 0.230208 0.489844 0.23125 0.489844 0.233333 0.491406 0.234375 0.491406 0.235417 0.492187 0.236458 0.492187 0.238542 0.49375 0.239583 0.49375 0.240625 0.494531 0.242708 0.494531 0.24375 0.495312 0.245833 0.495312 0.246875 0.496094 0.247917 0.496094 0.248958 0.496875 0.251042 0.496875 0.252083 0.497656 0.255208 0.497656 0.25625 0.498437 0.258333 0.498437 0.259375 0.499219 0.261458 0.499219 0.2625 0.5 0.264583 0.5 0.265625 0.500781 0.270833 0.500781 0.271875 0.501562 0.276042 0.501562 0.277083 0.502344 0.280208 0.502344 0.28125 0.503125 0.286458 0.503125 0.2875 0.503906 0.297917 0.503906 0.298958 0.504687 0.308333 0.504687 0.309375 0.505469 0.321875 0.505469 0.322917 0.50625 0.35 0.50625 0.351042 0.505469 0.360417 0.505469 0.361458 0.504687 0.370833 0.504687 0.371875 0.503906 0.386458 0.503906 0.3875 0.503125 0.39375 0.503125 0.394792 0.502344 0.397917 0.502344 0.398958 0.501562 0.404167 0.501562 0.405208 0.500781 0.4125 0.500781 0.413542 0.5 0.416667 0.5 0.417708 0.499219 0.419792 0.499219 0.420833 0.498437 0.423958 0.498437 0.425 0.497656 0.430208 0.497656 0.43125 0.496875 0.433333 0.496875 0.434375 0.496094 0.435417 0.496094 0.436458 0.495312 0.438542 0.495312 0.439583 0.494531 0.442708 0.494531 0.44375 0.49375 0.444792 0.49375 0.445833 0.492969 0.447917 0.492969 0.448958 0.492187 0.45 0.492187 0.451042 0.491406 0.453125 0.491406 0.454167 0.490625 0.455208 0.490625 0.45625 0.489844 0.457292 0.489844 0.458333 0.489062 0.459375 0.489062 0.460417 0.488281 0.461458 0.488281 0.4625 0.4875 0.463542 0.4875 0.464583 0.486719 0.465625 0.486719 0.467708 0.485156 0.46875 0.485156 0.470833 0.483594 0.471875 0.483594 0.473958 0.482031 0.475 0.482031 0.48125 0.477344 0.482292 0.477344 0.483333 0.476562 0.483333 0.475781 0.484375 0.475 0.484375 0.474219 0.485417 0.473437 0.486458 0.473437 0.486458 0.472656 0.4875 0.471875 0.4875 0.459375 0.486458 0.458594 0.486458 0.457031 0.920203
0 0.480208 0.407812 0.478125 0.409375 0.477083 0.409375 0.46875 0.415625 0.467708 0.415625 0.466667 0.416406 0.465625 0.416406 0.464583 0.417187 0.463542 0.417187 0.461458 0.41875 0.460417 0.41875 0.459375 0.419531 0.457292 0.419531 0.45625 0.420312 0.454167 0.420312 0.453125 0.421094 0.452083 0.421094 0.451042 0.421875 0.45 0.421875 0.448958 0.422656 0.445833 0.422656 0.444792 0.423437 0.441667 0.423437 0.440625 0.424219 0.439583 0.424219 0.438542 0.425 0.436458 0.425 0.435417 0.425781 0.432292 0.425781 0.43125 0.426562 0.427083 0.426562 0.426042 0.427344 0.421875 0.427344 0.420833 0.428125 0.417708 0.428125 0.416667 0.428906 0.411458 0.428906 0.410417 0.429688 0.402083 0.429688 0.401042 0.430469 0.395833 0.430469 0.394792 0.43125 0.389583 0.43125 0.388542 0.432031 0.379167 0.432031 0.378125 0.432812 0.353125 0.432812 0.352083 0.433594 0.33125 0.433594 0.330208 0.434375 0.320833 0.434375 0.319792 0.433594 0.298958 0.433594 0.297917 0.432812 0.280208 0.432812 0.279167 0.432031 0.270833 0.432031 0.269792 0.43125 0.266667 0.43125 0.265625 0.430469 0.261458 0.430469 0.260417 0.429688 0.253125 0.429688 0.252083 0.428906 0.247917 0.428906 0.246875 0.428125 0.24375 0.428125 0.242708 0.427344 0.240625 0.427344 0.239583 0.426562 0.234375 0.426562 0.233333 0.425781 0.23125 0.425781 0.230208 0.425 0.229167 0.425 0.228125 0.424219 0.227083 0.424219 0.226042 0.423437 0.222917 0.423437 0.221875 0.422656 0.220833 0.422656 0.219792 0.421875 0.21875 0.421875 0.217708 0.421094 0.216667 0.421094 0.215625 0.420312 0.214583 0.420312 0.2125 0.41875 0.211458 0.41875 0.210417 0.417969 0.210417 0.417187 0.208333 0.417187 0.208333 0.429688 0.217708 0.436719 0.21875 0.436719 0.219792 0.4375 0.220833 0.4375 0.221875 0.438281 0.222917 0.438281 0.223958 0.439062 0.225 0.439062 0.226042 0.439844 0.227083 0.439844 0.228125 0.440625 0.229167 0.440625 0.230208 0.441406 0.233333 0.441406 0.234375 0.442187 0.235417 0.442187 0.236458 0.442969 0.2375 0.442969 0.238542 0.44375 0.240625 0.44375 0.241667 0.444531 0.246875 0.444531 0.247917 0.445312 0.251042 0.445312 0.252083 0.446094 0.254167 0.446094 0.255208 0.446875 0.259375 0.446875 0.260417 0.447656 0.269792 0.447656 0.270833 0.448437 0.275 0.448437 0.276042 0.449219 0.280208 0.449219 0.28125 0.45 0.2875 0.45 0.288542 0.450781 0.307292 0.450781 0.308333 0.451562 0.347917 0.451562 0.348958 0.450781 0.372917 0.450781 0.373958 0.45 0.38125 0.45 0.382292 0.449219 0.386458 0.449219 0.3875 0.448437 0.394792 0.448437 0.395833 0.447656 0.409375 0.447656 0.410417 0.446875 0.413542 0.446875 0.414583 0.446094 0.417708 0.446094 0.41875 0.445312 0.421875 0.445312 0.422917 0.444531 0.427083 0.444531 0.428125 0.44375 0.43125 0.44375 0.432292 0.442969 0.433333 0.442969 0.434375 0.442187 0.436458 0.442187 0.4375 0.441406 0.442708 0.441406 0.44375 0.440625 0.445833 0.440625 0.446875 0.439844 0.447917 0.439844 0.448958 0.439062 0.451042 0.439062 0.452083 0.438281 0.455208 0.438281 0.457292 0.436719 0.458333 0.436719 0.459375 0.435937 0.460417 0.435937 0.461458 0.435156 0.4625 0.435156 0.463542 0.434375 0.464583 0.434375 0.465625 0.433594 0.466667 0.433594 0.46875 0.432031 0.469792 0.432031 0.477083 0.426562 0.477083 0.425781 0.478125 0.425 0.478125 0.424219 0.479167 0.423437 0.479167 0.422656 0.480208 0.421875 0.480208 0.420312 0.48125 0.419531 0.48125 0.408594 0.91468
0 0.48125 0.444531 0.477083 0.447656 0.476042 0.447656 0.471875 0.450781 0.470833 0.450781 0.46875 0.452344 0.467708 0.452344 0.465625 0.453906 0.464583 0.453906 0.463542 0.454687 0.461458 0.454687 0.460417 0.455469 0.459375 0.455469 0.458333 0.45625 0.457292 0.45625 0.45625 0.457031 0.454167 0.457031 0.453125 0.457812 0.451042 0.457812 0.45 0.458594 0.448958 0.458594 0.447917 0.459375 0.446875 0.459375 0.445833 0.460156 0.44375 0.460156 0.442708 0.460937 0.439583 0.460937 0.438542 0.461719 0.435417 0.461719 0.434375 0.4625 0.432292 0.4625 0.43125 0.463281 0.428125 0.463281 0.427083 0.464062 0.421875 0.464062 0.420833 0.464844 0.417708 0.464844 0.416667 0.465625 0.413542 0.465625 0.4125 0.466406 0.40625 0.466406 0.405208 0.467187 0.395833 0.467187 0.394792 0.467969 0.388542 0.467969 0.3875 0.46875 0.382292 0.46875 0.38125 0.469531 0.371875 0.469531 0.370833 0.470312 0.295833 0.470312 0.294792 0.469531 0.285417 0.469531 0.284375 0.46875 0.280208 0.46875 0.279167 0.467969 0.275 0.467969 0.273958 0.467187 0.266667 0.467187 0.265625 0.466406 0.261458 0.466406 0.260417 0.465625 0.258333 0.465625 0.257292 0.464844 0.254167 0.464844 0.253125 0.464062 0.248958 0.464062 0.247917 0.463281 0.244792 0.463281 0.24375 0.4625 0.242708 0.4625 0.241667 0.461719 0.240625 0.461719 0.239583 0.460937 0.236458 0.460937 0.235417 0.460156 0.233333 0.460156 0.232292 0.459375 0.23125 0.459375 0.230208 0.458594 0.229167 0.458594 0.228125 0.457812 0.227083 0.457812 0.226042 0.457031 0.225 0.457031 0.221875 0.454687 0.220833 0.454687 0.219792 0.453906 0.21875 0.453906 0.214583 0.450781 0.214583 0.464062 0.215625 0.464844 0.215625 0.465625 0.217708 0.467187 0.21875 0.467187 0.221875 0.469531 0.222917 0.469531 0.227083 0.472656 0.228125 0.472656 0.229167 0.473437 0.23125 0.473437 0.233333 0.475 0.234375 0.475 0.235417 0.475781 0.2375 0.475781 0.238542 0.476562 0.240625 0.476562 0.241667 0.477344 0.242708 0.477344 0.24375 0.478125 0.244792 0.478125 0.245833 0.478906 0.25 0.478906 0.251042 0.479687 0.253125 0.479687 0.254167 0.480469 0.25625 0.480469 0.257292 0.48125 0.259375 0.48125 0.260417 0.482031 0.265625 0.482031 0.266667 0.482812 0.270833 0.482812 0.271875 0.483594 0.273958 0.483594 0.275 0.484375 0.279167 0.484375 0.280208 0.485156 0.294792 0.485156 0.295833 0.485937 0.304167 0.485937 0.305208 0.486719 0.313542 0.486719 0.314583 0.4875 0.355208 0.4875 0.35625 0.486719 0.366667 0.486719 0.367708 0.485937 0.375 0.485937 0.376042 0.485156 0.388542 0.485156 0.389583 0.484375 0.394792 0.484375 0.395833 0.483594 0.4 0.483594 0.401042 0.482812 0.40625 0.482812 0.407292 0.482031 0.416667 0.482031 0.417708 0.48125 0.419792 0.48125 0.420833 0.480469 0.422917 0.480469 0.423958 0.479687 0.427083 0.479687 0.428125 0.478906 0.433333 0.478906 0.434375 0.478125 0.436458 0.478125 0.4375 0.477344 0.438542 0.477344 0.439583 0.476562 0.441667 0.476562 0.442708 0.475781 0.445833 0.475781 0.446875 0.475 0.447917 0.475 0.448958 0.474219 0.45 0.474219 0.451042 0.473437 0.452083 0.473437 0.453125 0.472656 0.455208 0.472656 0.45625 0.471875 0.457292 0.471875 0.458333 0.471094 0.459375 0.471094 0.460417 0.470312 0.461458 0.470312 0.4625 0.469531 0.463542 0.469531 0.464583 0.46875 0.465625 0.46875 0.467708 0.467187 0.46875 0.467187 0.472917 0.464062 0.473958 0.464062 0.48125 0.458594 0.48125 0.457812 0.482292 0.457031 0.482292 0.45625 0.483333 0.455469 0.483333 0.454687 0.484375 0.453906 0.484375 0.446094 0.483333 0.445312 0.483333 0.444531 0.91332
0 0.192708 0.323437 0.192708 0.3375 0.195833 0.339844 0.196875 0.339844 0.198958 0.341406 0.198958 0.342187 0.2 0.342187 0.202083 0.34375 0.203125 0.34375 0.204167 0.344531 0.205208 0.344531 0.20625 0.345312 0.207292 0.345312 0.209375 0.346875 0.211458 0.346875 0.2125 0.347656 0.214583 0.347656 0.215625 0.348437 0.217708 0.348437 0.21875 0.349219 0.219792 0.349219 0.220833 0.35 0.223958 0.35 0.225 0.350781 0.230208 0.350781 0.23125 0.351562 0.235417 0.351562 0.236458 0.352344 0.239583 0.352344 0.240625 0.353125 0.245833 0.353125 0.246875 0.353906 0.258333 0.353906 0.259375 0.354687 0.265625 0.354687 0.266667 0.355469 0.271875 0.355469 0.272917 0.35625 0.284375 0.35625 0.285417 0.357031 0.355208 0.357031 0.35625 0.35625 0.377083 0.35625 0.378125 0.355469 0.386458 0.355469 0.3875 0.354687 0.396875 0.354687 0.397917 0.353906 0.4125 0.353906 0.413542 0.353125 0.419792 0.353125 0.420833 0.352344 0.423958 0.352344 0.425 0.351562 0.430208 0.351562 0.43125 0.350781 0.4375 0.350781 0.438542 0.35 0.44375 0.35 0.444792 0.349219 0.445833 0.349219 0.446875 0.348437 0.45 0.348437 0.451042 0.347656 0.455208 0.347656 0.45625 0.346875 0.459375 0.346875 0.460417 0.346094 0.461458 0.346094 0.4625 0.345312 0.463542 0.345312 0.464583 0.344531 0.467708 0.344531 0.469792 0.342969 0.470833 0.342969 0.472917 0.341406 0.473958 0.341406 0.475 0.340625 0.476042 0.340625 0.479167 0.338281 0.479167 0.3375 0.480208 0.336719 0.480208 0.335938 0.48125 0.335156 0.48125 0.325 0.478125 0.325 0.477083 0.325781 0.475 0.325781 0.473958 0.326562 0.472917 0.326562 0.471875 0.327344 0.470833 0.327344 0.469792 0.328125 0.46875 0.328125 0.467708 0.328906 0.465625 0.328906 0.464583 0.329687 0.460417 0.329687 0.459375 0.330469 0.458333 0.330469 0.457292 0.33125 0.45625 0.33125 0.455208 0.332031 0.45 0.332031 0.448958 0.332812 0.441667 0.332812 0.440625 0.333594 0.435417 0.333594 0.434375 0.334375 0.430208 0.334375 0.429167 0.335156 0.420833 0.335156 0.419792 0.335938 0.408333 0.335938 0.407292 0.336719 0.397917 0.336719 0.396875 0.3375 0.386458 0.3375 0.385417 0.338281 0.36875 0.338281 0.367708 0.339062 0.289583 0.339062 0.288542 0.338281 0.260417 0.338281 0.259375 0.3375 0.253125 0.3375 0.252083 0.336719 0.245833 0.336719 0.244792 0.335938 0.236458 0.335938 0.235417 0.335156 0.229167 0.335156 0.228125 0.334375 0.223958 0.334375 0.222917 0.333594 0.219792 0.333594 0.21875 0.332812 0.213542 0.332812 0.2125 0.332031 0.210417 0.332031 0.209375 0.33125 0.207292 0.33125 0.205208 0.329687 0.204167 0.329687 0.203125 0.328906 0.202083 0.328906 0.201042 0.328125 0.2 0.328125 0.197917 0.326562 0.196875 0.326562 0.195833 0.325781 0.194792 0.325781 0.192708 0.324219 0.906264
0 0.484375 0.475 0.484375 0.475781 0.48125 0.478125 0.480208 0.478125 0.478125 0.479687 0.478125 0.480469 0.475 0.482812 0.473958 0.482812 0.470833 0.485156 0.469792 0.485156 0.467708 0.486719 0.466667 0.486719 0.464583 0.488281 0.463542 0.488281 0.4625 0.489062 0.460417 0.489062 0.458333 0.490625 0.457292 0.490625 0.45625 0.491406 0.455208 0.491406 0.454167 0.492187 0.451042 0.492187 0.45 0.492969 0.448958 0.492969 0.447917 0.49375 0.446875 0.49375 0.445833 0.494531 0.444792 0.494531 0.44375 0.495312 0.439583 0.495312 0.438542 0.496094 0.4375 0.496094 0.436458 0.496875 0.435417 0.496875 0.434375 0.497656 0.432292 0.497656 0.43125 0.498437 0.425 0.498437 0.423958 0.499219 0.420833 0.499219 0.419792 0.5 0.41875 0.5 0.417708 0.500781 0.414583 0.500781 0.413542 0.501562 0.405208 0.501562 0.404167 0.502344 0.398958 0.502344 0.397917 0.503125 0.394792 0.503125 0.39375 0.503906 0.388542 0.503906 0.3875 0.504687 0.365625 0.504687 0.364583 0.505469 0.355208 0.505469 0.354167 0.50625 0.336458 0.50625 0.335417 0.507031 0.334375 0.507031 0.333333 0.50625 0.319792 0.50625 0.31875 0.505469 0.308333 0.505469 0.307292 0.504687 0.286458 0.504687 0.285417 0.503906 0.28125 0.503906 0.280208 0.503125 0.278125 0.503125 0.277083 0.502344 0.273958 0.502344 0.272917 0.501562 0.264583 0.501562 0.263542 0.500781 0.261458 0.500781 0.260417 0.5 0.259375 0.5 0.258333 0.499219 0.25625 0.499219 0.255208 0.498437 0.251042 0.498437 0.25 0.497656 0.247917 0.497656 0.246875 0.496875 0.245833 0.496875 0.244792 0.496094 0.24375 0.496094 0.242708 0.495312 0.240625 0.495312 0.239583 0.494531 0.238542 0.494531 0.2375 0.49375 0.236458 0.49375 0.234375 0.492187 0.233333 0.492187 0.232292 0.491406 0.23125 0.491406 0.230208 0.490625 0.229167 0.490625 0.226042 0.488281 0.225 0.488281 0.222917 0.486719 0.222917 0.485937 0.221875 0.485156 0.220833 0.485156 0.21875 0.483594 0.21875 0.482812 0.217708 0.482031 0.217708 0.498437 0.219792 0.5 0.219792 0.500781 0.222917 0.503125 0.223958 0.503125 0.230208 0.507812 0.23125 0.507812 0.233333 0.509375 0.234375 0.509375 0.236458 0.510937 0.2375 0.510937 0.238542 0.511719 0.239583 0.511719 0.241667 0.513281 0.242708 0.513281 0.24375 0.514062 0.245833 0.514062 0.246875 0.514844 0.247917 0.514844 0.248958 0.515625 0.25 0.515625 0.251042 0.516406 0.254167 0.516406 0.255208 0.517188 0.257292 0.517188 0.258333 0.517969 0.259375 0.517969 0.260417 0.51875 0.2625 0.51875 0.263542 0.519531 0.267708 0.519531 0.26875 0.520312 0.271875 0.520312 0.272917 0.521094 0.275 0.521094 0.276042 0.521875 0.279167 0.521875 0.280208 0.522656 0.286458 0.522656 0.2875 0.523438 0.29375 0.523438 0.294792 0.524219 0.297917 0.524219 0.298958 0.525 0.36875 0.525 0.369792 0.524219 0.376042 0.524219 0.377083 0.523438 0.384375 0.523438 0.385417 0.522656 0.394792 0.522656 0.395833 0.521875 0.401042 0.521875 0.402083 0.521094 0.404167 0.521094 0.405208 0.520312 0.410417 0.520312 0.411458 0.519531 0.415625 0.519531 0.416667 0.51875 0.41875 0.51875 0.419792 0.517969 0.420833 0.517969 0.421875 0.517188 0.425 0.517188 0.426042 0.516406 0.430208 0.516406 0.43125 0.515625 0.433333 0.515625 0.434375 0.514844 0.436458 0.514844 0.4375 0.514062 0.439583 0.514062 0.440625 0.513281 0.44375 0.513281 0.444792 0.5125 0.445833 0.5125 0.446875 0.511719 0.447917 0.511719 0.448958 0.510937 0.45 0.510937 0.451042 0.510156 0.453125 0.510156 0.454167 0.509375 0.455208 0.509375 0.45625 0.508594 0.458333 0.508594 0.460417 0.507031 0.461458 0.507031 0.4625 0.50625 0.463542 0.50625 0.464583 0.505469 0.465625 0.505469 0.467708 0.503906 0.46875 0.503906 0.469792 0.503125 0.470833 0.503125 0.472917 0.501562 0.473958 0.501562 0.483333 0.494531 0.483333 0.49375 0.485417 0.492187 0.485417 0.490625 0.486458 0.489844 0.486458 0.489062 0.4875 0.488281 0.4875 0.476562 0.486458 0.475781 0.486458 0.475 0.885478
0 0.157292 0.280469 0.157292 0.282812 0.161458 0.282812 0.159375 0.28125 0.158333 0.28125 0.157292 0.280469 0.157292 0.273438 0.158333 0.273438 0.1625 0.267969 0.163542 0.267969 0.164583 0.26875 0.167708 0.26875 0.169792 0.270312 0.170833 0.270312 0.171875 0.271094 0.173958 0.271094 0.175 0.271875 0.179167 0.271875 0.180208 0.272656 0.183333 0.272656 0.184375 0.273438 0.194792 0.273438 0.195833 0.274219 0.2 0.274219 0.201042 0.275 0.210417 0.275 0.211458 0.275781 0.225 0.275781 0.226042 0.276562 0.236458 0.276562 0.2375 0.277344 0.260417 0.277344 0.261458 0.278125 0.354167 0.278125 0.355208 0.277344 0.382292 0.277344 0.383333 0.276562 0.405208 0.276562 0.40625 0.275781 0.421875 0.275781 0.422917 0.275 0.430208 0.275 0.43125 0.274219 0.438542 0.274219 0.439583 0.273438 0.445833 0.273438 0.446875 0.272656 0.455208 0.272656 0.45625 0.271875 0.460417 0.271875 0.461458 0.271094 0.464583 0.271094 0.465625 0.270312 0.46875 0.270312 0.469792 0.269531 0.470833 0.269531 0.471875 0.26875 0.472917 0.26875 0.475 0.267187 0.476042 0.267187 0.478125 0.265625 0.478125 0.259375 0.477083 0.258594 0.477083 0.255469 0.476042 0.254688 0.476042 0.253906 0.475 0.253125 0.475 0.252344 0.472917 0.250781 0.471875 0.250781 0.470833 0.25 0.469792 0.25 0.46875 0.249219 0.466667 0.249219 0.465625 0.248437 0.464583 0.248437 0.463542 0.247656 0.207292 0.247656 0.20625 0.248437 0.2 0.248437 0.198958 0.249219 0.19375 0.249219 0.192708 0.25 0.189583 0.25 0.188542 0.250781 0.185417 0.250781 0.184375 0.251563 0.182292 0.251563 0.18125 0.252344 0.179167 0.252344 0.178125 0.253125 0.173958 0.253125 0.172917 0.253906 0.171875 0.253906 0.170833 0.253125 0.16875 0.253125 0.167708 0.252344 0.166667 0.252344 0.165625 0.251563 0.165625 0.250781 0.166667 0.25 0.167708 0.25 0.169792 0.248437 0.169792 0.247656 0.157292 0.247656 0.157292 0.263281 0.158333 0.263281 0.160417 0.264844 0.160417 0.265625 0.161458 0.266406 0.161458 0.267187 0.1625 0.267969 0.158333 0.273438 0.157292 0.273438 0.872097
0 0.480208 0.307031 0.479167 0.307812 0.477083 0.307812 0.476042 0.308594 0.475 0.308594 0.473958 0.309375 0.472917 0.309375 0.471875 0.310156 0.469792 0.310156 0.46875 0.310937 0.465625 0.310937 0.464583 0.311719 0.461458 0.311719 0.460417 0.3125 0.458333 0.3125 0.457292 0.313281 0.454167 0.313281 0.453125 0.314062 0.447917 0.314062 0.446875 0.314844 0.441667 0.314844 0.440625 0.315625 0.436458 0.315625 0.435417 0.316406 0.427083 0.316406 0.426042 0.317187 0.415625 0.317187 0.414583 0.317969 0.40625 0.317969 0.405208 0.31875 0.386458 0.31875 0.385417 0.319531 0.366667 0.319531 0.365625 0.320312 0.269792 0.320312 0.26875 0.319531 0.257292 0.319531 0.25625 0.31875 0.246875 0.31875 0.245833 0.317969 0.238542 0.317969 0.2375 0.317187 0.229167 0.317187 0.228125 0.316406 0.221875 0.316406 0.220833 0.315625 0.216667 0.315625 0.215625 0.314844 0.213542 0.314844 0.2125 0.314062 0.209375 0.314062 0.208333 0.313281 0.205208 0.313281 0.204167 0.3125 0.203125 0.3125 0.202083 0.311719 0.201042 0.311719 0.2 0.310937 0.198958 0.310937 0.197917 0.310156 0.196875 0.310156 0.195833 0.309375 0.194792 0.309375 0.19375 0.308594 0.19375 0.307812 0.19375 0.323437 0.194792 0.324219 0.195833 0.324219 0.198958 0.326562 0.2 0.326562 0.202083 0.328125 0.204167 0.328125 0.205208 0.328906 0.20625 0.328906 0.207292 0.329687 0.208333 0.329687 0.209375 0.330469 0.211458 0.330469 0.2125 0.33125 0.215625 0.33125 0.216667 0.332031 0.220833 0.332031 0.221875 0.332812 0.225 0.332812 0.226042 0.333594 0.23125 0.333594 0.232292 0.334375 0.238542 0.334375 0.239583 0.335156 0.248958 0.335156 0.25 0.335938 0.25625 0.335938 0.257292 0.336719 0.266667 0.336719 0.267708 0.3375 0.3 0.3375 0.301042 0.338281 0.352083 0.338281 0.353125 0.3375 0.377083 0.3375 0.378125 0.336719 0.388542 0.336719 0.389583 0.335938 0.4 0.335938 0.401042 0.335156 0.4125 0.335156 0.413542 0.334375 0.421875 0.334375 0.422917 0.333594 0.429167 0.333594 0.430208 0.332812 0.436458 0.332812 0.4375 0.332031 0.442708 0.332031 0.44375 0.33125 0.448958 0.33125 0.45 0.330469 0.454167 0.330469 0.455208 0.329687 0.457292 0.329687 0.458333 0.328906 0.461458 0.328906 0.4625 0.328125 0.465625 0.328125 0.466667 0.327344 0.46875 0.327344 0.469792 0.326562 0.470833 0.326562 0.471875 0.325781 0.472917 0.325781 0.473958 0.325 0.475 0.325 0.476042 0.324219 0.477083 0.324219 0.48125 0.321094 0.48125 0.320312 0.482292 0.319531 0.482292 0.309375 0.48125 0.308594 0.48125 0.307031 0.862476
0 0.48125 0.286719 0.479167 0.288281 0.478125 0.288281 0.476042 0.289844 0.475 0.289844 0.473958 0.290625 0.472917 0.290625 0.471875 0.291406 0.46875 0.291406 0.467708 0.292187 0.463542 0.292187 0.4625 0.292969 0.459375 0.292969 0.458333 0.29375 0.45625 0.29375 0.455208 0.294531 0.45 0.294531 0.448958 0.295312 0.439583 0.295312 0.438542 0.296094 0.432292 0.296094 0.43125 0.296875 0.422917 0.296875 0.421875 0.297656 0.409375 0.297656 0.408333 0.298437 0.390625 0.298437 0.389583 0.299219 0.376042 0.299219 0.375 0.3 0.347917 0.3 0.346875 0.300781 0.292708 0.300781 0.291667 0.3 0.273958 0.3 0.272917 0.299219 0.259375 0.299219 0.258333 0.298437 0.239583 0.298437 0.238542 0.297656 0.23125 0.297656 0.230208 0.296875 0.225 0.296875 0.223958 0.296094 0.217708 0.296094 0.216667 0.295312 0.208333 0.295312 0.207292 0.294531 0.204167 0.294531 0.203125 0.29375 0.201042 0.29375 0.2 0.292969 0.198958 0.292969 0.197917 0.292187 0.195833 0.292187 0.194792 0.291406 0.19375 0.291406 0.192708 0.290625 0.191667 0.291406 0.190625 0.291406 0.190625 0.292969 0.189583 0.29375 0.189583 0.3 0.190625 0.300781 0.190625 0.303125 0.191667 0.303906 0.191667 0.304688 0.196875 0.308594 0.197917 0.308594 0.2 0.310156 0.201042 0.310156 0.202083 0.310937 0.204167 0.310937 0.205208 0.311719 0.20625 0.311719 0.207292 0.3125 0.209375 0.3125 0.210417 0.313281 0.214583 0.313281 0.215625 0.314062 0.219792 0.314062 0.220833 0.314844 0.223958 0.314844 0.225 0.315625 0.23125 0.315625 0.232292 0.316406 0.240625 0.316406 0.241667 0.317187 0.251042 0.317187 0.252083 0.317969 0.261458 0.317969 0.2625 0.31875 0.273958 0.31875 0.275 0.319531 0.355208 0.319531 0.35625 0.31875 0.375 0.31875 0.376042 0.317969 0.394792 0.317969 0.395833 0.317187 0.4125 0.317187 0.413542 0.316406 0.423958 0.316406 0.425 0.315625 0.430208 0.315625 0.43125 0.314844 0.436458 0.314844 0.4375 0.314062 0.44375 0.314062 0.444792 0.313281 0.452083 0.313281 0.453125 0.3125 0.45625 0.3125 0.457292 0.311719 0.459375 0.311719 0.460417 0.310937 0.463542 0.310937 0.464583 0.310156 0.467708 0.310156 0.46875 0.309375 0.470833 0.309375 0.471875 0.308594 0.472917 0.308594 0.473958 0.307812 0.475 0.307812 0.476042 0.307031 0.478125 0.307031 0.479167 0.30625 0.480208 0.30625 0.48125 0.305469 0.48125 0.304688 0.482292 0.303906 0.482292 0.303125 0.483333 0.302344 0.483333 0.300781 0.484375 0.3 0.484375 0.292969 0.483333 0.292187 0.483333 0.289062 0.482292 0.288281 0.482292 0.2875 0.860931
0 0.49375 0.473437 0.49375 0.486719 0.494792 0.4875 0.494792 0.488281 0.502083 0.49375 0.503125 0.49375 0.504167 0.494531 0.505208 0.494531 0.50625 0.495312 0.507292 0.495312 0.509375 0.496875 0.510417 0.496875 0.5125 0.498437 0.513542 0.498437 0.514583 0.499219 0.515625 0.499219 0.516667 0.5 0.517708 0.5 0.51875 0.500781 0.519792 0.500781 0.520833 0.501562 0.521875 0.501562 0.522917 0.502344 0.523958 0.502344 0.526042 0.503906 0.528125 0.503906 0.529167 0.504687 0.530208 0.504687 0.53125 0.505469 0.532292 0.505469 0.534375 0.507031 0.539583 0.507031 0.540625 0.507812 0.542708 0.507812 0.54375 0.508594 0.544792 0.508594 0.545833 0.509375 0.546875 0.509375 0.547917 0.510156 0.551042 0.510156 0.552083 0.510937 0.554167 0.510937 0.555208 0.511719 0.557292 0.511719 0.558333 0.5125 0.560417 0.5125 0.561458 0.513281 0.566667 0.513281 0.567708 0.514062 0.573958 0.514062 0.575 0.514844 0.578125 0.514844 0.579167 0.515625 0.582292 0.515625 0.583333 0.516406 0.588542 0.516406 0.589583 0.517188 0.595833 0.517188 0.596875 0.517969 0.615625 0.517969 0.616667 0.51875 0.666667 0.51875 0.667708 0.517969 0.676042 0.517969 0.677083 0.517188 0.684375 0.517188 0.685417 0.516406 0.690625 0.516406 0.691667 0.515625 0.694792 0.515625 0.695833 0.514844 0.698958 0.514844 0.7 0.514062 0.705208 0.514062 0.70625 0.513281 0.710417 0.513281 0.711458 0.5125 0.713542 0.5125 0.714583 0.511719 0.715625 0.511719 0.716667 0.510937 0.717708 0.510937 0.71875 0.510156 0.720833 0.510156 0.721875 0.509375 0.722917 0.509375 0.723958 0.508594 0.725 0.508594 0.726042 0.507812 0.727083 0.507812 0.728125 0.507031 0.73125 0.507031 0.733333 0.505469 0.734375 0.505469 0.735417 0.504687 0.736458 0.504687 0.7375 0.503906 0.738542 0.503906 0.739583 0.503125 0.740625 0.503125 0.742708 0.501562 0.74375 0.501562 0.745833 0.5 0.746875 0.5 0.75 0.497656 0.75 0.496875 0.751042 0.496094 0.751042 0.495312 0.752083 0.494531 0.752083 0.49375 0.753125 0.492969 0.753125 0.491406 0.754167 0.490625 0.754167 0.48125 0.753125 0.48125 0.752083 0.480469 0.744792 0.485937 0.74375 0.485937 0.741667 0.4875 0.740625 0.4875 0.738542 0.489062 0.7375 0.489062 0.736458 0.489844 0.735417 0.489844 0.734375 0.490625 0.733333 0.490625 0.732292 0.491406 0.730208 0.491406 0.729167 0.492187 0.727083 0.492187 0.726042 0.492969 0.725 0.492969 0.723958 0.49375 0.722917 0.49375 0.721875 0.494531 0.71875 0.494531 0.717708 0.495312 0.714583 0.495312 0.713542 0.496094 0.711458 0.496094 0.710417 0.496875 0.708333 0.496875 0.707292 0.497656 0.702083 0.497656 0.701042 0.498437 0.694792 0.498437 0.69375 0.499219 0.690625 0.499219 0.689583 0.5 0.684375 0.5 0.683333 0.500781 0.670833 0.500781 0.669792 0.501562 0.641667 0.501562 0.640625 0.502344 0.63125 0.502344 0.630208 0.501562 0.607292 0.501562 0.60625 0.500781 0.594792 0.500781 0.59375 0.5 0.588542 0.5 0.5875 0.499219 0.582292 0.499219 0.58125 0.498437 0.570833 0.498437 0.569792 0.497656 0.564583 0.497656 0.563542 0.496875 0.561458 0.496875 0.560417 0.496094 0.557292 0.496094 0.55625 0.495312 0.553125 0.495312 0.552083 0.494531 0.548958 0.494531 0.547917 0.49375 0.545833 0.49375 0.544792 0.492969 0.542708 0.492969 0.541667 0.492187 0.5375 0.492187 0.536458 0.491406 0.534375 0.491406 0.533333 0.490625 0.532292 0.490625 0.53125 0.489844 0.530208 0.489844 0.529167 0.489062 0.528125 0.489062 0.527083 0.488281 0.525 0.488281 0.523958 0.4875 0.522917 0.4875 0.521875 0.486719 0.520833 0.486719 0.519792 0.485937 0.517708 0.485937 0.516667 0.485156 0.515625 0.485156 0.514583 0.484375 0.513542 0.484375 0.511458 0.482812 0.510417 0.482812 0.509375 0.482031 0.508333 0.482031 0.504167 0.478906 0.503125 0.478906 0.496875 0.474219 0.495833 0.474219 0.494792 0.473437 0.515223
0 0.49375 0.474219 0.49375 0.486719 0.494792 0.4875 0.494792 0.488281 0.502083 0.49375 0.503125 0.49375 0.504167 0.494531 0.505208 0.494531 0.50625 0.495312 0.507292 0.495312 0.509375 0.496875 0.510417 0.496875 0.5125 0.498437 0.513542 0.498437 0.514583 0.499219 0.515625 0.499219 0.516667 0.5 0.517708 0.5 0.51875 0.500781 0.519792 0.500781 0.520833 0.501562 0.521875 0.501562 0.523958 0.503125 0.525 0.503125 0.526042 0.503906 0.528125 0.503906 0.529167 0.504687 0.530208 0.504687 0.532292 0.50625 0.533333 0.50625 0.534375 0.507031 0.539583 0.507031 0.540625 0.507812 0.542708 0.507812 0.54375 0.508594 0.544792 0.508594 0.545833 0.509375 0.546875 0.509375 0.547917 0.510156 0.551042 0.510156 0.552083 0.510937 0.554167 0.510937 0.555208 0.511719 0.557292 0.511719 0.558333 0.5125 0.560417 0.5125 0.561458 0.513281 0.566667 0.513281 0.567708 0.514062 0.573958 0.514062 0.575 0.514844 0.578125 0.514844 0.579167 0.515625 0.582292 0.515625 0.583333 0.516406 0.588542 0.516406 0.589583 0.517188 0.595833 0.517188 0.596875 0.517969 0.615625 0.517969 0.616667 0.51875 0.666667 0.51875 0.667708 0.517969 0.676042 0.517969 0.677083 0.517188 0.684375 0.517188 0.685417 0.516406 0.690625 0.516406 0.691667 0.515625 0.695833 0.515625 0.696875 0.514844 0.698958 0.514844 0.7 0.514062 0.705208 0.514062 0.70625 0.513281 0.710417 0.513281 0.711458 0.5125 0.713542 0.5125 0.714583 0.511719 0.715625 0.511719 0.716667 0.510937 0.717708 0.510937 0.71875 0.510156 0.720833 0.510156 0.721875 0.509375 0.722917 0.509375 0.723958 0.508594 0.725 0.508594 0.726042 0.507812 0.727083 0.507812 0.728125 0.507031 0.73125 0.507031 0.733333 0.505469 0.734375 0.505469 0.735417 0.504687 0.736458 0.504687 0.7375 0.503906 0.738542 0.503906 0.739583 0.503125 0.740625 0.503125 0.742708 0.501562 0.74375 0.501562 0.745833 0.5 0.746875 0.5 0.75 0.497656 0.75 0.496875 0.751042 0.496094 0.751042 0.495312 0.752083 0.494531 0.752083 0.49375 0.753125 0.492969 0.753125 0.48125 0.752083 0.480469 0.744792 0.485937 0.74375 0.485937 0.741667 0.4875 0.740625 0.4875 0.739583 0.488281 0.738542 0.488281 0.736458 0.489844 0.735417 0.489844 0.734375 0.490625 0.733333 0.490625 0.732292 0.491406 0.730208 0.491406 0.729167 0.492187 0.727083 0.492187 0.726042 0.492969 0.725 0.492969 0.723958 0.49375 0.722917 0.49375 0.721875 0.494531 0.71875 0.494531 0.717708 0.495312 0.714583 0.495312 0.713542 0.496094 0.711458 0.496094 0.710417 0.496875 0.708333 0.496875 0.707292 0.497656 0.702083 0.497656 0.701042 0.498437 0.694792 0.498437 0.69375 0.499219 0.690625 0.499219 0.689583 0.5 0.684375 0.5 0.683333 0.500781 0.670833 0.500781 0.669792 0.501562 0.607292 0.501562 0.60625 0.500781 0.594792 0.500781 0.59375 0.5 0.588542 0.5 0.5875 0.499219 0.582292 0.499219 0.58125 0.498437 0.570833 0.498437 0.569792 0.497656 0.564583 0.497656 0.563542 0.496875 0.561458 0.496875 0.560417 0.496094 0.557292 0.496094 0.55625 0.495312 0.553125 0.495312 0.552083 0.494531 0.548958 0.494531 0.547917 0.49375 0.545833 0.49375 0.544792 0.492969 0.542708 0.492969 0.541667 0.492187 0.538542 0.492187 0.5375 0.491406 0.534375 0.491406 0.533333 0.490625 0.532292 0.490625 0.53125 0.489844 0.530208 0.489844 0.529167 0.489062 0.528125 0.489062 0.527083 0.488281 0.525 0.488281 0.523958 0.4875 0.522917 0.4875 0.521875 0.486719 0.520833 0.486719 0.519792 0.485937 0.517708 0.485937 0.516667 0.485156 0.515625 0.485156 0.514583 0.484375 0.513542 0.484375 0.511458 0.482812 0.510417 0.482812 0.509375 0.482031 0.508333 0.482031 0.505208 0.479687 0.504167 0.479687 0.496875 0.474219 0.334297
0 0.223958 0.246094 0.222917 0.246875 0.216667 0.246875 0.216667 0.275781 0.223958 0.275781 0.225 0.276562 0.235417 0.276562 0.236458 0.277344 0.257292 0.277344 0.258333 0.278125 0.355208 0.278125 0.35625 0.277344 0.383333 0.277344 0.384375 0.276562 0.405208 0.276562 0.40625 0.275781 0.422917 0.275781 0.423958 0.275 0.43125 0.275 0.432292 0.274219 0.438542 0.274219 0.439583 0.273438 0.446875 0.273438 0.447917 0.272656 0.455208 0.272656 0.45625 0.271875 0.461458 0.271875 0.4625 0.271094 0.464583 0.271094 0.465625 0.270312 0.46875 0.270312 0.469792 0.269531 0.470833 0.269531 0.471875 0.26875 0.472917 0.26875 0.475 0.267187 0.476042 0.267187 0.478125 0.265625 0.478125 0.260156 0.477083 0.259375 0.477083 0.25625 0.476042 0.255469 0.476042 0.253906 0.473958 0.252344 0.473958 0.251563 0.472917 0.251563 0.471875 0.250781 0.470833 0.250781 0.469792 0.25 0.46875 0.25 0.467708 0.249219 0.466667 0.249219 0.465625 0.248437 0.464583 0.248437 0.463542 0.247656 0.460417 0.247656 0.459375 0.246875 0.454167 0.246875 0.453125 0.246094 0.304076
