0 0.508333 0.159375 0.50625 0.160937 0.502083 0.160937 0.5 0.1625 0.49375 0.1625 0.491667 0.164062 0.489583 0.164062 0.4875 0.165625 0.485417 0.165625 0.483333 0.167187 0.48125 0.167187 0.479167 0.16875 0.477083 0.16875 0.475 0.170312 0.472917 0.170312 0.466667 0.175 0.464583 0.175 0.45 0.185937 0.45 0.1875 0.44375 0.192187 0.44375 0.19375 0.441667 0.195312 0.441667 0.196875 0.439583 0.198437 0.439583 0.2 0.4375 0.201562 0.4375 0.223437 0.439583 0.225 0.439583 0.23125 0.441667 0.232812 0.441667 0.2375 0.44375 0.239062 0.44375 0.240625 0.447917 0.24375 0.447917 0.245312 0.45 0.246875 0.45 0.248437 0.454167 0.251563 0.454167 0.253125 0.460417 0.257812 0.460417 0.259375 0.4625 0.259375 0.466667 0.2625 0.466667 0.264062 0.470833 0.267187 0.472917 0.267187 0.477083 0.270312 0.479167 0.270312 0.485417 0.275 0.489583 0.275 0.49375 0.278125 0.495833 0.278125 0.497917 0.279687 0.502083 0.279687 0.504167 0.28125 0.508333 0.28125 0.5125 0.284375 0.516667 0.284375 0.51875 0.285937 0.53125 0.285937 0.533333 0.2875 0.541667 0.2875 0.54375 0.289062 0.552083 0.289062 0.554167 0.290625 0.577083 0.290625 0.579167 0.289062 0.591667 0.289062 0.59375 0.2875 0.604167 0.2875 0.60625 0.285937 0.6125 0.285937 0.614583 0.284375 0.616667 0.284375 0.61875 0.282812 0.620833 0.282812 0.622917 0.28125 0.627083 0.28125 0.629167 0.279687 0.63125 0.279687 0.633333 0.278125 0.635417 0.278125 0.639583 0.275 0.641667 0.275 0.64375 0.273438 0.645833 0.273438 0.647917 0.271875 0.647917 0.270312 0.652083 0.267187 0.654167 0.267187 0.654167 0.265625 0.664583 0.257812 0.664583 0.25625 0.666667 0.254688 0.666667 0.253125 0.66875 0.251563 0.66875 0.25 0.672917 0.246875 0.672917 0.245312 0.675 0.24375 0.675 0.242187 0.677083 0.240625 0.677083 0.239062 0.679167 0.2375 0.679167 0.215625 0.677083 0.214062 0.677083 0.2125 0.675 0.210938 0.675 0.209375 0.672917 0.207812 0.672917 0.20625 0.670833 0.204687 0.670833 0.203125 0.66875 0.201562 0.66875 0.2 0.666667 0.198437 0.666667 0.196875 0.64375 0.179688 0.641667 0.179688 0.6375 0.176562 0.635417 0.176562 0.63125 0.173437 0.629167 0.173437 0.627083 0.171875 0.625 0.171875 0.620833 0.16875 0.616667 0.16875 0.614583 0.167187 0.6125 0.167187 0.610417 0.165625 0.608333 0.165625 0.60625 0.164062 0.602083 0.164062 0.6 0.1625 0.595833 0.1625 0.59375 0.160937 0.5875 0.160937 0.585417 0.159375 0.980341
0 0.627083 0.334375 0.627083 0.332812 0.627083 0.334375 0.41875 0.304688 0.420833 0.30625 0.420833 0.310937 0.422917 0.3125 0.422917 0.314062 0.425 0.315625 0.427083 0.315625 0.427083 0.317187 0.43125 0.320312 0.43125 0.321875 0.4375 0.326562 0.4375 0.328125 0.441667 0.33125 0.44375 0.33125 0.445833 0.332812 0.447917 0.332812 0.454167 0.3375 0.45625 0.3375 0.458333 0.339062 0.460417 0.339062 0.466667 0.34375 0.470833 0.34375 0.472917 0.345312 0.477083 0.345312 0.479167 0.346875 0.48125 0.346875 0.483333 0.348437 0.485417 0.348437 0.4875 0.35 0.491667 0.35 0.49375 0.351562 0.508333 0.351562 0.510417 0.353125 0.516667 0.353125 0.51875 0.354687 0.527083 0.354687 0.529167 0.35625 0.545833 0.35625 0.547917 0.354687 0.560417 0.354687 0.5625 0.353125 0.56875 0.353125 0.570833 0.351562 0.583333 0.351562 0.585417 0.35 0.591667 0.35 0.595833 0.346875 0.597917 0.346875 0.6 0.345312 0.60625 0.345312 0.6125 0.340625 0.6125 0.339062 0.4125 0.296875 0.4125 0.276562 0.4125 0.296875 0.6125 0.339062 0.616667 0.339062 0.61875 0.3375 0.620833 0.3375 0.620833 0.340625 0.61875 0.342187 0.616667 0.342187 0.614583 0.34375 0.614583 0.345312 0.6125 0.346875 0.608333 0.346875 0.60625 0.348437 0.602083 0.348437 0.595833 0.353125 0.59375 0.353125 0.591667 0.354687 0.579167 0.354687 0.577083 0.35625 0.575 0.35625 0.570833 0.359375 0.5625 0.359375 0.560417 0.360937 0.504167 0.360937 0.502083 0.359375 0.495833 0.359375 0.49375 0.357812 0.491667 0.357812 0.489583 0.35625 0.483333 0.35625 0.48125 0.354687 0.475 0.354687 0.472917 0.353125 0.470833 0.353125 0.46875 0.351562 0.466667 0.351562 0.464583 0.35 0.4625 0.35 0.460417 0.348437 0.458333 0.348437 0.45625 0.346875 0.454167 0.346875 0.447917 0.342187 0.445833 0.342187 0.427083 0.328125 0.427083 0.325 0.425 0.323437 0.425 0.321875 0.422917 0.320312 0.422917 0.31875 0.420833 0.317187 0.41875 0.317187 0.41875 0.314062 0.416667 0.3125 0.416667 0.304688 0.41875 0.303125 0.41875 0.304688 0.960744
0 0.602083 0.353125 0.604167 0.353125 0.604167 0.351562 0.602083 0.351562 0.602083 0.353125 0.595833 0.357812 0.577083 0.357812 0.572917 0.360937 0.56875 0.360937 0.566667 0.3625 0.560417 0.3625 0.558333 0.364062 0.510417 0.364062 0.508333 0.3625 0.497917 0.3625 0.495833 0.360937 0.49375 0.360937 0.491667 0.359375 0.489583 0.359375 0.4875 0.357812 0.477083 0.357812 0.475 0.35625 0.472917 0.35625 0.470833 0.354687 0.46875 0.354687 0.466667 0.353125 0.464583 0.353125 0.4625 0.351562 0.460417 0.351562 0.458333 0.35 0.45625 0.35 0.45 0.345312 0.447917 0.345312 0.445833 0.34375 0.44375 0.34375 0.429167 0.332812 0.429167 0.33125 0.422917 0.326562 0.422917 0.323437 0.420833 0.321875 0.420833 0.320312 0.416667 0.317187 0.416667 0.315625 0.414583 0.314062 0.414583 0.30625 0.4125 0.304688 0.4125 0.295312 0.410417 0.29375 0.410417 0.2875 0.4125 0.285937 0.4125 0.276562 0.410417 0.276562 0.410417 0.278125 0.408333 0.279687 0.408333 0.28125 0.40625 0.282812 0.40625 0.31875 0.408333 0.320312 0.408333 0.323437 0.414583 0.328125 0.414583 0.329687 0.416667 0.33125 0.416667 0.334375 0.439583 0.351562 0.441667 0.351562 0.445833 0.354687 0.447917 0.354687 0.45 0.35625 0.452083 0.35625 0.45625 0.359375 0.458333 0.359375 0.460417 0.360937 0.464583 0.360937 0.466667 0.3625 0.46875 0.3625 0.470833 0.364062 0.472917 0.364062 0.475 0.365625 0.48125 0.365625 0.483333 0.367188 0.489583 0.367188 0.491667 0.36875 0.497917 0.36875 0.5 0.370312 0.508333 0.370312 0.510417 0.371875 0.545833 0.371875 0.547917 0.370312 0.552083 0.370312 0.554167 0.36875 0.560417 0.36875 0.5625 0.367188 0.570833 0.367188 0.572917 0.365625 0.579167 0.365625 0.583333 0.3625 0.585417 0.3625 0.5875 0.360937 0.589583 0.360937 0.591667 0.359375 0.59375 0.359375 0.595833 0.357812 0.957327
0 0.420833 0.245312 0.41875 0.246875 0.41875 0.253125 0.416667 0.254688 0.416667 0.276562 0.420833 0.279687 0.420833 0.282812 0.422917 0.284375 0.422917 0.289062 0.425 0.290625 0.425 0.292187 0.427083 0.29375 0.427083 0.296875 0.43125 0.3 0.43125 0.301562 0.433333 0.303125 0.433333 0.304688 0.44375 0.3125 0.44375 0.314062 0.445833 0.315625 0.447917 0.315625 0.458333 0.323437 0.4625 0.323437 0.46875 0.328125 0.470833 0.328125 0.472917 0.329687 0.477083 0.329687 0.479167 0.33125 0.48125 0.33125 0.483333 0.332812 0.485417 0.332812 0.4875 0.334375 0.489583 0.334375 0.491667 0.335938 0.5 0.335938 0.502083 0.3375 0.508333 0.3375 0.510417 0.339062 0.514583 0.339062 0.516667 0.340625 0.525 0.340625 0.527083 0.342187 0.570833 0.342187 0.572917 0.340625 0.579167 0.340625 0.58125 0.339062 0.583333 0.339062 0.585417 0.3375 0.589583 0.3375 0.591667 0.335938 0.597917 0.335938 0.6 0.334375 0.604167 0.334375 0.60625 0.332812 0.608333 0.332812 0.610417 0.33125 0.6125 0.33125 0.614583 0.329687 0.616667 0.329687 0.61875 0.328125 0.620833 0.328125 0.627083 0.323437 0.629167 0.323437 0.633333 0.320312 0.633333 0.31875 0.635417 0.317187 0.6375 0.317187 0.645833 0.310937 0.645833 0.307812 0.654167 0.301562 0.654167 0.298437 0.65625 0.296875 0.65625 0.292187 0.658333 0.290625 0.658333 0.285937 0.660417 0.284375 0.660417 0.276562 0.660417 0.279687 0.65625 0.282812 0.654167 0.282812 0.65 0.285937 0.65 0.289062 0.647917 0.290625 0.647917 0.292187 0.64375 0.295312 0.64375 0.296875 0.622917 0.3125 0.620833 0.3125 0.61875 0.314062 0.616667 0.314062 0.610417 0.31875 0.60625 0.31875 0.604167 0.320312 0.6 0.320312 0.595833 0.323437 0.591667 0.323437 0.589583 0.325 0.577083 0.325 0.575 0.326562 0.560417 0.326562 0.558333 0.328125 0.533333 0.328125 0.53125 0.326562 0.51875 0.326562 0.516667 0.325 0.508333 0.325 0.50625 0.323437 0.502083 0.323437 0.5 0.321875 0.495833 0.321875 0.49375 0.320312 0.489583 0.320312 0.4875 0.31875 0.483333 0.31875 0.479167 0.315625 0.477083 0.315625 0.472917 0.3125 0.46875 0.3125 0.4625 0.307812 0.460417 0.307812 0.458333 0.30625 0.45625 0.30625 0.454167 0.304688 0.454167 0.303125 0.452083 0.301562 0.45 0.301562 0.445833 0.298437 0.445833 0.296875 0.4375 0.290625 0.4375 0.289062 0.433333 0.285937 0.433333 0.284375 0.43125 0.282812 0.43125 0.279687 0.429167 0.278125 0.429167 0.275 0.425 0.271875 0.425 0.267187 0.422917 0.265625 0.422917 0.254688 0.420833 0.253125 0.954974
0 0.414583 0.273438 0.414583 0.292187 0.416667 0.29375 0.416667 0.298437 0.41875 0.3 0.41875 0.303125 0.422917 0.30625 0.422917 0.309375 0.427083 0.3125 0.427083 0.314062 0.43125 0.317187 0.43125 0.31875 0.435417 0.321875 0.435417 0.323437 0.4375 0.323437 0.439583 0.325 0.439583 0.326562 0.44375 0.329687 0.445833 0.329687 0.452083 0.334375 0.454167 0.334375 0.45625 0.335938 0.458333 0.335938 0.4625 0.339062 0.464583 0.339062 0.46875 0.342187 0.472917 0.342187 0.475 0.34375 0.479167 0.34375 0.48125 0.345312 0.483333 0.345312 0.485417 0.346875 0.4875 0.346875 0.489583 0.348437 0.497917 0.348437 0.5 0.35 0.510417 0.35 0.5125 0.351562 0.516667 0.351562 0.51875 0.353125 0.529167 0.353125 0.53125 0.354687 0.545833 0.354687 0.547917 0.353125 0.560417 0.353125 0.5625 0.351562 0.566667 0.351562 0.56875 0.35 0.58125 0.35 0.583333 0.348437 0.5875 0.348437 0.589583 0.346875 0.591667 0.346875 0.59375 0.345312 0.595833 0.345312 0.597917 0.34375 0.602083 0.34375 0.604167 0.342187 0.60625 0.342187 0.608333 0.340625 0.610417 0.340625 0.610417 0.339062 0.6125 0.3375 0.614583 0.3375 0.616667 0.335938 0.61875 0.335938 0.620833 0.334375 0.622917 0.334375 0.625 0.332812 0.627083 0.332812 0.627083 0.33125 0.635417 0.325 0.635417 0.323437 0.6375 0.321875 0.6375 0.320312 0.635417 0.321875 0.635417 0.325 0.633333 0.326562 0.627083 0.326562 0.625 0.328125 0.625 0.329687 0.622917 0.33125 0.620833 0.33125 0.61875 0.332812 0.6125 0.332812 0.610417 0.334375 0.608333 0.334375 0.604167 0.3375 0.6 0.3375 0.597917 0.339062 0.5875 0.339062 0.585417 0.340625 0.583333 0.340625 0.58125 0.342187 0.577083 0.342187 0.575 0.34375 0.570833 0.34375 0.56875 0.345312 0.53125 0.345312 0.529167 0.34375 0.51875 0.34375 0.516667 0.342187 0.5125 0.342187 0.510417 0.340625 0.50625 0.340625 0.504167 0.339062 0.49375 0.339062 0.491667 0.3375 0.4875 0.3375 0.483333 0.334375 0.48125 0.334375 0.479167 0.332812 0.472917 0.332812 0.470833 0.33125 0.46875 0.33125 0.4625 0.326562 0.460417 0.326562 0.458333 0.325 0.45625 0.325 0.441667 0.314062 0.439583 0.314062 0.4375 0.3125 0.4375 0.310937 0.429167 0.304688 0.429167 0.301562 0.422917 0.296875 0.422917 0.295312 0.420833 0.29375 0.420833 0.285937 0.41875 0.284375 0.41875 0.28125 0.416667 0.279687 0.416667 0.278125 0.414583 0.276562 0.952446
0 0.64375 0.290625 0.64375 0.289062 0.64375 0.290625 0.639583 0.295312 0.6375 0.29375 0.635417 0.295312 0.633333 0.295312 0.63125 0.296875 0.629167 0.296875 0.625 0.3 0.622917 0.3 0.616667 0.304688 0.614583 0.304688 0.6125 0.30625 0.610417 0.30625 0.608333 0.307812 0.604167 0.307812 0.6 0.310937 0.597917 0.310937 0.595833 0.3125 0.589583 0.3125 0.5875 0.314062 0.525 0.314062 0.522917 0.3125 0.516667 0.3125 0.514583 0.310937 0.5125 0.310937 0.510417 0.309375 0.508333 0.309375 0.50625 0.307812 0.497917 0.307812 0.495833 0.30625 0.491667 0.30625 0.485417 0.301562 0.483333 0.301562 0.48125 0.3 0.477083 0.3 0.475 0.298437 0.472917 0.298437 0.466667 0.29375 0.464583 0.29375 0.447917 0.28125 0.447917 0.279687 0.44375 0.276562 0.44375 0.275 0.439583 0.271875 0.439583 0.26875 0.4375 0.267187 0.4375 0.2625 0.435417 0.260937 0.435417 0.257812 0.433333 0.25625 0.433333 0.253125 0.43125 0.251563 0.43125 0.246875 0.429167 0.245312 0.429167 0.239062 0.429167 0.273438 0.433333 0.276562 0.433333 0.279687 0.435417 0.28125 0.435417 0.284375 0.441667 0.289062 0.441667 0.290625 0.445833 0.29375 0.445833 0.295312 0.447917 0.296875 0.45 0.296875 0.454167 0.3 0.454167 0.301562 0.45625 0.303125 0.458333 0.303125 0.4625 0.30625 0.464583 0.30625 0.46875 0.309375 0.472917 0.309375 0.479167 0.314062 0.48125 0.314062 0.483333 0.315625 0.4875 0.315625 0.489583 0.317187 0.49375 0.317187 0.497917 0.320312 0.5 0.320312 0.502083 0.321875 0.510417 0.321875 0.5125 0.323437 0.522917 0.323437 0.525 0.325 0.533333 0.325 0.535417 0.326562 0.55625 0.326562 0.558333 0.325 0.56875 0.325 0.570833 0.323437 0.585417 0.323437 0.5875 0.321875 0.59375 0.321875 0.595833 0.320312 0.597917 0.320312 0.602083 0.317187 0.60625 0.317187 0.608333 0.315625 0.610417 0.315625 0.616667 0.310937 0.61875 0.310937 0.620833 0.309375 0.622917 0.309375 0.6375 0.298437 0.6375 0.296875 0.639583 0.295312 0.942668
0 0.66875 0.259375 0.670833 0.257812 0.670833 0.253125 0.66875 0.253125 0.66875 0.259375 0.664583 0.2625 0.660417 0.2625 0.660417 0.264062 0.658333 0.265625 0.658333 0.267187 0.65625 0.26875 0.654167 0.26875 0.65 0.271875 0.65 0.273438 0.647917 0.275 0.645833 0.275 0.64375 0.276562 0.641667 0.276562 0.639583 0.278125 0.6375 0.278125 0.633333 0.28125 0.63125 0.28125 0.629167 0.282812 0.625 0.282812 0.622917 0.284375 0.620833 0.284375 0.616667 0.2875 0.6125 0.2875 0.610417 0.289062 0.595833 0.289062 0.59375 0.290625 0.583333 0.290625 0.58125 0.292187 0.552083 0.292187 0.55 0.290625 0.54375 0.290625 0.541667 0.289062 0.529167 0.289062 0.527083 0.2875 0.516667 0.2875 0.514583 0.285937 0.5125 0.285937 0.510417 0.284375 0.508333 0.284375 0.50625 0.282812 0.502083 0.282812 0.5 0.28125 0.495833 0.28125 0.49375 0.279687 0.491667 0.279687 0.4875 0.276562 0.485417 0.276562 0.48125 0.273438 0.479167 0.273438 0.475 0.270312 0.472917 0.270312 0.454167 0.25625 0.454167 0.254688 0.447917 0.25 0.447917 0.248437 0.445833 0.246875 0.445833 0.24375 0.441667 0.24375 0.4375 0.240625 0.4375 0.225 0.4375 0.242187 0.439583 0.24375 0.439583 0.251563 0.441667 0.253125 0.441667 0.254688 0.44375 0.25625 0.44375 0.257812 0.445833 0.259375 0.445833 0.260937 0.447917 0.2625 0.447917 0.264062 0.46875 0.279687 0.470833 0.279687 0.477083 0.284375 0.479167 0.284375 0.48125 0.285937 0.483333 0.285937 0.4875 0.289062 0.489583 0.289062 0.491667 0.290625 0.49375 0.290625 0.495833 0.292187 0.5 0.292187 0.504167 0.295312 0.510417 0.295312 0.5125 0.296875 0.514583 0.296875 0.516667 0.298437 0.522917 0.298437 0.525 0.3 0.529167 0.3 0.53125 0.301562 0.535417 0.301562 0.5375 0.303125 0.545833 0.303125 0.547917 0.304688 0.577083 0.304688 0.579167 0.303125 0.5875 0.303125 0.589583 0.301562 0.595833 0.301562 0.597917 0.3 0.602083 0.3 0.604167 0.298437 0.608333 0.298437 0.610417 0.296875 0.616667 0.296875 0.61875 0.295312 0.620833 0.295312 0.622917 0.29375 0.625 0.29375 0.627083 0.292187 0.629167 0.292187 0.63125 0.290625 0.633333 0.290625 0.635417 0.289062 0.6375 0.289062 0.64375 0.284375 0.645833 0.284375 0.65625 0.276562 0.65625 0.275 0.6625 0.270312 0.6625 0.267187 0.664583 0.265625 0.664583 0.2625 0.942062
0 0.620833 0.296875 0.627083 0.296875 0.620833 0.296875 0.61875 0.3 0.610417 0.3 0.608333 0.301562 0.602083 0.301562 0.6 0.303125 0.589583 0.303125 0.5875 0.304688 0.5375 0.304688 0.535417 0.303125 0.527083 0.303125 0.525 0.301562 0.51875 0.301562 0.516667 0.3 0.514583 0.3 0.5125 0.298437 0.508333 0.298437 0.50625 0.296875 0.502083 0.296875 0.5 0.295312 0.497917 0.295312 0.495833 0.29375 0.491667 0.29375 0.4875 0.290625 0.485417 0.290625 0.483333 0.289062 0.48125 0.289062 0.472917 0.282812 0.470833 0.282812 0.46875 0.28125 0.466667 0.28125 0.445833 0.265625 0.445833 0.2625 0.44375 0.260937 0.44375 0.259375 0.439583 0.25625 0.439583 0.254688 0.4375 0.253125 0.4375 0.245312 0.435417 0.24375 0.435417 0.240625 0.433333 0.239062 0.433333 0.2375 0.433333 0.260937 0.435417 0.2625 0.435417 0.264062 0.4375 0.265625 0.4375 0.267187 0.439583 0.26875 0.439583 0.270312 0.441667 0.271875 0.441667 0.273438 0.44375 0.275 0.44375 0.276562 0.445833 0.278125 0.447917 0.278125 0.45 0.279687 0.45 0.28125 0.45625 0.285937 0.458333 0.285937 0.460417 0.2875 0.460417 0.289062 0.4625 0.290625 0.464583 0.290625 0.470833 0.295312 0.472917 0.295312 0.475 0.296875 0.477083 0.296875 0.479167 0.298437 0.48125 0.298437 0.483333 0.3 0.485417 0.3 0.489583 0.303125 0.491667 0.303125 0.49375 0.304688 0.5 0.304688 0.502083 0.30625 0.504167 0.30625 0.50625 0.307812 0.510417 0.307812 0.5125 0.309375 0.51875 0.309375 0.520833 0.310937 0.527083 0.310937 0.529167 0.3125 0.585417 0.3125 0.5875 0.310937 0.59375 0.310937 0.595833 0.309375 0.597917 0.309375 0.6 0.307812 0.602083 0.307812 0.60625 0.304688 0.610417 0.304688 0.6125 0.303125 0.616667 0.303125 0.61875 0.301562 0.61875 0.3 0.918442
0 0.427083 0.246875 0.427083 0.275 0.433333 0.279687 0.433333 0.282812 0.435417 0.284375 0.435417 0.285937 0.439583 0.289062 0.439583 0.290625 0.460417 0.30625 0.4625 0.30625 0.466667 0.309375 0.46875 0.309375 0.470833 0.310937 0.472917 0.310937 0.475 0.3125 0.477083 0.3125 0.48125 0.315625 0.483333 0.315625 0.485417 0.317187 0.491667 0.317187 0.49375 0.31875 0.495833 0.31875 0.497917 0.320312 0.5 0.320312 0.502083 0.321875 0.508333 0.321875 0.510417 0.323437 0.520833 0.323437 0.522917 0.325 0.533333 0.325 0.535417 0.326562 0.5375 0.326562 0.539583 0.328125 0.5375 0.329687 0.535417 0.329687 0.533333 0.33125 0.564583 0.33125 0.5625 0.33125 0.560417 0.329687 0.55625 0.329687 0.554167 0.328125 0.558333 0.325 0.566667 0.325 0.56875 0.323437 0.5875 0.323437 0.589583 0.321875 0.595833 0.321875 0.6 0.31875 0.602083 0.31875 0.604167 0.317187 0.608333 0.317187 0.610417 0.315625 0.6125 0.315625 0.61875 0.310937 0.620833 0.310937 0.627083 0.30625 0.629167 0.30625 0.635417 0.301562 0.635417 0.3 0.6375 0.298437 0.6375 0.295312 0.63125 0.3 0.627083 0.3 0.61875 0.30625 0.616667 0.30625 0.614583 0.307812 0.610417 0.307812 0.608333 0.309375 0.604167 0.309375 0.6 0.3125 0.597917 0.3125 0.595833 0.314062 0.5875 0.314062 0.585417 0.315625 0.53125 0.315625 0.529167 0.314062 0.516667 0.314062 0.514583 0.3125 0.5125 0.3125 0.510417 0.310937 0.508333 0.310937 0.50625 0.309375 0.5 0.309375 0.497917 0.307812 0.491667 0.307812 0.485417 0.303125 0.48125 0.303125 0.479167 0.301562 0.475 0.301562 0.466667 0.295312 0.464583 0.295312 0.454167 0.2875 0.452083 0.2875 0.445833 0.282812 0.445833 0.28125 0.4375 0.275 0.4375 0.273438 0.435417 0.271875 0.435417 0.270312 0.43125 0.267187 0.43125 0.264062 0.429167 0.2625 0.429167 0.246875 0.0276843
0 0.4375 0.240625 0.4375 0.259375 0.441667 0.2625 0.441667 0.264062 0.44375 0.265625 0.44375 0.267187 0.445833 0.26875 0.445833 0.270312 0.45 0.273438 0.452083 0.273438 0.454167 0.275 0.45625 0.275 0.458333 0.276562 0.458333 0.278125 0.466667 0.284375 0.466667 0.285937 0.46875 0.2875 0.46875 0.289062 0.475 0.289062 0.479167 0.292187 0.479167 0.295312 0.4875 0.295312 0.49375 0.3 0.49375 0.301562 0.50625 0.301562 0.5125 0.30625 0.5125 0.307812 0.514583 0.307812 0.516667 0.309375 0.525 0.309375 0.527083 0.310937 0.585417 0.310937 0.5875 0.309375 0.595833 0.309375 0.602083 0.304688 0.604167 0.304688 0.60625 0.303125 0.610417 0.303125 0.6125 0.301562 0.614583 0.301562 0.614583 0.3 0.616667 0.298437 0.61875 0.298437 0.620833 0.296875 0.622917 0.296875 0.625 0.295312 0.627083 0.295312 0.629167 0.29375 0.629167 0.292187 0.63125 0.290625 0.635417 0.290625 0.641667 0.285937 0.64375 0.285937 0.647917 0.282812 0.647917 0.28125 0.65 0.279687 0.652083 0.279687 0.654167 0.278125 0.654167 0.271875 0.654167 0.273438 0.647917 0.278125 0.645833 0.278125 0.639583 0.282812 0.6375 0.282812 0.635417 0.284375 0.63125 0.284375 0.625 0.289062 0.620833 0.289062 0.61875 0.290625 0.614583 0.290625 0.614583 0.292187 0.6125 0.29375 0.6125 0.295312 0.608333 0.298437 0.59375 0.298437 0.591667 0.296875 0.5875 0.296875 0.585417 0.295312 0.547917 0.295312 0.545833 0.29375 0.539583 0.29375 0.5375 0.292187 0.535417 0.292187 0.533333 0.290625 0.522917 0.290625 0.520833 0.289062 0.510417 0.289062 0.50625 0.285937 0.50625 0.284375 0.497917 0.284375 0.495833 0.282812 0.491667 0.282812 0.485417 0.278125 0.483333 0.278125 0.48125 0.276562 0.479167 0.276562 0.472917 0.271875 0.470833 0.271875 0.4625 0.265625 0.4625 0.264062 0.460417 0.2625 0.458333 0.2625 0.454167 0.259375 0.454167 0.257812 0.452083 0.25625 0.452083 0.254688 0.445833 0.25 0.445833 0.248437 0.44375 0.246875 0.44375 0.245312 0.0105155
0 0.429167 0.24375 0.429167 0.271875 0.43125 0.273438 0.43125 0.275 0.433333 0.276562 0.433333 0.278125 0.435417 0.279687 0.435417 0.284375 0.439583 0.2875 0.439583 0.289062 0.460417 0.304688 0.4625 0.304688 0.466667 0.307812 0.46875 0.307812 0.470833 0.309375 0.472917 0.309375 0.475 0.310937 0.477083 0.310937 0.483333 0.315625 0.489583 0.315625 0.491667 0.317187 0.495833 0.317187 0.5 0.320312 0.597917 0.320312 0.602083 0.317187 0.604167 0.317187 0.60625 0.315625 0.610417 0.315625 0.61875 0.309375 0.620833 0.309375 0.627083 0.304688 0.629167 0.304688 0.633333 0.301562 0.633333 0.3 0.635417 0.298437 0.6375 0.298437 0.6375 0.296875 0.639583 0.295312 0.639583 0.29375 0.641667 0.292187 0.64375 0.292187 0.645833 0.290625 0.645833 0.289062 0.64375 0.289062 0.641667 0.290625 0.639583 0.290625 0.633333 0.295312 0.63125 0.295312 0.629167 0.296875 0.625 0.296875 0.620833 0.3 0.61875 0.3 0.616667 0.301562 0.6125 0.301562 0.610417 0.303125 0.604167 0.303125 0.602083 0.304688 0.6 0.304688 0.597917 0.30625 0.595833 0.30625 0.59375 0.307812 0.589583 0.307812 0.5875 0.309375 0.577083 0.309375 0.575 0.307812 0.55625 0.307812 0.554167 0.309375 0.552083 0.309375 0.55 0.307812 0.533333 0.307812 0.53125 0.30625 0.529167 0.30625 0.527083 0.304688 0.525 0.304688 0.522917 0.303125 0.516667 0.303125 0.514583 0.301562 0.510417 0.301562 0.508333 0.3 0.504167 0.3 0.5 0.296875 0.497917 0.296875 0.495833 0.295312 0.489583 0.295312 0.4875 0.29375 0.485417 0.29375 0.479167 0.289062 0.477083 0.289062 0.46875 0.282812 0.466667 0.282812 0.460417 0.278125 0.458333 0.278125 0.445833 0.26875 0.445833 0.267187 0.44375 0.265625 0.44375 0.264062 0.439583 0.260937 0.439583 0.259375 0.4375 0.257812 0.4375 0.253125 0.435417 0.251563 0.435417 0.248437 0.43125 0.245312 0.43125 0.24375 0.0100541
0 0.414583 0.275 0.414583 0.29375 0.416667 0.295312 0.416667 0.3 0.41875 0.301562 0.41875 0.30625 0.420833 0.307812 0.420833 0.309375 0.427083 0.314062 0.427083 0.315625 0.429167 0.317187 0.429167 0.31875 0.435417 0.323437 0.435417 0.325 0.44375 0.33125 0.445833 0.33125 0.452083 0.335938 0.454167 0.335938 0.45625 0.3375 0.458333 0.3375 0.4625 0.340625 0.464583 0.340625 0.46875 0.34375 0.472917 0.34375 0.477083 0.346875 0.48125 0.346875 0.483333 0.348437 0.485417 0.348437 0.4875 0.35 0.495833 0.35 0.497917 0.351562 0.502083 0.351562 0.504167 0.353125 0.504167 0.35625 0.558333 0.35625 0.560417 0.354687 0.5625 0.354687 0.564583 0.353125 0.566667 0.353125 0.56875 0.351562 0.585417 0.351562 0.591667 0.346875 0.59375 0.346875 0.595833 0.345312 0.6 0.345312 0.602083 0.34375 0.604167 0.34375 0.608333 0.340625 0.610417 0.340625 0.6125 0.339062 0.614583 0.339062 0.616667 0.3375 0.61875 0.3375 0.622917 0.334375 0.625 0.334375 0.627083 0.332812 0.627083 0.329687 0.629167 0.328125 0.627083 0.328125 0.627083 0.329687 0.622917 0.332812 0.61875 0.332812 0.616667 0.334375 0.6125 0.334375 0.6125 0.335938 0.608333 0.339062 0.6 0.339062 0.597917 0.340625 0.5875 0.340625 0.585417 0.342187 0.583333 0.342187 0.58125 0.34375 0.577083 0.34375 0.575 0.345312 0.552083 0.345312 0.55 0.346875 0.54375 0.346875 0.541667 0.345312 0.514583 0.345312 0.5125 0.34375 0.510417 0.34375 0.508333 0.342187 0.50625 0.342187 0.504167 0.340625 0.495833 0.340625 0.49375 0.339062 0.4875 0.339062 0.485417 0.3375 0.483333 0.3375 0.479167 0.334375 0.475 0.334375 0.472917 0.332812 0.466667 0.332812 0.4625 0.329687 0.4625 0.328125 0.460417 0.328125 0.458333 0.326562 0.45625 0.326562 0.452083 0.323437 0.452083 0.321875 0.45 0.321875 0.44375 0.317187 0.441667 0.317187 0.435417 0.3125 0.435417 0.310937 0.429167 0.30625 0.429167 0.304688 0.427083 0.303125 0.427083 0.301562 0.420833 0.296875 0.420833 0.290625 0.41875 0.289062 0.41875 0.284375 0.414583 0.28125 0.0100515
