0 0.532292 0.43125 0.53125 0.432031 0.527083 0.432031 0.526042 0.432812 0.523958 0.432812 0.522917 0.433594 0.520833 0.433594 0.519792 0.434375 0.517708 0.434375 0.516667 0.435156 0.514583 0.435156 0.513542 0.435937 0.511458 0.435937 0.510417 0.436719 0.508333 0.436719 0.507292 0.4375 0.50625 0.4375 0.503125 0.439844 0.502083 0.439844 0.501042 0.440625 0.498958 0.440625 0.496875 0.442187 0.495833 0.442187 0.494792 0.442969 0.49375 0.442969 0.491667 0.444531 0.490625 0.444531 0.490625 0.465625 0.491667 0.466406 0.491667 0.467969 0.492708 0.46875 0.492708 0.469531 0.49375 0.470312 0.49375 0.471094 0.498958 0.475 0.5 0.475 0.504167 0.478125 0.505208 0.478125 0.507292 0.479687 0.508333 0.479687 0.510417 0.48125 0.511458 0.48125 0.5125 0.482031 0.513542 0.482031 0.514583 0.482812 0.515625 0.482812 0.517708 0.484375 0.519792 0.484375 0.520833 0.485156 0.521875 0.485156 0.522917 0.485937 0.523958 0.485937 0.525 0.486719 0.526042 0.486719 0.527083 0.4875 0.529167 0.4875 0.530208 0.488281 0.532292 0.488281 0.533333 0.489062 0.534375 0.489062 0.535417 0.489844 0.5375 0.489844 0.538542 0.490625 0.540625 0.490625 0.541667 0.491406 0.544792 0.491406 0.545833 0.492187 0.547917 0.492187 0.548958 0.492969 0.551042 0.492969 0.552083 0.49375 0.555208 0.49375 0.55625 0.494531 0.560417 0.494531 0.561458 0.495312 0.564583 0.495312 0.565625 0.496094 0.56875 0.496094 0.569792 0.496875 0.575 0.496875 0.576042 0.497656 0.583333 0.497656 0.584375 0.498437 0.591667 0.498437 0.592708 0.499219 0.598958 0.499219 0.6 0.5 0.6125 0.5 0.613542 0.500781 0.665625 0.500781 0.666667 0.5 0.679167 0.5 0.680208 0.499219 0.685417 0.499219 0.686458 0.498437 0.692708 0.498437 0.69375 0.497656 0.7 0.497656 0.701042 0.496875 0.705208 0.496875 0.70625 0.496094 0.708333 0.496094 0.709375 0.495312 0.711458 0.495312 0.7125 0.494531 0.716667 0.494531 0.717708 0.49375 0.719792 0.49375 0.720833 0.492969 0.722917 0.492969 0.723958 0.492187 0.725 0.492187 0.726042 0.491406 0.728125 0.491406 0.729167 0.490625 0.73125 0.490625 0.732292 0.489844 0.733333 0.489844 0.734375 0.489062 0.735417 0.489062 0.736458 0.488281 0.7375 0.488281 0.738542 0.4875 0.739583 0.4875 0.741667 0.485937 0.742708 0.485937 0.746875 0.482812 0.747917 0.482812 0.755208 0.477344 0.755208 0.475781 0.75625 0.475 0.75625 0.472656 0.757292 0.471875 0.757292 0.458594 0.75625 0.457812 0.75625 0.45625 0.755208 0.455469 0.755208 0.454687 0.754167 0.453906 0.754167 0.453125 0.751042 0.450781 0.751042 0.45 0.748958 0.448437 0.747917 0.448437 0.744792 0.446094 0.74375 0.446094 0.741667 0.444531 0.740625 0.444531 0.738542 0.442969 0.7375 0.442969 0.736458 0.442187 0.735417 0.442187 0.733333 0.440625 0.732292 0.440625 0.73125 0.439844 0.730208 0.439844 0.729167 0.439062 0.728125 0.439062 0.727083 0.438281 0.726042 0.438281 0.725 0.4375 0.723958 0.4375 0.722917 0.436719 0.720833 0.436719 0.719792 0.435937 0.71875 0.435937 0.717708 0.435156 0.715625 0.435156 0.714583 0.434375 0.7125 0.434375 0.711458 0.433594 0.708333 0.433594 0.707292 0.432812 0.704167 0.432812 0.703125 0.432031 0.701042 0.432031 0.7 0.43125 0.9831
0 0.48125 0.425781 0.479167 0.427344 0.479167 0.428125 0.478125 0.428906 0.477083 0.428906 0.471875 0.432812 0.470833 0.432812 0.46875 0.434375 0.467708 0.434375 0.465625 0.435937 0.463542 0.435937 0.4625 0.436719 0.461458 0.436719 0.460417 0.4375 0.459375 0.4375 0.458333 0.438281 0.457292 0.438281 0.45625 0.439062 0.453125 0.439062 0.452083 0.439844 0.451042 0.439844 0.45 0.440625 0.447917 0.440625 0.446875 0.441406 0.444792 0.441406 0.44375 0.442187 0.439583 0.442187 0.438542 0.442969 0.435417 0.442969 0.434375 0.44375 0.433333 0.44375 0.432292 0.444531 0.429167 0.444531 0.428125 0.445312 0.421875 0.445312 0.420833 0.446094 0.416667 0.446094 0.415625 0.446875 0.4125 0.446875 0.411458 0.447656 0.405208 0.447656 0.404167 0.448437 0.39375 0.448437 0.392708 0.449219 0.3875 0.449219 0.386458 0.45 0.379167 0.45 0.378125 0.450781 0.364583 0.450781 0.363542 0.451562 0.302083 0.451562 0.301042 0.450781 0.288542 0.450781 0.2875 0.45 0.279167 0.45 0.278125 0.449219 0.271875 0.449219 0.270833 0.448437 0.263542 0.448437 0.2625 0.447656 0.257292 0.447656 0.25625 0.446875 0.253125 0.446875 0.252083 0.446094 0.25 0.446094 0.248958 0.445312 0.24375 0.445312 0.242708 0.444531 0.238542 0.444531 0.2375 0.44375 0.236458 0.44375 0.235417 0.442969 0.233333 0.442969 0.232292 0.442187 0.229167 0.442187 0.228125 0.441406 0.226042 0.441406 0.223958 0.439844 0.222917 0.439844 0.221875 0.439062 0.220833 0.439062 0.219792 0.438281 0.21875 0.438281 0.215625 0.435937 0.214583 0.435937 0.213542 0.435156 0.2125 0.435156 0.210417 0.433594 0.210417 0.432812 0.208333 0.432812 0.208333 0.433594 0.207292 0.434375 0.207292 0.439062 0.208333 0.439844 0.208333 0.442187 0.209375 0.442969 0.209375 0.444531 0.210417 0.445312 0.210417 0.446094 0.213542 0.448437 0.214583 0.448437 0.221875 0.453906 0.222917 0.453906 0.226042 0.45625 0.227083 0.45625 0.228125 0.457031 0.230208 0.457031 0.23125 0.457812 0.232292 0.457812 0.234375 0.459375 0.236458 0.459375 0.2375 0.460156 0.240625 0.460156 0.241667 0.460937 0.24375 0.460937 0.244792 0.461719 0.245833 0.461719 0.246875 0.4625 0.248958 0.4625 0.25 0.463281 0.255208 0.463281 0.25625 0.464062 0.259375 0.464062 0.260417 0.464844 0.2625 0.464844 0.263542 0.465625 0.267708 0.465625 0.26875 0.466406 0.276042 0.466406 0.277083 0.467187 0.282292 0.467187 0.283333 0.467969 0.288542 0.467969 0.289583 0.46875 0.298958 0.46875 0.3 0.469531 0.365625 0.469531 0.366667 0.46875 0.377083 0.46875 0.378125 0.467969 0.383333 0.467969 0.384375 0.467187 0.390625 0.467187 0.391667 0.466406 0.401042 0.466406 0.402083 0.465625 0.407292 0.465625 0.408333 0.464844 0.411458 0.464844 0.4125 0.464062 0.416667 0.464062 0.417708 0.463281 0.425 0.463281 0.426042 0.4625 0.429167 0.4625 0.430208 0.461719 0.432292 0.461719 0.433333 0.460937 0.435417 0.460937 0.436458 0.460156 0.439583 0.460156 0.440625 0.459375 0.44375 0.459375 0.444792 0.458594 0.445833 0.458594 0.446875 0.457812 0.448958 0.457812 0.45 0.457031 0.452083 0.457031 0.453125 0.45625 0.455208 0.45625 0.45625 0.455469 0.457292 0.455469 0.459375 0.453906 0.461458 0.453906 0.4625 0.453125 0.464583 0.453125 0.466667 0.451562 0.467708 0.451562 0.46875 0.450781 0.469792 0.450781 0.473958 0.447656 0.475 0.447656 0.48125 0.442969 0.48125 0.442187 0.482292 0.441406 0.482292 0.440625 0.483333 0.439844 0.483333 0.433594 0.482292 0.432812 0.482292 0.428125 0.48125 0.427344 0.940218
0 0.49375 0.475 0.49375 0.488281 0.494792 0.489062 0.494792 0.490625 0.496875 0.492187 0.497917 0.492187 0.501042 0.494531 0.502083 0.494531 0.504167 0.496094 0.505208 0.496094 0.507292 0.497656 0.508333 0.497656 0.510417 0.499219 0.511458 0.499219 0.513542 0.500781 0.514583 0.500781 0.515625 0.501562 0.516667 0.501562 0.517708 0.502344 0.51875 0.502344 0.519792 0.503125 0.520833 0.503125 0.521875 0.503906 0.522917 0.503906 0.523958 0.504687 0.525 0.504687 0.526042 0.505469 0.527083 0.505469 0.528125 0.50625 0.529167 0.50625 0.530208 0.507031 0.533333 0.507031 0.534375 0.507812 0.536458 0.507812 0.5375 0.508594 0.539583 0.508594 0.540625 0.509375 0.542708 0.509375 0.54375 0.510156 0.546875 0.510156 0.547917 0.510937 0.55 0.510937 0.551042 0.511719 0.554167 0.511719 0.555208 0.5125 0.558333 0.5125 0.559375 0.513281 0.563542 0.513281 0.564583 0.514062 0.569792 0.514062 0.570833 0.514844 0.575 0.514844 0.576042 0.515625 0.579167 0.515625 0.580208 0.516406 0.585417 0.516406 0.586458 0.517188 0.596875 0.517188 0.597917 0.517969 0.614583 0.517969 0.615625 0.51875 0.675 0.51875 0.676042 0.517969 0.682292 0.517969 0.683333 0.517188 0.689583 0.517188 0.690625 0.516406 0.695833 0.516406 0.696875 0.515625 0.7 0.515625 0.701042 0.514844 0.704167 0.514844 0.705208 0.514062 0.709375 0.514062 0.710417 0.513281 0.714583 0.513281 0.715625 0.5125 0.717708 0.5125 0.71875 0.511719 0.719792 0.511719 0.720833 0.510937 0.722917 0.510937 0.723958 0.510156 0.725 0.510156 0.726042 0.509375 0.728125 0.509375 0.729167 0.508594 0.730208 0.508594 0.73125 0.507812 0.732292 0.507812 0.733333 0.507031 0.734375 0.507031 0.736458 0.505469 0.7375 0.505469 0.738542 0.504687 0.739583 0.504687 0.740625 0.503906 0.741667 0.503906 0.74375 0.502344 0.744792 0.502344 0.752083 0.496875 0.752083 0.496094 0.753125 0.495312 0.753125 0.494531 0.754167 0.49375 0.754167 0.492187 0.755208 0.491406 0.755208 0.482031 0.754167 0.48125 0.751042 0.48125 0.751042 0.482031 0.745833 0.485937 0.744792 0.485937 0.74375 0.486719 0.742708 0.486719 0.740625 0.488281 0.739583 0.488281 0.738542 0.489062 0.7375 0.489062 0.735417 0.490625 0.734375 0.490625 0.733333 0.491406 0.73125 0.491406 0.730208 0.492187 0.728125 0.492187 0.727083 0.492969 0.726042 0.492969 0.725 0.49375 0.723958 0.49375 0.722917 0.494531 0.719792 0.494531 0.71875 0.495312 0.715625 0.495312 0.714583 0.496094 0.7125 0.496094 0.711458 0.496875 0.709375 0.496875 0.708333 0.497656 0.705208 0.497656 0.704167 0.498437 0.7 0.498437 0.698958 0.499219 0.694792 0.499219 0.69375 0.5 0.688542 0.5 0.6875 0.500781 0.679167 0.500781 0.678125 0.501562 0.659375 0.501562 0.658333 0.502344 0.654167 0.502344 0.653125 0.501562 0.65 0.501562 0.648958 0.502344 0.645833 0.502344 0.644792 0.501562 0.641667 0.501562 0.640625 0.502344 0.638542 0.502344 0.6375 0.501562 0.603125 0.501562 0.602083 0.500781 0.59375 0.500781 0.592708 0.5 0.5875 0.5 0.586458 0.499219 0.58125 0.499219 0.580208 0.498437 0.573958 0.498437 0.572917 0.497656 0.567708 0.497656 0.566667 0.496875 0.563542 0.496875 0.5625 0.496094 0.559375 0.496094 0.558333 0.495312 0.555208 0.495312 0.554167 0.494531 0.551042 0.494531 0.55 0.49375 0.547917 0.49375 0.546875 0.492969 0.544792 0.492969 0.54375 0.492187 0.540625 0.492187 0.539583 0.491406 0.5375 0.491406 0.536458 0.490625 0.535417 0.490625 0.534375 0.489844 0.532292 0.489844 0.53125 0.489062 0.530208 0.489062 0.529167 0.488281 0.527083 0.488281 0.526042 0.4875 0.525 0.4875 0.523958 0.486719 0.522917 0.486719 0.521875 0.485937 0.519792 0.485937 0.51875 0.485156 0.517708 0.485156 0.516667 0.484375 0.515625 0.484375 0.513542 0.482812 0.511458 0.482812 0.509375 0.48125 0.508333 0.48125 0.50625 0.479687 0.505208 0.479687 0.504167 0.478906 0.503125 0.478906 0.497917 0.475 0.939684
0 0.482292 0.477344 0.473958 0.483594 0.472917 0.483594 0.469792 0.485937 0.46875 0.485937 0.466667 0.4875 0.465625 0.4875 0.463542 0.489062 0.461458 0.489062 0.460417 0.489844 0.459375 0.489844 0.457292 0.491406 0.45625 0.491406 0.455208 0.492187 0.452083 0.492187 0.451042 0.492969 0.45 0.492969 0.448958 0.49375 0.447917 0.49375 0.446875 0.494531 0.444792 0.494531 0.44375 0.495312 0.440625 0.495312 0.439583 0.496094 0.4375 0.496094 0.436458 0.496875 0.435417 0.496875 0.434375 0.497656 0.43125 0.497656 0.430208 0.498437 0.426042 0.498437 0.425 0.499219 0.421875 0.499219 0.420833 0.5 0.41875 0.5 0.417708 0.500781 0.414583 0.500781 0.413542 0.501562 0.40625 0.501562 0.405208 0.502344 0.4 0.502344 0.398958 0.503125 0.394792 0.503125 0.39375 0.503906 0.3875 0.503906 0.386458 0.504687 0.376042 0.504687 0.375 0.505469 0.365625 0.505469 0.364583 0.50625 0.355208 0.50625 0.354167 0.507031 0.316667 0.507031 0.315625 0.50625 0.303125 0.50625 0.302083 0.505469 0.291667 0.505469 0.290625 0.504687 0.28125 0.504687 0.280208 0.503906 0.277083 0.503906 0.276042 0.503125 0.272917 0.503125 0.271875 0.502344 0.267708 0.502344 0.266667 0.501562 0.2625 0.501562 0.261458 0.500781 0.258333 0.500781 0.257292 0.5 0.255208 0.5 0.254167 0.499219 0.252083 0.499219 0.251042 0.498437 0.248958 0.498437 0.247917 0.497656 0.245833 0.497656 0.244792 0.496875 0.24375 0.496875 0.242708 0.496094 0.241667 0.496094 0.240625 0.495312 0.238542 0.495312 0.236458 0.49375 0.235417 0.49375 0.234375 0.492969 0.233333 0.492969 0.232292 0.492187 0.23125 0.492187 0.229167 0.490625 0.228125 0.490625 0.225 0.488281 0.223958 0.488281 0.219792 0.485156 0.219792 0.5 0.221875 0.501562 0.221875 0.502344 0.228125 0.507031 0.229167 0.507031 0.23125 0.508594 0.232292 0.508594 0.235417 0.510937 0.236458 0.510937 0.238542 0.5125 0.239583 0.5125 0.240625 0.513281 0.241667 0.513281 0.242708 0.514062 0.24375 0.514062 0.244792 0.514844 0.246875 0.514844 0.247917 0.515625 0.248958 0.515625 0.25 0.516406 0.252083 0.516406 0.253125 0.517188 0.255208 0.517188 0.25625 0.517969 0.258333 0.517969 0.259375 0.51875 0.261458 0.51875 0.2625 0.519531 0.266667 0.519531 0.267708 0.520312 0.270833 0.520312 0.271875 0.521094 0.276042 0.521094 0.277083 0.521875 0.28125 0.521875 0.282292 0.522656 0.2875 0.522656 0.288542 0.523438 0.295833 0.523438 0.296875 0.524219 0.310417 0.524219 0.311458 0.525 0.360417 0.525 0.361458 0.524219 0.370833 0.524219 0.371875 0.523438 0.382292 0.523438 0.383333 0.522656 0.390625 0.522656 0.391667 0.521875 0.396875 0.521875 0.397917 0.521094 0.402083 0.521094 0.403125 0.520312 0.408333 0.520312 0.409375 0.519531 0.413542 0.519531 0.414583 0.51875 0.417708 0.51875 0.41875 0.517969 0.421875 0.517969 0.422917 0.517188 0.425 0.517188 0.426042 0.516406 0.430208 0.516406 0.43125 0.515625 0.433333 0.515625 0.434375 0.514844 0.436458 0.514844 0.4375 0.514062 0.439583 0.514062 0.440625 0.513281 0.44375 0.513281 0.444792 0.5125 0.446875 0.5125 0.447917 0.511719 0.448958 0.511719 0.45 0.510937 0.451042 0.510937 0.452083 0.510156 0.454167 0.510156 0.455208 0.509375 0.45625 0.509375 0.457292 0.508594 0.458333 0.508594 0.459375 0.507812 0.460417 0.507812 0.461458 0.507031 0.4625 0.507031 0.463542 0.50625 0.464583 0.50625 0.466667 0.504687 0.467708 0.504687 0.46875 0.503906 0.469792 0.503906 0.471875 0.502344 0.472917 0.502344 0.476042 0.5 0.477083 0.5 0.484375 0.494531 0.484375 0.49375 0.486458 0.492187 0.486458 0.477344 0.938295
0 0.480208 0.340625 0.479167 0.341406 0.477083 0.341406 0.476042 0.342187 0.475 0.342187 0.472917 0.34375 0.471875 0.34375 0.470833 0.344531 0.469792 0.344531 0.46875 0.345312 0.465625 0.345312 0.464583 0.346094 0.463542 0.346094 0.461458 0.347656 0.459375 0.347656 0.458333 0.348437 0.452083 0.348437 0.451042 0.349219 0.448958 0.349219 0.447917 0.35 0.445833 0.35 0.444792 0.350781 0.438542 0.350781 0.4375 0.351562 0.430208 0.351562 0.429167 0.352344 0.426042 0.352344 0.425 0.353125 0.421875 0.353125 0.420833 0.353906 0.4125 0.353906 0.411458 0.354687 0.394792 0.354687 0.39375 0.355469 0.3875 0.355469 0.386458 0.35625 0.376042 0.35625 0.375 0.357031 0.291667 0.357031 0.290625 0.35625 0.275 0.35625 0.273958 0.355469 0.266667 0.355469 0.265625 0.354687 0.255208 0.354687 0.254167 0.353906 0.245833 0.353906 0.244792 0.353125 0.240625 0.353125 0.239583 0.352344 0.236458 0.352344 0.235417 0.351562 0.229167 0.351562 0.228125 0.350781 0.221875 0.350781 0.220833 0.35 0.21875 0.35 0.217708 0.349219 0.216667 0.349219 0.215625 0.348437 0.2125 0.348437 0.211458 0.347656 0.209375 0.347656 0.208333 0.346875 0.207292 0.346875 0.205208 0.345312 0.204167 0.345312 0.203125 0.344531 0.202083 0.344531 0.201042 0.34375 0.197917 0.34375 0.196875 0.344531 0.196875 0.350781 0.197917 0.351562 0.197917 0.354687 0.198958 0.355469 0.198958 0.35625 0.207292 0.3625 0.208333 0.3625 0.210417 0.364062 0.211458 0.364062 0.2125 0.364844 0.213542 0.364844 0.214583 0.365625 0.215625 0.365625 0.216667 0.366406 0.219792 0.366406 0.220833 0.367188 0.221875 0.367188 0.222917 0.367969 0.225 0.367969 0.226042 0.36875 0.228125 0.36875 0.229167 0.369531 0.234375 0.369531 0.235417 0.370312 0.239583 0.370312 0.240625 0.371094 0.24375 0.371094 0.244792 0.371875 0.25 0.371875 0.251042 0.372656 0.263542 0.372656 0.264583 0.373437 0.270833 0.373437 0.271875 0.374219 0.279167 0.374219 0.280208 0.375 0.295833 0.375 0.296875 0.375781 0.36875 0.375781 0.369792 0.375 0.383333 0.375 0.384375 0.374219 0.390625 0.374219 0.391667 0.373437 0.4 0.373437 0.401042 0.372656 0.414583 0.372656 0.415625 0.371875 0.420833 0.371875 0.421875 0.371094 0.425 0.371094 0.426042 0.370312 0.43125 0.370312 0.432292 0.369531 0.439583 0.369531 0.440625 0.36875 0.44375 0.36875 0.444792 0.367969 0.446875 0.367969 0.447917 0.367188 0.45 0.367188 0.451042 0.366406 0.45625 0.366406 0.457292 0.365625 0.458333 0.365625 0.459375 0.364844 0.460417 0.364844 0.461458 0.364062 0.4625 0.364062 0.463542 0.363281 0.466667 0.363281 0.467708 0.3625 0.46875 0.3625 0.469792 0.361719 0.470833 0.361719 0.472917 0.360156 0.473958 0.360156 0.475 0.359375 0.476042 0.359375 0.48125 0.355469 0.48125 0.341406 0.925597
0 0.483333 0.460156 0.482292 0.460937 0.48125 0.460937 0.48125 0.461719 0.478125 0.464062 0.477083 0.464062 0.472917 0.467187 0.471875 0.467187 0.46875 0.469531 0.467708 0.469531 0.466667 0.470312 0.465625 0.470312 0.464583 0.471094 0.463542 0.471094 0.461458 0.472656 0.460417 0.472656 0.459375 0.473437 0.45625 0.473437 0.455208 0.474219 0.454167 0.474219 0.453125 0.475 0.452083 0.475 0.451042 0.475781 0.45 0.475781 0.448958 0.476562 0.444792 0.476562 0.44375 0.477344 0.442708 0.477344 0.441667 0.478125 0.440625 0.478125 0.439583 0.478906 0.436458 0.478906 0.435417 0.479687 0.43125 0.479687 0.430208 0.480469 0.428125 0.480469 0.427083 0.48125 0.425 0.48125 0.423958 0.482031 0.420833 0.482031 0.419792 0.482812 0.410417 0.482812 0.409375 0.483594 0.404167 0.483594 0.403125 0.484375 0.398958 0.484375 0.397917 0.485156 0.391667 0.485156 0.390625 0.485937 0.38125 0.485937 0.380208 0.486719 0.375 0.486719 0.373958 0.4875 0.366667 0.4875 0.365625 0.488281 0.311458 0.488281 0.310417 0.4875 0.3 0.4875 0.298958 0.486719 0.291667 0.486719 0.290625 0.485937 0.28125 0.485937 0.280208 0.485156 0.273958 0.485156 0.272917 0.484375 0.269792 0.484375 0.26875 0.483594 0.265625 0.483594 0.264583 0.482812 0.259375 0.482812 0.258333 0.482031 0.255208 0.482031 0.254167 0.48125 0.252083 0.48125 0.251042 0.480469 0.248958 0.480469 0.247917 0.479687 0.244792 0.479687 0.24375 0.478906 0.241667 0.478906 0.240625 0.478125 0.239583 0.478125 0.238542 0.477344 0.2375 0.477344 0.236458 0.476562 0.234375 0.476562 0.233333 0.475781 0.23125 0.475781 0.229167 0.474219 0.228125 0.474219 0.226042 0.472656 0.225 0.472656 0.221875 0.470312 0.220833 0.470312 0.216667 0.467187 0.215625 0.467187 0.213542 0.465625 0.213542 0.475781 0.214583 0.476562 0.214583 0.477344 0.215625 0.478125 0.215625 0.479687 0.216667 0.480469 0.216667 0.48125 0.226042 0.488281 0.227083 0.488281 0.230208 0.490625 0.23125 0.490625 0.232292 0.491406 0.233333 0.491406 0.234375 0.492187 0.235417 0.492187 0.2375 0.49375 0.238542 0.49375 0.239583 0.494531 0.241667 0.494531 0.242708 0.495312 0.24375 0.495312 0.244792 0.496094 0.245833 0.496094 0.246875 0.496875 0.248958 0.496875 0.25 0.497656 0.252083 0.497656 0.253125 0.498437 0.25625 0.498437 0.257292 0.499219 0.258333 0.499219 0.259375 0.5 0.2625 0.5 0.263542 0.500781 0.26875 0.500781 0.269792 0.501562 0.273958 0.501562 0.275 0.502344 0.277083 0.502344 0.278125 0.503125 0.282292 0.503125 0.283333 0.503906 0.294792 0.503906 0.295833 0.504687 0.307292 0.504687 0.308333 0.505469 0.363542 0.505469 0.364583 0.504687 0.375 0.504687 0.376042 0.503906 0.386458 0.503906 0.3875 0.503125 0.39375 0.503125 0.394792 0.502344 0.397917 0.502344 0.398958 0.501562 0.403125 0.501562 0.404167 0.500781 0.411458 0.500781 0.4125 0.5 0.417708 0.5 0.41875 0.499219 0.420833 0.499219 0.421875 0.498437 0.425 0.498437 0.426042 0.497656 0.430208 0.497656 0.43125 0.496875 0.433333 0.496875 0.434375 0.496094 0.436458 0.496094 0.4375 0.495312 0.439583 0.495312 0.440625 0.494531 0.44375 0.494531 0.444792 0.49375 0.446875 0.49375 0.447917 0.492969 0.448958 0.492969 0.45 0.492187 0.451042 0.492187 0.452083 0.491406 0.454167 0.491406 0.455208 0.490625 0.457292 0.490625 0.459375 0.489062 0.460417 0.489062 0.461458 0.488281 0.463542 0.488281 0.465625 0.486719 0.466667 0.486719 0.46875 0.485156 0.469792 0.485156 0.471875 0.483594 0.472917 0.483594 0.475 0.482031 0.476042 0.482031 0.482292 0.477344 0.482292 0.476562 0.485417 0.474219 0.485417 0.473437 0.486458 0.472656 0.486458 0.463281 0.485417 0.4625 0.485417 0.460156 0.918353
0 0.477083 0.410937 0.472917 0.414062 0.471875 0.414062 0.46875 0.416406 0.467708 0.416406 0.466667 0.417187 0.464583 0.417187 0.4625 0.41875 0.461458 0.41875 0.460417 0.419531 0.459375 0.419531 0.458333 0.420312 0.455208 0.420312 0.454167 0.421094 0.453125 0.421094 0.452083 0.421875 0.451042 0.421875 0.45 0.422656 0.448958 0.422656 0.447917 0.423437 0.442708 0.423437 0.441667 0.424219 0.439583 0.424219 0.438542 0.425 0.4375 0.425 0.436458 0.425781 0.432292 0.425781 0.43125 0.426562 0.425 0.426562 0.423958 0.427344 0.420833 0.427344 0.419792 0.428125 0.416667 0.428125 0.415625 0.428906 0.410417 0.428906 0.409375 0.429688 0.401042 0.429688 0.4 0.430469 0.394792 0.430469 0.39375 0.43125 0.388542 0.43125 0.3875 0.432031 0.376042 0.432031 0.375 0.432812 0.3375 0.432812 0.336458 0.433594 0.317708 0.433594 0.316667 0.432812 0.292708 0.432812 0.291667 0.432031 0.279167 0.432031 0.278125 0.43125 0.270833 0.43125 0.269792 0.430469 0.263542 0.430469 0.2625 0.429688 0.25625 0.429688 0.255208 0.428906 0.251042 0.428906 0.25 0.428125 0.246875 0.428125 0.245833 0.427344 0.242708 0.427344 0.241667 0.426562 0.2375 0.426562 0.236458 0.425781 0.233333 0.425781 0.232292 0.425 0.230208 0.425 0.229167 0.424219 0.227083 0.424219 0.226042 0.423437 0.223958 0.423437 0.222917 0.422656 0.220833 0.422656 0.219792 0.421875 0.21875 0.421875 0.216667 0.420312 0.215625 0.420312 0.214583 0.419531 0.213542 0.419531 0.210417 0.417187 0.209375 0.417187 0.208333 0.416406 0.207292 0.416406 0.205208 0.414844 0.205208 0.423437 0.20625 0.424219 0.20625 0.426562 0.207292 0.427344 0.207292 0.428906 0.208333 0.429688 0.208333 0.430469 0.215625 0.435937 0.216667 0.435937 0.21875 0.4375 0.219792 0.4375 0.220833 0.438281 0.221875 0.438281 0.222917 0.439062 0.223958 0.439062 0.226042 0.440625 0.228125 0.440625 0.229167 0.441406 0.232292 0.441406 0.233333 0.442187 0.234375 0.442187 0.235417 0.442969 0.236458 0.442969 0.2375 0.44375 0.240625 0.44375 0.241667 0.444531 0.246875 0.444531 0.247917 0.445312 0.251042 0.445312 0.252083 0.446094 0.254167 0.446094 0.255208 0.446875 0.260417 0.446875 0.261458 0.447656 0.267708 0.447656 0.26875 0.448437 0.273958 0.448437 0.275 0.449219 0.280208 0.449219 0.28125 0.45 0.288542 0.45 0.289583 0.450781 0.311458 0.450781 0.3125 0.451562 0.342708 0.451562 0.34375 0.450781 0.372917 0.450781 0.373958 0.45 0.382292 0.45 0.383333 0.449219 0.388542 0.449219 0.389583 0.448437 0.394792 0.448437 0.395833 0.447656 0.407292 0.447656 0.408333 0.446875 0.4125 0.446875 0.413542 0.446094 0.416667 0.446094 0.417708 0.445312 0.421875 0.445312 0.422917 0.444531 0.430208 0.444531 0.43125 0.44375 0.433333 0.44375 0.434375 0.442969 0.435417 0.442969 0.436458 0.442187 0.439583 0.442187 0.440625 0.441406 0.44375 0.441406 0.444792 0.440625 0.446875 0.440625 0.447917 0.439844 0.448958 0.439844 0.45 0.439062 0.452083 0.439062 0.453125 0.438281 0.45625 0.438281 0.457292 0.4375 0.458333 0.4375 0.460417 0.435937 0.461458 0.435937 0.4625 0.435156 0.464583 0.435156 0.467708 0.432812 0.46875 0.432812 0.476042 0.427344 0.476042 0.426562 0.477083 0.425781 0.477083 0.425 0.479167 0.423437 0.479167 0.421875 0.480208 0.421094 0.480208 0.4125 0.478125 0.410937 0.916667
0 0.477083 0.410156 0.476042 0.410937 0.476042 0.411719 0.473958 0.413281 0.472917 0.413281 0.471875 0.414062 0.480208 0.414062 0.480208 0.410156 0.477083 0.410156 0.46875 0.397656 0.472917 0.394531 0.473958 0.394531 0.476042 0.392969 0.477083 0.392969 0.478125 0.392187 0.478125 0.389844 0.479167 0.389062 0.479167 0.380469 0.478125 0.379687 0.478125 0.378125 0.477083 0.377344 0.477083 0.376562 0.475 0.378125 0.473958 0.378125 0.472917 0.378906 0.471875 0.378906 0.470833 0.379687 0.469792 0.379687 0.467708 0.38125 0.466667 0.38125 0.464583 0.382812 0.4625 0.382812 0.461458 0.383594 0.459375 0.383594 0.458333 0.384375 0.457292 0.384375 0.45625 0.385156 0.455208 0.385156 0.454167 0.385937 0.45 0.385937 0.448958 0.386719 0.444792 0.386719 0.44375 0.3875 0.441667 0.3875 0.440625 0.388281 0.436458 0.388281 0.435417 0.389062 0.428125 0.389062 0.427083 0.389844 0.423958 0.389844 0.422917 0.390625 0.419792 0.390625 0.41875 0.391406 0.413542 0.391406 0.4125 0.392187 0.402083 0.392187 0.401042 0.392969 0.395833 0.392969 0.394792 0.39375 0.388542 0.39375 0.3875 0.394531 0.365625 0.394531 0.364583 0.395312 0.354167 0.395312 0.353125 0.394531 0.286458 0.394531 0.285417 0.39375 0.275 0.39375 0.273958 0.392969 0.267708 0.392969 0.266667 0.392187 0.257292 0.392187 0.25625 0.391406 0.248958 0.391406 0.247917 0.390625 0.242708 0.390625 0.241667 0.389844 0.238542 0.389844 0.2375 0.389062 0.233333 0.389062 0.232292 0.388281 0.228125 0.388281 0.227083 0.3875 0.225 0.3875 0.223958 0.386719 0.222917 0.386719 0.221875 0.385937 0.219792 0.385937 0.21875 0.385156 0.215625 0.385156 0.214583 0.384375 0.213542 0.384375 0.211458 0.382812 0.210417 0.382812 0.209375 0.382031 0.208333 0.382031 0.205208 0.379687 0.204167 0.379687 0.203125 0.378906 0.201042 0.378906 0.201042 0.388281 0.202083 0.389062 0.202083 0.390625 0.203125 0.391406 0.203125 0.392969 0.205208 0.394531 0.205208 0.395312 0.211458 0.4 0.2125 0.4 0.214583 0.401562 0.215625 0.401562 0.217708 0.403125 0.219792 0.403125 0.220833 0.403906 0.222917 0.403906 0.223958 0.404687 0.225 0.404687 0.226042 0.405469 0.228125 0.405469 0.229167 0.40625 0.230208 0.40625 0.23125 0.407031 0.235417 0.407031 0.236458 0.407812 0.240625 0.407812 0.241667 0.408594 0.24375 0.408594 0.244792 0.409375 0.247917 0.409375 0.248958 0.410156 0.255208 0.410156 0.25625 0.410937 0.2625 0.410937 0.263542 0.411719 0.26875 0.411719 0.269792 0.4125 0.278125 0.4125 0.279167 0.413281 0.29375 0.413281 0.294792 0.414062 0.366667 0.414062 0.367708 0.413281 0.383333 0.413281 0.384375 0.4125 0.391667 0.4125 0.392708 0.411719 0.397917 0.411719 0.398958 0.410937 0.40625 0.410937 0.407292 0.410156 0.415625 0.410156 0.416667 0.409375 0.419792 0.409375 0.420833 0.408594 0.423958 0.408594 0.425 0.407812 0.430208 0.407812 0.43125 0.407031 0.435417 0.407031 0.436458 0.40625 0.439583 0.40625 0.440625 0.405469 0.441667 0.405469 0.442708 0.404687 0.445833 0.404687 0.446875 0.403906 0.45 0.403906 0.451042 0.403125 0.453125 0.403125 0.454167 0.402344 0.455208 0.402344 0.45625 0.401562 0.457292 0.401562 0.458333 0.400781 0.460417 0.400781 0.461458 0.4 0.4625 0.4 0.463542 0.399219 0.464583 0.399219 0.465625 0.398438 0.466667 0.398438 0.467708 0.397656 0.46875 0.397656 0.915003
0 0.476042 0.267969 0.475 0.26875 0.473958 0.26875 0.472917 0.269531 0.471875 0.269531 0.470833 0.270312 0.46875 0.270312 0.467708 0.271094 0.466667 0.271094 0.465625 0.271875 0.4625 0.271875 0.461458 0.272656 0.45625 0.272656 0.455208 0.273438 0.447917 0.273438 0.446875 0.274219 0.441667 0.274219 0.440625 0.275 0.434375 0.275 0.433333 0.275781 0.423958 0.275781 0.422917 0.276562 0.398958 0.276562 0.397917 0.277344 0.373958 0.277344 0.372917 0.278125 0.271875 0.278125 0.270833 0.277344 0.233333 0.277344 0.232292 0.276562 0.211458 0.276562 0.210417 0.275781 0.204167 0.275781 0.203125 0.275 0.197917 0.275 0.196875 0.274219 0.190625 0.274219 0.189583 0.273438 0.1875 0.273438 0.186458 0.272656 0.183333 0.272656 0.183333 0.276562 0.185417 0.278125 0.185417 0.282031 0.186458 0.282812 0.186458 0.283594 0.189583 0.285937 0.190625 0.285937 0.195833 0.289844 0.196875 0.289844 0.198958 0.291406 0.2 0.291406 0.201042 0.292187 0.203125 0.292187 0.204167 0.292969 0.207292 0.292969 0.208333 0.29375 0.213542 0.29375 0.214583 0.294531 0.221875 0.294531 0.222917 0.295312 0.228125 0.295312 0.229167 0.296094 0.235417 0.296094 0.236458 0.296875 0.252083 0.296875 0.253125 0.297656 0.275 0.297656 0.276042 0.298437 0.302083 0.298437 0.303125 0.299219 0.35625 0.299219 0.357292 0.298437 0.376042 0.298437 0.377083 0.297656 0.395833 0.297656 0.396875 0.296875 0.408333 0.296875 0.409375 0.296094 0.419792 0.296094 0.420833 0.295312 0.432292 0.295312 0.433333 0.294531 0.445833 0.294531 0.446875 0.29375 0.453125 0.29375 0.454167 0.292969 0.457292 0.292969 0.458333 0.292187 0.460417 0.292187 0.461458 0.291406 0.466667 0.291406 0.467708 0.290625 0.469792 0.290625 0.470833 0.289844 0.471875 0.289844 0.472917 0.289062 0.475 0.289062 0.476042 0.288281 0.477083 0.288281 0.478125 0.2875 0.479167 0.2875 0.482292 0.285156 0.482292 0.284375 0.483333 0.283594 0.483333 0.273438 0.482292 0.272656 0.482292 0.269531 0.480208 0.267969 0.914593
0 0.189583 0.330469 0.189583 0.332812 0.190625 0.332812 0.190625 0.33125 0.189583 0.330469 0.189583 0.328906 0.190625 0.328125 0.190625 0.326562 0.192708 0.325 0.19375 0.325 0.194792 0.325781 0.194792 0.329687 0.19375 0.330469 0.19375 0.334375 0.194792 0.335156 0.194792 0.3375 0.195833 0.338281 0.195833 0.339062 0.198958 0.341406 0.198958 0.342187 0.2 0.342187 0.202083 0.34375 0.203125 0.34375 0.205208 0.345312 0.20625 0.345312 0.207292 0.346094 0.208333 0.346094 0.209375 0.346875 0.211458 0.346875 0.2125 0.347656 0.214583 0.347656 0.215625 0.348437 0.217708 0.348437 0.21875 0.349219 0.219792 0.349219 0.220833 0.35 0.225 0.35 0.226042 0.350781 0.23125 0.350781 0.232292 0.351562 0.236458 0.351562 0.2375 0.352344 0.240625 0.352344 0.241667 0.353125 0.246875 0.353125 0.247917 0.353906 0.257292 0.353906 0.258333 0.354687 0.265625 0.354687 0.266667 0.355469 0.275 0.355469 0.276042 0.35625 0.301042 0.35625 0.302083 0.357031 0.357292 0.357031 0.358333 0.35625 0.377083 0.35625 0.378125 0.355469 0.3875 0.355469 0.388542 0.354687 0.397917 0.354687 0.398958 0.353906 0.411458 0.353906 0.4125 0.353125 0.417708 0.353125 0.41875 0.352344 0.422917 0.352344 0.423958 0.351562 0.429167 0.351562 0.430208 0.350781 0.4375 0.350781 0.438542 0.35 0.44375 0.35 0.444792 0.349219 0.446875 0.349219 0.447917 0.348437 0.451042 0.348437 0.452083 0.347656 0.45625 0.347656 0.457292 0.346875 0.459375 0.346875 0.460417 0.346094 0.461458 0.346094 0.4625 0.345312 0.464583 0.345312 0.465625 0.344531 0.46875 0.344531 0.470833 0.342969 0.471875 0.342969 0.472917 0.342187 0.473958 0.342187 0.476042 0.340625 0.477083 0.340625 0.478125 0.339844 0.479167 0.339844 0.480208 0.339062 0.480208 0.338281 0.48125 0.3375 0.48125 0.327344 0.480208 0.326562 0.480208 0.325781 0.476042 0.325781 0.475 0.326562 0.472917 0.326562 0.470833 0.328125 0.469792 0.328125 0.46875 0.328906 0.466667 0.328906 0.465625 0.329687 0.461458 0.329687 0.460417 0.330469 0.459375 0.330469 0.458333 0.33125 0.45625 0.33125 0.455208 0.332031 0.452083 0.332031 0.451042 0.332812 0.441667 0.332812 0.440625 0.333594 0.434375 0.333594 0.433333 0.334375 0.428125 0.334375 0.427083 0.335156 0.419792 0.335156 0.41875 0.335938 0.405208 0.335938 0.404167 0.336719 0.39375 0.336719 0.392708 0.3375 0.382292 0.3375 0.38125 0.338281 0.359375 0.338281 0.358333 0.339062 0.321875 0.339062 0.320833 0.338281 0.286458 0.338281 0.285417 0.3375 0.271875 0.3375 0.270833 0.336719 0.260417 0.336719 0.259375 0.335938 0.246875 0.335938 0.245833 0.335156 0.2375 0.335156 0.236458 0.334375 0.233333 0.334375 0.232292 0.333594 0.228125 0.333594 0.227083 0.332812 0.219792 0.332812 0.21875 0.332031 0.215625 0.332031 0.214583 0.33125 0.2125 0.33125 0.211458 0.330469 0.210417 0.330469 0.209375 0.329687 0.207292 0.329687 0.20625 0.328906 0.205208 0.328906 0.203125 0.327344 0.202083 0.327344 0.198958 0.325 0.198958 0.324219 0.197917 0.323437 0.197917 0.321094 0.196875 0.320312 0.197917 0.319531 0.197917 0.31875 0.189583 0.31875 0.189583 0.328906 0.913427
0 0.48125 0.445312 0.480208 0.446094 0.480208 0.446875 0.479167 0.447656 0.478125 0.447656 0.477083 0.448437 0.476042 0.448437 0.472917 0.450781 0.471875 0.450781 0.470833 0.451562 0.469792 0.451562 0.466667 0.453906 0.465625 0.453906 0.464583 0.454687 0.4625 0.454687 0.461458 0.455469 0.459375 0.455469 0.457292 0.457031 0.45625 0.457031 0.455208 0.457812 0.452083 0.457812 0.451042 0.458594 0.448958 0.458594 0.447917 0.459375 0.446875 0.459375 0.445833 0.460156 0.44375 0.460156 0.442708 0.460937 0.438542 0.460937 0.4375 0.461719 0.434375 0.461719 0.433333 0.4625 0.432292 0.4625 0.43125 0.463281 0.428125 0.463281 0.427083 0.464062 0.420833 0.464062 0.419792 0.464844 0.415625 0.464844 0.414583 0.465625 0.411458 0.465625 0.410417 0.466406 0.405208 0.466406 0.404167 0.467187 0.394792 0.467187 0.39375 0.467969 0.386458 0.467969 0.385417 0.46875 0.38125 0.46875 0.380208 0.469531 0.370833 0.469531 0.369792 0.470312 0.298958 0.470312 0.297917 0.469531 0.288542 0.469531 0.2875 0.46875 0.282292 0.46875 0.28125 0.467969 0.275 0.467969 0.273958 0.467187 0.266667 0.467187 0.265625 0.466406 0.261458 0.466406 0.260417 0.465625 0.258333 0.465625 0.257292 0.464844 0.254167 0.464844 0.253125 0.464062 0.247917 0.464062 0.246875 0.463281 0.244792 0.463281 0.24375 0.4625 0.242708 0.4625 0.241667 0.461719 0.239583 0.461719 0.238542 0.460937 0.235417 0.460937 0.234375 0.460156 0.233333 0.460156 0.232292 0.459375 0.23125 0.459375 0.230208 0.458594 0.229167 0.458594 0.228125 0.457812 0.227083 0.457812 0.226042 0.457031 0.225 0.457031 0.221875 0.454687 0.220833 0.454687 0.217708 0.452344 0.216667 0.452344 0.213542 0.45 0.211458 0.45 0.211458 0.4625 0.220833 0.469531 0.221875 0.469531 0.226042 0.472656 0.227083 0.472656 0.228125 0.473437 0.229167 0.473437 0.23125 0.475 0.232292 0.475 0.233333 0.475781 0.235417 0.475781 0.236458 0.476562 0.238542 0.476562 0.239583 0.477344 0.240625 0.477344 0.241667 0.478125 0.242708 0.478125 0.24375 0.478906 0.247917 0.478906 0.248958 0.479687 0.25 0.479687 0.251042 0.480469 0.253125 0.480469 0.254167 0.48125 0.257292 0.48125 0.258333 0.482031 0.263542 0.482031 0.264583 0.482812 0.267708 0.482812 0.26875 0.483594 0.271875 0.483594 0.272917 0.484375 0.277083 0.484375 0.278125 0.485156 0.286458 0.485156 0.2875 0.485937 0.295833 0.485937 0.296875 0.486719 0.304167 0.486719 0.305208 0.4875 0.321875 0.4875 0.322917 0.488281 0.347917 0.488281 0.348958 0.4875 0.367708 0.4875 0.36875 0.486719 0.373958 0.486719 0.375 0.485937 0.380208 0.485937 0.38125 0.485156 0.390625 0.485156 0.391667 0.484375 0.397917 0.484375 0.398958 0.483594 0.404167 0.483594 0.405208 0.482812 0.410417 0.482812 0.411458 0.482031 0.419792 0.482031 0.420833 0.48125 0.423958 0.48125 0.425 0.480469 0.427083 0.480469 0.428125 0.479687 0.430208 0.479687 0.43125 0.478906 0.435417 0.478906 0.436458 0.478125 0.439583 0.478125 0.440625 0.477344 0.441667 0.477344 0.442708 0.476562 0.444792 0.476562 0.445833 0.475781 0.45 0.475781 0.451042 0.475 0.452083 0.475 0.453125 0.474219 0.454167 0.474219 0.455208 0.473437 0.45625 0.473437 0.457292 0.472656 0.459375 0.472656 0.461458 0.471094 0.4625 0.471094 0.464583 0.469531 0.466667 0.469531 0.46875 0.467969 0.469792 0.467969 0.473958 0.464844 0.475 0.464844 0.483333 0.458594 0.483333 0.457812 0.484375 0.457031 0.484375 0.449219 0.483333 0.448437 0.483333 0.446875 0.898743
0 0.476042 0.394531 0.475 0.395312 0.479167 0.395312 0.478125 0.395312 0.477083 0.394531 0.476042 0.394531 0.463542 0.38125 0.465625 0.379687 0.466667 0.379687 0.467708 0.378906 0.46875 0.378906 0.471875 0.376562 0.472917 0.376562 0.473958 0.375781 0.475 0.375781 0.478125 0.373437 0.478125 0.371875 0.479167 0.371094 0.479167 0.360937 0.478125 0.360937 0.477083 0.360156 0.476042 0.360937 0.473958 0.360937 0.472917 0.361719 0.471875 0.361719 0.469792 0.363281 0.46875 0.363281 0.467708 0.364062 0.464583 0.364062 0.463542 0.364844 0.4625 0.364844 0.460417 0.366406 0.458333 0.366406 0.457292 0.367188 0.452083 0.367188 0.451042 0.367969 0.448958 0.367969 0.447917 0.36875 0.445833 0.36875 0.444792 0.369531 0.442708 0.369531 0.441667 0.370312 0.434375 0.370312 0.433333 0.371094 0.429167 0.371094 0.428125 0.371875 0.425 0.371875 0.423958 0.372656 0.41875 0.372656 0.417708 0.373437 0.401042 0.373437 0.4 0.374219 0.391667 0.374219 0.390625 0.375 0.383333 0.375 0.382292 0.375781 0.363542 0.375781 0.3625 0.376562 0.316667 0.376562 0.315625 0.375781 0.286458 0.375781 0.285417 0.375 0.278125 0.375 0.277083 0.374219 0.269792 0.374219 0.26875 0.373437 0.257292 0.373437 0.25625 0.372656 0.246875 0.372656 0.245833 0.371875 0.241667 0.371875 0.240625 0.371094 0.2375 0.371094 0.236458 0.370312 0.23125 0.370312 0.230208 0.369531 0.226042 0.369531 0.225 0.36875 0.223958 0.36875 0.222917 0.367969 0.221875 0.367969 0.220833 0.367188 0.217708 0.367188 0.216667 0.366406 0.214583 0.366406 0.213542 0.365625 0.2125 0.365625 0.210417 0.364062 0.209375 0.364062 0.208333 0.363281 0.207292 0.363281 0.20625 0.3625 0.205208 0.3625 0.202083 0.360156 0.198958 0.360156 0.198958 0.360937 0.197917 0.361719 0.197917 0.367969 0.198958 0.36875 0.198958 0.371875 0.2 0.372656 0.2 0.373437 0.202083 0.375 0.202083 0.375781 0.203125 0.376562 0.203125 0.377344 0.20625 0.379687 0.207292 0.379687 0.210417 0.382031 0.211458 0.382031 0.2125 0.382812 0.213542 0.382812 0.214583 0.383594 0.215625 0.383594 0.216667 0.384375 0.217708 0.384375 0.21875 0.385156 0.221875 0.385156 0.222917 0.385937 0.225 0.385937 0.226042 0.386719 0.227083 0.386719 0.228125 0.3875 0.23125 0.3875 0.232292 0.388281 0.2375 0.388281 0.238542 0.389062 0.241667 0.389062 0.242708 0.389844 0.245833 0.389844 0.246875 0.390625 0.253125 0.390625 0.254167 0.391406 0.263542 0.391406 0.264583 0.392187 0.270833 0.392187 0.271875 0.392969 0.279167 0.392969 0.280208 0.39375 0.296875 0.39375 0.297917 0.394531 0.365625 0.394531 0.366667 0.39375 0.384375 0.39375 0.385417 0.392969 0.391667 0.392969 0.392708 0.392187 0.398958 0.392187 0.4 0.391406 0.40625 0.391406 0.407292 0.390625 0.413542 0.390625 0.414583 0.389844 0.41875 0.389844 0.419792 0.389062 0.423958 0.389062 0.425 0.388281 0.43125 0.388281 0.432292 0.3875 0.436458 0.3875 0.4375 0.386719 0.439583 0.386719 0.440625 0.385937 0.44375 0.385937 0.444792 0.385156 0.448958 0.385156 0.45 0.384375 0.452083 0.384375 0.453125 0.383594 0.455208 0.383594 0.45625 0.382812 0.458333 0.382812 0.459375 0.382031 0.461458 0.382031 0.4625 0.38125 0.463542 0.38125 0.883434
0 0.191667 0.303125 0.191667 0.307812 0.192708 0.308594 0.192708 0.3125 0.191667 0.313281 0.191667 0.315625 0.192708 0.316406 0.192708 0.321094 0.19375 0.321875 0.19375 0.322656 0.195833 0.324219 0.196875 0.324219 0.198958 0.325781 0.2 0.325781 0.202083 0.327344 0.203125 0.327344 0.204167 0.328125 0.205208 0.328125 0.20625 0.328906 0.207292 0.328906 0.208333 0.329687 0.210417 0.329687 0.211458 0.330469 0.2125 0.330469 0.213542 0.33125 0.21875 0.33125 0.219792 0.332031 0.226042 0.332031 0.227083 0.332812 0.230208 0.332812 0.23125 0.333594 0.234375 0.333594 0.235417 0.334375 0.241667 0.334375 0.242708 0.335156 0.252083 0.335156 0.253125 0.335938 0.260417 0.335938 0.261458 0.336719 0.269792 0.336719 0.270833 0.3375 0.292708 0.3375 0.29375 0.338281 0.367708 0.338281 0.36875 0.3375 0.384375 0.3375 0.385417 0.336719 0.39375 0.336719 0.394792 0.335938 0.405208 0.335938 0.40625 0.335156 0.415625 0.335156 0.416667 0.334375 0.422917 0.334375 0.423958 0.333594 0.430208 0.333594 0.43125 0.332812 0.436458 0.332812 0.4375 0.332031 0.446875 0.332031 0.447917 0.33125 0.452083 0.33125 0.453125 0.330469 0.455208 0.330469 0.45625 0.329687 0.458333 0.329687 0.459375 0.328906 0.463542 0.328906 0.464583 0.328125 0.466667 0.328125 0.467708 0.327344 0.46875 0.327344 0.469792 0.326562 0.470833 0.326562 0.471875 0.325781 0.473958 0.325781 0.475 0.325 0.476042 0.325 0.477083 0.324219 0.478125 0.324219 0.48125 0.321875 0.48125 0.321094 0.482292 0.320312 0.482292 0.309375 0.48125 0.308594 0.48125 0.307031 0.479167 0.307031 0.478125 0.307812 0.476042 0.307812 0.475 0.308594 0.473958 0.308594 0.472917 0.309375 0.471875 0.309375 0.470833 0.310156 0.469792 0.310156 0.46875 0.310937 0.464583 0.310937 0.463542 0.311719 0.461458 0.311719 0.460417 0.3125 0.458333 0.3125 0.457292 0.313281 0.454167 0.313281 0.453125 0.314062 0.444792 0.314062 0.44375 0.314844 0.439583 0.314844 0.438542 0.315625 0.432292 0.315625 0.43125 0.316406 0.421875 0.316406 0.420833 0.317187 0.407292 0.317187 0.40625 0.317969 0.392708 0.317969 0.391667 0.31875 0.376042 0.31875 0.375 0.319531 0.329167 0.319531 0.328125 0.320312 0.297917 0.320312 0.296875 0.319531 0.270833 0.319531 0.269792 0.31875 0.259375 0.31875 0.258333 0.317969 0.248958 0.317969 0.247917 0.317187 0.236458 0.317187 0.235417 0.316406 0.227083 0.316406 0.226042 0.315625 0.221875 0.315625 0.220833 0.314844 0.21875 0.314844 0.217708 0.314062 0.215625 0.314062 0.214583 0.313281 0.209375 0.313281 0.208333 0.3125 0.20625 0.3125 0.204167 0.310937 0.203125 0.310937 0.202083 0.310156 0.2 0.310156 0.198958 0.309375 0.197917 0.309375 0.196875 0.308594 0.195833 0.308594 0.19375 0.307031 0.19375 0.305469 0.192708 0.304688 0.192708 0.303906 0.855182
0 0.182292 0.282812 0.182292 0.285156 0.189583 0.290625 0.189583 0.291406 0.190625 0.292187 0.190625 0.296094 0.191667 0.296875 0.191667 0.300781 0.192708 0.301562 0.192708 0.304688 0.196875 0.307812 0.198958 0.307812 0.201042 0.309375 0.202083 0.309375 0.203125 0.310156 0.204167 0.310156 0.205208 0.310937 0.207292 0.310937 0.208333 0.311719 0.210417 0.311719 0.211458 0.3125 0.213542 0.3125 0.214583 0.313281 0.21875 0.313281 0.219792 0.314062 0.222917 0.314062 0.223958 0.314844 0.229167 0.314844 0.230208 0.315625 0.2375 0.315625 0.238542 0.316406 0.246875 0.316406 0.247917 0.317187 0.260417 0.317187 0.261458 0.317969 0.271875 0.317969 0.272917 0.31875 0.365625 0.31875 0.366667 0.317969 0.379167 0.317969 0.380208 0.317187 0.396875 0.317187 0.397917 0.316406 0.411458 0.316406 0.4125 0.315625 0.420833 0.315625 0.421875 0.314844 0.430208 0.314844 0.43125 0.314062 0.438542 0.314062 0.439583 0.313281 0.448958 0.313281 0.45 0.3125 0.455208 0.3125 0.45625 0.311719 0.458333 0.311719 0.459375 0.310937 0.461458 0.310937 0.4625 0.310156 0.466667 0.310156 0.467708 0.309375 0.46875 0.309375 0.469792 0.308594 0.471875 0.308594 0.472917 0.307812 0.473958 0.307812 0.475 0.307031 0.476042 0.307031 0.477083 0.30625 0.479167 0.30625 0.48125 0.304688 0.48125 0.303906 0.482292 0.303125 0.482292 0.301562 0.483333 0.300781 0.483333 0.291406 0.482292 0.290625 0.482292 0.289062 0.48125 0.288281 0.479167 0.288281 0.478125 0.289062 0.476042 0.289062 0.473958 0.290625 0.471875 0.290625 0.470833 0.291406 0.46875 0.291406 0.467708 0.292187 0.4625 0.292187 0.461458 0.292969 0.459375 0.292969 0.458333 0.29375 0.455208 0.29375 0.454167 0.294531 0.445833 0.294531 0.444792 0.295312 0.434375 0.295312 0.433333 0.296094 0.423958 0.296094 0.422917 0.296875 0.411458 0.296875 0.410417 0.297656 0.394792 0.297656 0.39375 0.298437 0.371875 0.298437 0.370833 0.299219 0.3375 0.299219 0.336458 0.3 0.304167 0.3 0.303125 0.299219 0.282292 0.299219 0.28125 0.298437 0.257292 0.298437 0.25625 0.297656 0.239583 0.297656 0.238542 0.296875 0.23125 0.296875 0.230208 0.296094 0.227083 0.296094 0.226042 0.295312 0.220833 0.295312 0.219792 0.294531 0.214583 0.294531 0.213542 0.29375 0.210417 0.29375 0.208333 0.292187 0.207292 0.292187 0.20625 0.291406 0.204167 0.291406 0.203125 0.290625 0.202083 0.290625 0.198958 0.288281 0.198958 0.286719 0.2 0.285937 0.197917 0.285937 0.196875 0.285156 0.195833 0.285156 0.194792 0.284375 0.19375 0.284375 0.192708 0.283594 0.191667 0.283594 0.190625 0.282812 0.836085
