0 0.359375 0.5 0.359375 0.515625 0.360417 0.516406 0.360417 0.517188 0.3625 0.51875 0.3625 0.519531 0.364583 0.521094 0.364583 0.521875 0.367708 0.524219 0.367708 0.525 0.369792 0.526562 0.370833 0.526562 0.375 0.529687 0.376042 0.529687 0.378125 0.53125 0.379167 0.53125 0.380208 0.532031 0.38125 0.532031 0.382292 0.532812 0.383333 0.532812 0.385417 0.534375 0.386458 0.534375 0.3875 0.535156 0.389583 0.535156 0.390625 0.535937 0.392708 0.535937 0.39375 0.536719 0.394792 0.536719 0.395833 0.5375 0.396875 0.5375 0.397917 0.538281 0.402083 0.538281 0.403125 0.539062 0.405208 0.539062 0.40625 0.539844 0.408333 0.539844 0.409375 0.540625 0.411458 0.540625 0.4125 0.541406 0.417708 0.541406 0.41875 0.542187 0.422917 0.542187 0.423958 0.542969 0.427083 0.542969 0.428125 0.54375 0.432292 0.54375 0.433333 0.544531 0.44375 0.544531 0.444792 0.545312 0.509375 0.545312 0.510417 0.544531 0.521875 0.544531 0.522917 0.54375 0.528125 0.54375 0.529167 0.542969 0.533333 0.542969 0.534375 0.542187 0.538542 0.542187 0.539583 0.541406 0.546875 0.541406 0.547917 0.540625 0.55 0.540625 0.551042 0.539844 0.553125 0.539844 0.554167 0.539062 0.557292 0.539062 0.558333 0.538281 0.561458 0.538281 0.5625 0.5375 0.563542 0.5375 0.564583 0.536719 0.565625 0.536719 0.566667 0.535937 0.56875 0.535937 0.569792 0.535156 0.572917 0.535156 0.573958 0.534375 0.575 0.534375 0.576042 0.533594 0.577083 0.533594 0.578125 0.532812 0.579167 0.532812 0.580208 0.532031 0.58125 0.532031 0.583333 0.530469 0.584375 0.530469 0.585417 0.529687 0.586458 0.529687 0.5875 0.528906 0.588542 0.528906 0.592708 0.525781 0.59375 0.525781 0.59375 0.525 0.6 0.520312 0.6 0.519531 0.602083 0.517969 0.602083 0.517188 0.603125 0.516406 0.603125 0.514844 0.604167 0.514062 0.604167 0.509375 0.603125 0.508594 0.603125 0.507812 0.602083 0.507812 0.598958 0.510156 0.597917 0.510156 0.596875 0.510937 0.596875 0.511719 0.595833 0.5125 0.594792 0.5125 0.59375 0.513281 0.592708 0.513281 0.591667 0.514062 0.590625 0.514062 0.5875 0.516406 0.585417 0.516406 0.584375 0.517188 0.583333 0.517188 0.582292 0.517969 0.58125 0.517969 0.579167 0.519531 0.577083 0.519531 0.576042 0.520312 0.573958 0.520312 0.572917 0.521094 0.571875 0.521094 0.570833 0.521875 0.569792 0.521875 0.56875 0.522656 0.565625 0.522656 0.564583 0.523438 0.560417 0.523438 0.559375 0.524219 0.558333 0.524219 0.557292 0.525 0.555208 0.525 0.554167 0.525781 0.55 0.525781 0.548958 0.526562 0.542708 0.526562 0.541667 0.527344 0.538542 0.527344 0.5375 0.528125 0.532292 0.528125 0.53125 0.528906 0.519792 0.528906 0.51875 0.529687 0.50625 0.529687 0.505208 0.530469 0.492708 0.530469 0.491667 0.53125 0.479167 0.53125 0.478125 0.530469 0.45625 0.530469 0.455208 0.529687 0.44375 0.529687 0.442708 0.528906 0.43125 0.528906 0.430208 0.528125 0.427083 0.528125 0.426042 0.527344 0.421875 0.527344 0.420833 0.526562 0.415625 0.526562 0.414583 0.525781 0.409375 0.525781 0.408333 0.525 0.407292 0.525 0.40625 0.524219 0.404167 0.524219 0.403125 0.523438 0.401042 0.523438 0.4 0.522656 0.397917 0.522656 0.396875 0.521875 0.395833 0.521875 0.394792 0.521094 0.39375 0.521094 0.392708 0.520312 0.389583 0.520312 0.388542 0.519531 0.3875 0.519531 0.386458 0.51875 0.385417 0.51875 0.384375 0.517969 0.383333 0.517969 0.382292 0.517188 0.38125 0.517188 0.380208 0.516406 0.379167 0.516406 0.376042 0.514062 0.375 0.514062 0.373958 0.513281 0.372917 0.513281 0.364583 0.507031 0.364583 0.505469 0.363542 0.504687 0.363542 0.503906 0.361458 0.502344 0.361458 0.501562 0.360417 0.500781 0.360417 0.5 0.97025
0 0.597917 0.594531 0.597917 0.595312 0.596875 0.596094 0.596875 0.599219 0.595833 0.6 0.595833 0.601562 0.594792 0.602344 0.594792 0.603125 0.59375 0.603906 0.59375 0.605469 0.591667 0.607031 0.591667 0.607812 0.589583 0.609375 0.589583 0.610156 0.580208 0.617188 0.579167 0.617188 0.577083 0.61875 0.576042 0.61875 0.572917 0.621094 0.571875 0.621094 0.569792 0.622656 0.56875 0.622656 0.567708 0.623437 0.566667 0.623437 0.565625 0.624219 0.564583 0.624219 0.563542 0.625 0.5625 0.625 0.560417 0.626562 0.558333 0.626562 0.557292 0.627344 0.55625 0.627344 0.555208 0.628125 0.554167 0.628125 0.553125 0.628906 0.552083 0.628906 0.551042 0.629687 0.548958 0.629687 0.547917 0.630469 0.544792 0.630469 0.54375 0.63125 0.541667 0.63125 0.540625 0.632031 0.538542 0.632031 0.5375 0.632812 0.534375 0.632812 0.533333 0.633594 0.530208 0.633594 0.529167 0.634375 0.526042 0.634375 0.525 0.635156 0.521875 0.635156 0.520833 0.635937 0.515625 0.635937 0.514583 0.636719 0.505208 0.636719 0.504167 0.6375 0.492708 0.6375 0.491667 0.638281 0.475 0.638281 0.473958 0.639062 0.46875 0.639062 0.467708 0.638281 0.454167 0.638281 0.453125 0.6375 0.444792 0.6375 0.44375 0.636719 0.436458 0.636719 0.435417 0.635937 0.430208 0.635937 0.429167 0.635156 0.427083 0.635156 0.426042 0.634375 0.422917 0.634375 0.421875 0.633594 0.417708 0.633594 0.416667 0.632812 0.413542 0.632812 0.4125 0.632031 0.411458 0.632031 0.410417 0.63125 0.408333 0.63125 0.407292 0.630469 0.404167 0.630469 0.403125 0.629687 0.401042 0.629687 0.4 0.628906 0.398958 0.628906 0.397917 0.628125 0.396875 0.628125 0.395833 0.627344 0.394792 0.627344 0.39375 0.626562 0.391667 0.626562 0.390625 0.625781 0.389583 0.625781 0.388542 0.625 0.3875 0.625 0.386458 0.624219 0.385417 0.624219 0.384375 0.623437 0.383333 0.623437 0.38125 0.621875 0.380208 0.621875 0.378125 0.620312 0.377083 0.620312 0.375 0.61875 0.373958 0.61875 0.372917 0.617969 0.372917 0.617188 0.371875 0.617188 0.364583 0.611719 0.364583 0.610937 0.363542 0.610156 0.363542 0.609375 0.3625 0.610156 0.3625 0.614062 0.363542 0.614844 0.363542 0.616406 0.364583 0.617188 0.364583 0.617969 0.365625 0.61875 0.365625 0.619531 0.366667 0.620312 0.366667 0.621094 0.367708 0.621875 0.367708 0.622656 0.36875 0.623437 0.36875 0.624219 0.370833 0.625781 0.370833 0.626562 0.378125 0.632031 0.379167 0.632031 0.383333 0.635156 0.384375 0.635156 0.3875 0.6375 0.388542 0.6375 0.389583 0.638281 0.390625 0.638281 0.392708 0.639844 0.39375 0.639844 0.394792 0.640625 0.395833 0.640625 0.396875 0.641406 0.398958 0.641406 0.4 0.642187 0.401042 0.642187 0.402083 0.642969 0.403125 0.642969 0.404167 0.64375 0.405208 0.64375 0.40625 0.644531 0.408333 0.644531 0.409375 0.645312 0.411458 0.645312 0.4125 0.646094 0.414583 0.646094 0.415625 0.646875 0.416667 0.646875 0.417708 0.647656 0.421875 0.647656 0.422917 0.648438 0.427083 0.648438 0.428125 0.649219 0.430208 0.649219 0.43125 0.65 0.433333 0.65 0.434375 0.650781 0.440625 0.650781 0.441667 0.651562 0.45 0.651562 0.451042 0.652344 0.507292 0.652344 0.508333 0.651562 0.516667 0.651562 0.517708 0.650781 0.525 0.650781 0.526042 0.65 0.528125 0.65 0.529167 0.649219 0.530208 0.649219 0.53125 0.648438 0.534375 0.648438 0.535417 0.647656 0.541667 0.647656 0.542708 0.646875 0.544792 0.646875 0.545833 0.646094 0.546875 0.646094 0.547917 0.645312 0.55 0.645312 0.551042 0.644531 0.554167 0.644531 0.555208 0.64375 0.55625 0.64375 0.558333 0.642187 0.559375 0.642187 0.560417 0.641406 0.563542 0.641406 0.565625 0.639844 0.566667 0.639844 0.56875 0.638281 0.569792 0.638281 0.570833 0.6375 0.571875 0.6375 0.573958 0.635937 0.575 0.635937 0.577083 0.634375 0.578125 0.634375 0.582292 0.63125 0.583333 0.63125 0.5875 0.628125 0.5875 0.627344 0.595833 0.621094 0.595833 0.620312 0.596875 0.619531 0.596875 0.61875 0.597917 0.617969 0.597917 0.617188 0.598958 0.616406 0.598958 0.615625 0.6 0.614844 0.6 0.6125 0.601042 0.611719 0.601042 0.598437 0.598958 0.596875 0.598958 0.596094 0.597917 0.595312 0.968075
0 0.364583 0.441406 0.364583 0.45625 0.365625 0.457031 0.365625 0.457812 0.366667 0.458594 0.366667 0.459375 0.372917 0.464062 0.373958 0.464062 0.377083 0.466406 0.378125 0.466406 0.380208 0.467969 0.38125 0.467969 0.382292 0.46875 0.383333 0.46875 0.384375 0.469531 0.385417 0.469531 0.386458 0.470312 0.3875 0.470312 0.388542 0.471094 0.389583 0.471094 0.390625 0.471875 0.391667 0.471875 0.392708 0.472656 0.395833 0.472656 0.396875 0.473437 0.398958 0.473437 0.4 0.474219 0.401042 0.474219 0.402083 0.475 0.404167 0.475 0.405208 0.475781 0.409375 0.475781 0.410417 0.476562 0.413542 0.476562 0.414583 0.477344 0.416667 0.477344 0.417708 0.478125 0.419792 0.478125 0.420833 0.478906 0.427083 0.478906 0.428125 0.479687 0.433333 0.479687 0.434375 0.480469 0.4375 0.480469 0.438542 0.48125 0.444792 0.48125 0.445833 0.482031 0.460417 0.482031 0.461458 0.482812 0.508333 0.482812 0.509375 0.482031 0.528125 0.482031 0.529167 0.48125 0.535417 0.48125 0.536458 0.480469 0.540625 0.480469 0.541667 0.479687 0.547917 0.479687 0.548958 0.478906 0.555208 0.478906 0.55625 0.478125 0.560417 0.478125 0.561458 0.477344 0.563542 0.477344 0.564583 0.476562 0.56875 0.476562 0.569792 0.475781 0.573958 0.475781 0.575 0.475 0.577083 0.475 0.578125 0.474219 0.580208 0.474219 0.58125 0.473437 0.583333 0.473437 0.584375 0.472656 0.5875 0.472656 0.588542 0.471875 0.589583 0.471875 0.590625 0.471094 0.591667 0.471094 0.592708 0.470312 0.594792 0.470312 0.595833 0.469531 0.596875 0.469531 0.597917 0.46875 0.598958 0.46875 0.601042 0.467187 0.602083 0.467187 0.603125 0.466406 0.604167 0.466406 0.605208 0.465625 0.60625 0.465625 0.609375 0.463281 0.610417 0.463281 0.614583 0.460156 0.614583 0.459375 0.615625 0.458594 0.615625 0.457812 0.616667 0.457031 0.616667 0.448437 0.615625 0.447656 0.615625 0.446875 0.613542 0.446875 0.610417 0.449219 0.609375 0.449219 0.607292 0.450781 0.60625 0.450781 0.605208 0.451562 0.604167 0.451562 0.602083 0.453125 0.601042 0.453125 0.6 0.453906 0.598958 0.453906 0.597917 0.454687 0.595833 0.454687 0.594792 0.455469 0.59375 0.455469 0.592708 0.45625 0.591667 0.45625 0.590625 0.457031 0.5875 0.457031 0.586458 0.457812 0.583333 0.457812 0.582292 0.458594 0.580208 0.458594 0.579167 0.459375 0.577083 0.459375 0.576042 0.460156 0.571875 0.460156 0.570833 0.460937 0.564583 0.460937 0.563542 0.461719 0.560417 0.461719 0.559375 0.4625 0.55625 0.4625 0.555208 0.463281 0.547917 0.463281 0.546875 0.464062 0.539583 0.464062 0.538542 0.464844 0.533333 0.464844 0.532292 0.465625 0.525 0.465625 0.523958 0.466406 0.498958 0.466406 0.497917 0.467187 0.48125 0.467187 0.480208 0.466406 0.455208 0.466406 0.454167 0.465625 0.447917 0.465625 0.446875 0.464844 0.441667 0.464844 0.440625 0.464062 0.432292 0.464062 0.43125 0.463281 0.425 0.463281 0.423958 0.4625 0.420833 0.4625 0.419792 0.461719 0.416667 0.461719 0.415625 0.460937 0.410417 0.460937 0.409375 0.460156 0.405208 0.460156 0.404167 0.459375 0.402083 0.459375 0.401042 0.458594 0.4 0.458594 0.398958 0.457812 0.395833 0.457812 0.394792 0.457031 0.391667 0.457031 0.390625 0.45625 0.389583 0.45625 0.388542 0.455469 0.3875 0.455469 0.386458 0.454687 0.384375 0.454687 0.383333 0.453906 0.38125 0.453906 0.379167 0.452344 0.378125 0.452344 0.376042 0.450781 0.375 0.450781 0.36875 0.446094 0.36875 0.445312 0.364583 0.442187 0.967163
0 0.596875 0.628906 0.595833 0.629687 0.59375 0.629687 0.59375 0.63125 0.592708 0.632031 0.592708 0.633594 0.591667 0.634375 0.591667 0.635156 0.590625 0.635937 0.590625 0.636719 0.589583 0.6375 0.589583 0.638281 0.575 0.649219 0.573958 0.649219 0.571875 0.650781 0.570833 0.650781 0.569792 0.651562 0.56875 0.651562 0.566667 0.653125 0.565625 0.653125 0.563542 0.654687 0.561458 0.654687 0.560417 0.655469 0.559375 0.655469 0.557292 0.657031 0.55625 0.657031 0.555208 0.657812 0.552083 0.657812 0.551042 0.658594 0.55 0.658594 0.548958 0.659375 0.547917 0.659375 0.546875 0.660156 0.544792 0.660156 0.54375 0.660937 0.540625 0.660937 0.539583 0.661719 0.5375 0.661719 0.536458 0.6625 0.535417 0.6625 0.534375 0.663281 0.53125 0.663281 0.530208 0.664062 0.522917 0.664062 0.521875 0.664844 0.517708 0.664844 0.516667 0.665625 0.513542 0.665625 0.5125 0.666406 0.50625 0.666406 0.505208 0.667187 0.490625 0.667187 0.489583 0.667969 0.467708 0.667969 0.466667 0.667187 0.45 0.667187 0.448958 0.666406 0.441667 0.666406 0.440625 0.665625 0.436458 0.665625 0.435417 0.664844 0.43125 0.664844 0.430208 0.664062 0.425 0.664062 0.423958 0.663281 0.420833 0.663281 0.419792 0.6625 0.417708 0.6625 0.416667 0.661719 0.414583 0.661719 0.413542 0.660937 0.410417 0.660937 0.409375 0.660156 0.407292 0.660156 0.40625 0.659375 0.405208 0.659375 0.404167 0.658594 0.403125 0.658594 0.402083 0.657812 0.4 0.657812 0.398958 0.657031 0.397917 0.657031 0.396875 0.65625 0.395833 0.65625 0.39375 0.654687 0.392708 0.654687 0.391667 0.653906 0.390625 0.653906 0.388542 0.652344 0.3875 0.652344 0.386458 0.651562 0.385417 0.651562 0.383333 0.65 0.382292 0.65 0.379167 0.647656 0.378125 0.647656 0.367708 0.639844 0.367708 0.639062 0.364583 0.636719 0.364583 0.635156 0.363542 0.634375 0.363542 0.633594 0.361458 0.632031 0.361458 0.63125 0.361458 0.646094 0.3625 0.646875 0.3625 0.647656 0.364583 0.649219 0.364583 0.65 0.366667 0.651562 0.366667 0.652344 0.36875 0.653906 0.36875 0.654687 0.380208 0.663281 0.38125 0.663281 0.385417 0.666406 0.386458 0.666406 0.3875 0.667187 0.388542 0.667187 0.390625 0.66875 0.391667 0.66875 0.392708 0.669531 0.39375 0.669531 0.394792 0.670312 0.395833 0.670312 0.397917 0.671875 0.4 0.671875 0.401042 0.672656 0.402083 0.672656 0.403125 0.673437 0.404167 0.673437 0.405208 0.674219 0.40625 0.674219 0.407292 0.675 0.409375 0.675 0.410417 0.675781 0.413542 0.675781 0.414583 0.676562 0.416667 0.676562 0.417708 0.677344 0.419792 0.677344 0.420833 0.678125 0.423958 0.678125 0.425 0.678906 0.429167 0.678906 0.430208 0.679688 0.435417 0.679688 0.436458 0.680469 0.440625 0.680469 0.441667 0.68125 0.446875 0.68125 0.447917 0.682031 0.508333 0.682031 0.509375 0.68125 0.514583 0.68125 0.515625 0.680469 0.519792 0.680469 0.520833 0.679688 0.525 0.679688 0.526042 0.678906 0.530208 0.678906 0.53125 0.678125 0.534375 0.678125 0.535417 0.677344 0.5375 0.677344 0.538542 0.676562 0.540625 0.676562 0.541667 0.675781 0.544792 0.675781 0.545833 0.675 0.546875 0.675 0.547917 0.674219 0.548958 0.674219 0.55 0.673437 0.552083 0.673437 0.553125 0.672656 0.554167 0.672656 0.555208 0.671875 0.55625 0.671875 0.557292 0.671094 0.558333 0.671094 0.559375 0.670312 0.560417 0.670312 0.561458 0.669531 0.5625 0.669531 0.563542 0.66875 0.564583 0.66875 0.566667 0.667187 0.567708 0.667187 0.56875 0.666406 0.569792 0.666406 0.572917 0.664062 0.573958 0.664062 0.577083 0.661719 0.578125 0.661719 0.588542 0.653906 0.588542 0.653125 0.591667 0.650781 0.591667 0.65 0.592708 0.649219 0.592708 0.648438 0.59375 0.647656 0.59375 0.646875 0.594792 0.646094 0.594792 0.645312 0.595833 0.644531 0.595833 0.642969 0.596875 0.642187 0.964509
0 0.35625 0.56875 0.35625 0.583594 0.357292 0.584375 0.357292 0.586719 0.358333 0.5875 0.358333 0.588281 0.359375 0.589062 0.359375 0.589844 0.360417 0.590625 0.360417 0.591406 0.361458 0.592187 0.361458 0.592969 0.3625 0.59375 0.3625 0.594531 0.364583 0.596094 0.364583 0.596875 0.366667 0.598437 0.366667 0.599219 0.371875 0.603125 0.372917 0.603125 0.375 0.604687 0.376042 0.604687 0.378125 0.60625 0.379167 0.60625 0.380208 0.607031 0.38125 0.607031 0.383333 0.608594 0.384375 0.608594 0.385417 0.609375 0.386458 0.609375 0.3875 0.610156 0.389583 0.610156 0.391667 0.611719 0.392708 0.611719 0.39375 0.6125 0.395833 0.6125 0.396875 0.613281 0.397917 0.613281 0.398958 0.614062 0.401042 0.614062 0.402083 0.614844 0.404167 0.614844 0.405208 0.615625 0.407292 0.615625 0.408333 0.616406 0.411458 0.616406 0.4125 0.617188 0.415625 0.617188 0.416667 0.617969 0.41875 0.617969 0.419792 0.61875 0.422917 0.61875 0.423958 0.619531 0.429167 0.619531 0.430208 0.620312 0.434375 0.620312 0.435417 0.621094 0.439583 0.621094 0.440625 0.621875 0.45 0.621875 0.451042 0.622656 0.494792 0.622656 0.495833 0.621875 0.505208 0.621875 0.50625 0.621094 0.5125 0.621094 0.513542 0.620312 0.519792 0.620312 0.520833 0.619531 0.529167 0.619531 0.530208 0.61875 0.533333 0.61875 0.534375 0.617969 0.535417 0.617969 0.536458 0.617188 0.538542 0.617188 0.539583 0.616406 0.54375 0.616406 0.544792 0.615625 0.546875 0.615625 0.547917 0.614844 0.548958 0.614844 0.55 0.614062 0.551042 0.614062 0.552083 0.613281 0.555208 0.613281 0.55625 0.6125 0.557292 0.6125 0.558333 0.611719 0.559375 0.611719 0.560417 0.610937 0.561458 0.610937 0.5625 0.610156 0.564583 0.610156 0.566667 0.608594 0.567708 0.608594 0.56875 0.607812 0.569792 0.607812 0.570833 0.607031 0.571875 0.607031 0.572917 0.60625 0.573958 0.60625 0.577083 0.603906 0.578125 0.603906 0.58125 0.601562 0.582292 0.601562 0.5875 0.597656 0.5875 0.596875 0.589583 0.595312 0.589583 0.594531 0.591667 0.592969 0.591667 0.592187 0.59375 0.590625 0.59375 0.589844 0.594792 0.589062 0.594792 0.588281 0.595833 0.5875 0.595833 0.585156 0.59375 0.585156 0.592708 0.585938 0.592708 0.586719 0.590625 0.588281 0.588542 0.588281 0.586458 0.589844 0.585417 0.589844 0.583333 0.591406 0.582292 0.591406 0.58125 0.592187 0.580208 0.592187 0.577083 0.594531 0.576042 0.594531 0.575 0.595312 0.572917 0.595312 0.570833 0.596875 0.569792 0.596875 0.56875 0.597656 0.567708 0.597656 0.566667 0.598437 0.564583 0.598437 0.563542 0.599219 0.5625 0.599219 0.561458 0.6 0.559375 0.6 0.558333 0.600781 0.55625 0.600781 0.555208 0.601562 0.552083 0.601562 0.551042 0.602344 0.55 0.602344 0.548958 0.603125 0.546875 0.603125 0.545833 0.603906 0.542708 0.603906 0.541667 0.604687 0.5375 0.604687 0.536458 0.605469 0.533333 0.605469 0.532292 0.60625 0.528125 0.60625 0.527083 0.607031 0.521875 0.607031 0.520833 0.607812 0.510417 0.607812 0.509375 0.608594 0.501042 0.608594 0.5 0.609375 0.478125 0.609375 0.477083 0.610156 0.476042 0.610156 0.475 0.609375 0.455208 0.609375 0.454167 0.608594 0.444792 0.608594 0.44375 0.607812 0.435417 0.607812 0.434375 0.607031 0.429167 0.607031 0.428125 0.60625 0.425 0.60625 0.423958 0.605469 0.421875 0.605469 0.420833 0.604687 0.416667 0.604687 0.415625 0.603906 0.4125 0.603906 0.411458 0.603125 0.410417 0.603125 0.409375 0.602344 0.407292 0.602344 0.40625 0.601562 0.403125 0.601562 0.402083 0.600781 0.4 0.600781 0.398958 0.6 0.397917 0.6 0.396875 0.599219 0.395833 0.599219 0.394792 0.598437 0.39375 0.598437 0.392708 0.597656 0.391667 0.597656 0.390625 0.596875 0.389583 0.596875 0.388542 0.596094 0.3875 0.596094 0.386458 0.595312 0.385417 0.595312 0.384375 0.594531 0.383333 0.594531 0.380208 0.592187 0.379167 0.592187 0.377083 0.590625 0.376042 0.590625 0.367708 0.584375 0.367708 0.583594 0.365625 0.582031 0.365625 0.58125 0.364583 0.580469 0.364583 0.579687 0.363542 0.578906 0.363542 0.578125 0.3625 0.577344 0.3625 0.576562 0.361458 0.575781 0.361458 0.573437 0.360417 0.572656 0.360417 0.571875 0.359375 0.571094 0.359375 0.570312 0.358333 0.570312 0.951273
0 0.360417 0.610937 0.360417 0.629687 0.361458 0.630469 0.361458 0.63125 0.3625 0.632031 0.3625 0.632812 0.363542 0.633594 0.363542 0.634375 0.364583 0.635156 0.364583 0.635937 0.36875 0.639062 0.36875 0.639844 0.379167 0.647656 0.380208 0.647656 0.383333 0.65 0.384375 0.65 0.386458 0.651562 0.3875 0.651562 0.389583 0.653125 0.390625 0.653125 0.391667 0.653906 0.392708 0.653906 0.39375 0.654687 0.394792 0.654687 0.396875 0.65625 0.397917 0.65625 0.398958 0.657031 0.401042 0.657031 0.402083 0.657812 0.403125 0.657812 0.404167 0.658594 0.405208 0.658594 0.40625 0.659375 0.408333 0.659375 0.409375 0.660156 0.411458 0.660156 0.4125 0.660937 0.414583 0.660937 0.415625 0.661719 0.417708 0.661719 0.41875 0.6625 0.421875 0.6625 0.422917 0.663281 0.428125 0.663281 0.429167 0.664062 0.432292 0.664062 0.433333 0.664844 0.436458 0.664844 0.4375 0.665625 0.445833 0.665625 0.446875 0.666406 0.461458 0.666406 0.4625 0.667187 0.490625 0.667187 0.491667 0.666406 0.508333 0.666406 0.509375 0.665625 0.515625 0.665625 0.516667 0.664844 0.519792 0.664844 0.520833 0.664062 0.525 0.664062 0.526042 0.663281 0.53125 0.663281 0.532292 0.6625 0.535417 0.6625 0.536458 0.661719 0.538542 0.661719 0.539583 0.660937 0.541667 0.660937 0.542708 0.660156 0.544792 0.660156 0.545833 0.659375 0.548958 0.659375 0.55 0.658594 0.551042 0.658594 0.552083 0.657812 0.553125 0.657812 0.554167 0.657031 0.555208 0.657031 0.55625 0.65625 0.558333 0.65625 0.559375 0.655469 0.560417 0.655469 0.5625 0.653906 0.563542 0.653906 0.564583 0.653125 0.565625 0.653125 0.566667 0.652344 0.567708 0.652344 0.569792 0.650781 0.570833 0.650781 0.571875 0.65 0.572917 0.65 0.582292 0.642969 0.583333 0.642969 0.583333 0.642187 0.5875 0.639062 0.5875 0.638281 0.589583 0.636719 0.589583 0.635937 0.590625 0.635156 0.590625 0.634375 0.591667 0.633594 0.591667 0.632812 0.592708 0.632031 0.592708 0.63125 0.59375 0.630469 0.59375 0.628906 0.594792 0.628125 0.594792 0.623437 0.59375 0.623437 0.592708 0.624219 0.592708 0.625 0.590625 0.626562 0.589583 0.626562 0.589583 0.627344 0.585417 0.630469 0.584375 0.630469 0.579167 0.634375 0.578125 0.634375 0.576042 0.635937 0.575 0.635937 0.572917 0.6375 0.571875 0.6375 0.569792 0.639062 0.567708 0.639062 0.565625 0.640625 0.564583 0.640625 0.563542 0.641406 0.5625 0.641406 0.561458 0.642187 0.559375 0.642187 0.558333 0.642969 0.557292 0.642969 0.555208 0.644531 0.553125 0.644531 0.552083 0.645312 0.55 0.645312 0.548958 0.646094 0.546875 0.646094 0.545833 0.646875 0.54375 0.646875 0.542708 0.647656 0.540625 0.647656 0.539583 0.648438 0.534375 0.648438 0.533333 0.649219 0.530208 0.649219 0.529167 0.65 0.527083 0.65 0.526042 0.650781 0.522917 0.650781 0.521875 0.651562 0.513542 0.651562 0.5125 0.652344 0.504167 0.652344 0.503125 0.653125 0.492708 0.653125 0.491667 0.653906 0.475 0.653906 0.473958 0.653125 0.45625 0.653125 0.455208 0.652344 0.445833 0.652344 0.444792 0.651562 0.4375 0.651562 0.436458 0.650781 0.433333 0.650781 0.432292 0.65 0.429167 0.65 0.428125 0.649219 0.425 0.649219 0.423958 0.648438 0.420833 0.648438 0.419792 0.647656 0.417708 0.647656 0.416667 0.646875 0.414583 0.646875 0.413542 0.646094 0.411458 0.646094 0.410417 0.645312 0.408333 0.645312 0.407292 0.644531 0.405208 0.644531 0.404167 0.64375 0.403125 0.64375 0.402083 0.642969 0.401042 0.642969 0.4 0.642187 0.397917 0.642187 0.396875 0.641406 0.395833 0.641406 0.39375 0.639844 0.392708 0.639844 0.391667 0.639062 0.390625 0.639062 0.389583 0.638281 0.388542 0.638281 0.385417 0.635937 0.384375 0.635937 0.382292 0.634375 0.38125 0.634375 0.369792 0.625781 0.369792 0.625 0.367708 0.623437 0.367708 0.622656 0.366667 0.621875 0.366667 0.621094 0.365625 0.620312 0.365625 0.619531 0.364583 0.61875 0.364583 0.617188 0.363542 0.616406 0.363542 0.614844 0.3625 0.614062 0.3625 0.613281 0.361458 0.6125 0.361458 0.611719 0.944089
0 0.355208 0.541406 0.355208 0.542969 0.353125 0.544531 0.353125 0.560156 0.354167 0.560937 0.354167 0.561719 0.355208 0.5625 0.355208 0.563281 0.357292 0.564844 0.357292 0.565625 0.369792 0.575 0.370833 0.575 0.372917 0.576562 0.373958 0.576562 0.377083 0.578906 0.378125 0.578906 0.380208 0.580469 0.38125 0.580469 0.382292 0.58125 0.383333 0.58125 0.384375 0.582031 0.385417 0.582031 0.386458 0.582812 0.388542 0.582812 0.389583 0.583594 0.390625 0.583594 0.391667 0.584375 0.392708 0.584375 0.39375 0.585156 0.395833 0.585156 0.396875 0.585938 0.398958 0.585938 0.4 0.586719 0.401042 0.586719 0.402083 0.5875 0.405208 0.5875 0.40625 0.588281 0.411458 0.588281 0.4125 0.589062 0.415625 0.589062 0.416667 0.589844 0.419792 0.589844 0.420833 0.590625 0.425 0.590625 0.426042 0.591406 0.433333 0.591406 0.434375 0.592187 0.442708 0.592187 0.44375 0.592969 0.455208 0.592969 0.45625 0.59375 0.490625 0.59375 0.491667 0.592969 0.498958 0.592969 0.5 0.592187 0.507292 0.592187 0.508333 0.591406 0.516667 0.591406 0.517708 0.590625 0.522917 0.590625 0.523958 0.589844 0.528125 0.589844 0.529167 0.589062 0.533333 0.589062 0.534375 0.588281 0.539583 0.588281 0.540625 0.5875 0.54375 0.5875 0.544792 0.586719 0.545833 0.586719 0.546875 0.585938 0.548958 0.585938 0.55 0.585156 0.552083 0.585156 0.553125 0.584375 0.555208 0.584375 0.55625 0.583594 0.557292 0.583594 0.558333 0.582812 0.560417 0.582812 0.561458 0.582031 0.563542 0.582031 0.564583 0.58125 0.565625 0.58125 0.566667 0.580469 0.567708 0.580469 0.569792 0.578906 0.570833 0.578906 0.571875 0.578125 0.572917 0.578125 0.575 0.576562 0.576042 0.576562 0.578125 0.575 0.579167 0.575 0.582292 0.572656 0.583333 0.572656 0.590625 0.567187 0.590625 0.566406 0.592708 0.564844 0.592708 0.564062 0.59375 0.563281 0.59375 0.5625 0.594792 0.561719 0.594792 0.560937 0.595833 0.560156 0.595833 0.553906 0.594792 0.554688 0.59375 0.554688 0.590625 0.557031 0.589583 0.557031 0.586458 0.559375 0.585417 0.559375 0.583333 0.560937 0.582292 0.560937 0.579167 0.563281 0.578125 0.563281 0.577083 0.564062 0.576042 0.564062 0.575 0.564844 0.573958 0.564844 0.572917 0.565625 0.571875 0.565625 0.570833 0.566406 0.569792 0.566406 0.56875 0.567187 0.566667 0.567187 0.565625 0.567969 0.563542 0.567969 0.5625 0.56875 0.561458 0.56875 0.560417 0.569531 0.559375 0.569531 0.558333 0.570312 0.555208 0.570312 0.554167 0.571094 0.551042 0.571094 0.55 0.571875 0.547917 0.571875 0.546875 0.572656 0.544792 0.572656 0.54375 0.573437 0.540625 0.573437 0.539583 0.574219 0.535417 0.574219 0.534375 0.575 0.530208 0.575 0.529167 0.575781 0.526042 0.575781 0.525 0.576562 0.519792 0.576562 0.51875 0.577344 0.510417 0.577344 0.509375 0.578125 0.5 0.578125 0.498958 0.578906 0.461458 0.578906 0.460417 0.578125 0.45 0.578125 0.448958 0.577344 0.436458 0.577344 0.435417 0.576562 0.428125 0.576562 0.427083 0.575781 0.422917 0.575781 0.421875 0.575 0.41875 0.575 0.417708 0.574219 0.413542 0.574219 0.4125 0.573437 0.409375 0.573437 0.408333 0.572656 0.405208 0.572656 0.404167 0.571875 0.403125 0.571875 0.402083 0.571094 0.398958 0.571094 0.397917 0.570312 0.395833 0.570312 0.394792 0.569531 0.39375 0.569531 0.392708 0.56875 0.390625 0.56875 0.389583 0.567969 0.388542 0.567969 0.3875 0.567187 0.385417 0.567187 0.384375 0.566406 0.383333 0.566406 0.38125 0.564844 0.380208 0.564844 0.379167 0.564062 0.378125 0.564062 0.376042 0.5625 0.375 0.5625 0.372917 0.560937 0.371875 0.560937 0.367708 0.557812 0.366667 0.557812 0.361458 0.553906 0.361458 0.553125 0.359375 0.551562 0.359375 0.550781 0.358333 0.55 0.358333 0.549219 0.357292 0.548437 0.357292 0.546875 0.35625 0.546094 0.35625 0.542187 0.943971
0 0.596875 0.590625 0.594792 0.592187 0.59375 0.592187 0.59375 0.592969 0.591667 0.594531 0.591667 0.595312 0.590625 0.596094 0.590625 0.596875 0.58125 0.603906 0.580208 0.603906 0.578125 0.605469 0.577083 0.605469 0.575 0.607031 0.573958 0.607031 0.572917 0.607812 0.571875 0.607812 0.570833 0.608594 0.569792 0.608594 0.56875 0.609375 0.567708 0.609375 0.566667 0.610156 0.565625 0.610156 0.564583 0.610937 0.563542 0.610937 0.5625 0.611719 0.561458 0.611719 0.560417 0.6125 0.559375 0.6125 0.558333 0.613281 0.557292 0.613281 0.55625 0.614062 0.553125 0.614062 0.552083 0.614844 0.551042 0.614844 0.55 0.615625 0.548958 0.615625 0.547917 0.616406 0.544792 0.616406 0.54375 0.617188 0.540625 0.617188 0.539583 0.617969 0.5375 0.617969 0.536458 0.61875 0.534375 0.61875 0.533333 0.619531 0.53125 0.619531 0.530208 0.620312 0.521875 0.620312 0.520833 0.621094 0.514583 0.621094 0.513542 0.621875 0.50625 0.621875 0.505208 0.622656 0.495833 0.622656 0.494792 0.623437 0.452083 0.623437 0.451042 0.622656 0.439583 0.622656 0.438542 0.621875 0.434375 0.621875 0.433333 0.621094 0.430208 0.621094 0.429167 0.620312 0.423958 0.620312 0.422917 0.619531 0.419792 0.619531 0.41875 0.61875 0.416667 0.61875 0.415625 0.617969 0.413542 0.617969 0.4125 0.617188 0.408333 0.617188 0.407292 0.616406 0.405208 0.616406 0.404167 0.615625 0.402083 0.615625 0.401042 0.614844 0.4 0.614844 0.398958 0.614062 0.396875 0.614062 0.395833 0.613281 0.39375 0.613281 0.391667 0.611719 0.390625 0.611719 0.389583 0.610937 0.3875 0.610937 0.386458 0.610156 0.385417 0.610156 0.384375 0.609375 0.383333 0.609375 0.38125 0.607812 0.380208 0.607812 0.379167 0.607031 0.378125 0.607031 0.376042 0.605469 0.375 0.605469 0.372917 0.603906 0.371875 0.603906 0.366667 0.6 0.366667 0.599219 0.363542 0.596875 0.363542 0.596094 0.361458 0.594531 0.361458 0.59375 0.360417 0.592969 0.360417 0.592187 0.359375 0.591406 0.358333 0.592187 0.358333 0.600781 0.359375 0.601562 0.359375 0.603125 0.360417 0.603906 0.360417 0.604687 0.361458 0.605469 0.361458 0.60625 0.3625 0.607031 0.3625 0.607812 0.364583 0.609375 0.364583 0.610156 0.366667 0.611719 0.366667 0.6125 0.372917 0.617188 0.373958 0.617188 0.377083 0.619531 0.378125 0.619531 0.380208 0.621094 0.38125 0.621094 0.383333 0.622656 0.384375 0.622656 0.385417 0.623437 0.386458 0.623437 0.3875 0.624219 0.388542 0.624219 0.389583 0.625 0.390625 0.625 0.391667 0.625781 0.392708 0.625781 0.39375 0.626562 0.394792 0.626562 0.395833 0.627344 0.396875 0.627344 0.397917 0.628125 0.398958 0.628125 0.4 0.628906 0.403125 0.628906 0.404167 0.629687 0.40625 0.629687 0.407292 0.630469 0.408333 0.630469 0.409375 0.63125 0.411458 0.63125 0.4125 0.632031 0.416667 0.632031 0.417708 0.632812 0.420833 0.632812 0.421875 0.633594 0.423958 0.633594 0.425 0.634375 0.428125 0.634375 0.429167 0.635156 0.436458 0.635156 0.4375 0.635937 0.44375 0.635937 0.444792 0.636719 0.451042 0.636719 0.452083 0.6375 0.460417 0.6375 0.461458 0.638281 0.483333 0.638281 0.484375 0.6375 0.495833 0.6375 0.496875 0.636719 0.504167 0.636719 0.505208 0.635937 0.5125 0.635937 0.513542 0.635156 0.520833 0.635156 0.521875 0.634375 0.526042 0.634375 0.527083 0.633594 0.530208 0.633594 0.53125 0.632812 0.534375 0.632812 0.535417 0.632031 0.538542 0.632031 0.539583 0.63125 0.541667 0.63125 0.542708 0.630469 0.544792 0.630469 0.545833 0.629687 0.547917 0.629687 0.548958 0.628906 0.551042 0.628906 0.552083 0.628125 0.554167 0.628125 0.555208 0.627344 0.55625 0.627344 0.557292 0.626562 0.558333 0.626562 0.559375 0.625781 0.560417 0.625781 0.561458 0.625 0.5625 0.625 0.563542 0.624219 0.564583 0.624219 0.566667 0.622656 0.56875 0.622656 0.570833 0.621094 0.571875 0.621094 0.575 0.61875 0.576042 0.61875 0.578125 0.617188 0.579167 0.617188 0.588542 0.610156 0.588542 0.609375 0.590625 0.607812 0.590625 0.607031 0.592708 0.605469 0.592708 0.603906 0.59375 0.603125 0.59375 0.602344 0.594792 0.601562 0.594792 0.6 0.595833 0.599219 0.595833 0.597656 0.596875 0.596875 0.940331
0 0.363542 0.457031 0.363542 0.458594 0.3625 0.459375 0.3625 0.466406 0.363542 0.467187 0.363542 0.46875 0.364583 0.469531 0.364583 0.471094 0.365625 0.471875 0.365625 0.473437 0.378125 0.482812 0.379167 0.482812 0.38125 0.484375 0.382292 0.484375 0.383333 0.485156 0.385417 0.485156 0.3875 0.486719 0.388542 0.486719 0.389583 0.4875 0.391667 0.4875 0.392708 0.488281 0.394792 0.488281 0.395833 0.489062 0.397917 0.489062 0.398958 0.489844 0.4 0.489844 0.401042 0.490625 0.404167 0.490625 0.405208 0.491406 0.408333 0.491406 0.409375 0.492187 0.411458 0.492187 0.4125 0.492969 0.414583 0.492969 0.415625 0.49375 0.41875 0.49375 0.419792 0.494531 0.425 0.494531 0.426042 0.495312 0.430208 0.495312 0.43125 0.496094 0.434375 0.496094 0.435417 0.496875 0.442708 0.496875 0.44375 0.497656 0.4625 0.497656 0.463542 0.498437 0.509375 0.498437 0.510417 0.497656 0.523958 0.497656 0.525 0.496875 0.535417 0.496875 0.536458 0.496094 0.541667 0.496094 0.542708 0.495312 0.547917 0.495312 0.548958 0.494531 0.555208 0.494531 0.55625 0.49375 0.560417 0.49375 0.561458 0.492969 0.564583 0.492969 0.565625 0.492187 0.567708 0.492187 0.56875 0.491406 0.571875 0.491406 0.572917 0.490625 0.576042 0.490625 0.577083 0.489844 0.578125 0.489844 0.579167 0.489062 0.58125 0.489062 0.582292 0.488281 0.584375 0.488281 0.585417 0.4875 0.586458 0.4875 0.5875 0.486719 0.589583 0.486719 0.590625 0.485937 0.591667 0.485937 0.592708 0.485156 0.59375 0.485156 0.594792 0.484375 0.595833 0.484375 0.596875 0.483594 0.597917 0.483594 0.6 0.482031 0.601042 0.482031 0.604167 0.479687 0.605208 0.479687 0.6125 0.474219 0.6125 0.463281 0.611458 0.463281 0.610417 0.464062 0.609375 0.464062 0.60625 0.466406 0.605208 0.466406 0.604167 0.467187 0.603125 0.467187 0.601042 0.46875 0.6 0.46875 0.597917 0.470312 0.595833 0.470312 0.594792 0.471094 0.592708 0.471094 0.590625 0.472656 0.588542 0.472656 0.5875 0.473437 0.584375 0.473437 0.583333 0.474219 0.58125 0.474219 0.580208 0.475 0.578125 0.475 0.577083 0.475781 0.575 0.475781 0.573958 0.476562 0.56875 0.476562 0.567708 0.477344 0.564583 0.477344 0.563542 0.478125 0.561458 0.478125 0.560417 0.478906 0.55625 0.478906 0.555208 0.479687 0.546875 0.479687 0.545833 0.480469 0.541667 0.480469 0.540625 0.48125 0.535417 0.48125 0.534375 0.482031 0.526042 0.482031 0.525 0.482812 0.489583 0.482812 0.488542 0.483594 0.484375 0.483594 0.483333 0.482812 0.447917 0.482812 0.446875 0.482031 0.439583 0.482031 0.438542 0.48125 0.435417 0.48125 0.434375 0.480469 0.430208 0.480469 0.429167 0.479687 0.421875 0.479687 0.420833 0.478906 0.417708 0.478906 0.416667 0.478125 0.414583 0.478125 0.413542 0.477344 0.411458 0.477344 0.410417 0.476562 0.405208 0.476562 0.404167 0.475781 0.401042 0.475781 0.4 0.475 0.398958 0.475 0.397917 0.474219 0.396875 0.474219 0.395833 0.473437 0.392708 0.473437 0.391667 0.472656 0.389583 0.472656 0.388542 0.471875 0.3875 0.471875 0.386458 0.471094 0.385417 0.471094 0.384375 0.470312 0.382292 0.470312 0.38125 0.469531 0.380208 0.469531 0.377083 0.467187 0.376042 0.467187 0.370833 0.463281 0.369792 0.463281 0.36875 0.4625 0.36875 0.461719 0.364583 0.458594 0.364583 0.457812 0.940252
0 0.447917 0.296875 0.446875 0.297656 0.445833 0.297656 0.444792 0.298437 0.441667 0.298437 0.440625 0.299219 0.438542 0.299219 0.4375 0.3 0.433333 0.3 0.432292 0.300781 0.427083 0.300781 0.426042 0.301562 0.421875 0.301562 0.420833 0.302344 0.413542 0.302344 0.4125 0.303125 0.408333 0.303125 0.407292 0.303906 0.401042 0.303906 0.4 0.304688 0.396875 0.304688 0.395833 0.305469 0.392708 0.305469 0.391667 0.30625 0.3875 0.30625 0.386458 0.307031 0.379167 0.307031 0.378125 0.307812 0.375 0.307812 0.373958 0.308594 0.371875 0.308594 0.370833 0.309375 0.36875 0.309375 0.367708 0.310156 0.366667 0.310156 0.365625 0.310937 0.364583 0.310937 0.363542 0.311719 0.3625 0.311719 0.360417 0.313281 0.360417 0.33125 0.361458 0.332031 0.3625 0.332031 0.363542 0.332812 0.364583 0.332812 0.366667 0.334375 0.367708 0.334375 0.36875 0.335156 0.372917 0.335156 0.373958 0.335938 0.376042 0.335938 0.377083 0.336719 0.379167 0.336719 0.380208 0.3375 0.382292 0.3375 0.383333 0.338281 0.3875 0.338281 0.388542 0.339062 0.392708 0.339062 0.39375 0.339844 0.396875 0.339844 0.397917 0.340625 0.402083 0.340625 0.403125 0.341406 0.4125 0.341406 0.413542 0.342187 0.422917 0.342187 0.423958 0.342969 0.453125 0.342969 0.454167 0.34375 0.472917 0.34375 0.473958 0.344531 0.53125 0.344531 0.532292 0.34375 0.55 0.34375 0.551042 0.342969 0.559375 0.342969 0.560417 0.342187 0.567708 0.342187 0.56875 0.341406 0.578125 0.341406 0.579167 0.340625 0.586458 0.340625 0.5875 0.339844 0.591667 0.339844 0.592708 0.339062 0.597917 0.339062 0.598958 0.338281 0.603125 0.338281 0.604167 0.3375 0.607292 0.3375 0.608333 0.336719 0.611458 0.336719 0.6125 0.335938 0.615625 0.335938 0.616667 0.335156 0.619792 0.335156 0.620833 0.334375 0.622917 0.334375 0.623958 0.333594 0.626042 0.333594 0.627083 0.332812 0.628125 0.332812 0.629167 0.332031 0.630208 0.332031 0.634375 0.328906 0.634375 0.328125 0.635417 0.327344 0.635417 0.315625 0.634375 0.314844 0.634375 0.314062 0.633333 0.313281 0.633333 0.3125 0.629167 0.309375 0.628125 0.309375 0.626042 0.307812 0.625 0.307812 0.623958 0.307031 0.622917 0.307031 0.620833 0.305469 0.619792 0.305469 0.61875 0.304688 0.616667 0.304688 0.614583 0.303125 0.613542 0.303125 0.6125 0.302344 0.611458 0.302344 0.610417 0.301562 0.609375 0.301562 0.608333 0.300781 0.607292 0.300781 0.60625 0.3 0.604167 0.3 0.603125 0.299219 0.602083 0.299219 0.6 0.297656 0.598958 0.297656 0.597917 0.296875 0.940248
0 0.360417 0.48125 0.360417 0.5 0.361458 0.500781 0.361458 0.501562 0.3625 0.502344 0.3625 0.503125 0.364583 0.504687 0.364583 0.505469 0.366667 0.507031 0.366667 0.507812 0.369792 0.510156 0.370833 0.510156 0.375 0.513281 0.376042 0.513281 0.378125 0.514844 0.379167 0.514844 0.38125 0.516406 0.383333 0.516406 0.385417 0.517969 0.386458 0.517969 0.3875 0.51875 0.388542 0.51875 0.389583 0.519531 0.392708 0.519531 0.39375 0.520312 0.394792 0.520312 0.395833 0.521094 0.397917 0.521094 0.398958 0.521875 0.4 0.521875 0.401042 0.522656 0.404167 0.522656 0.405208 0.523438 0.407292 0.523438 0.408333 0.524219 0.409375 0.524219 0.410417 0.525 0.414583 0.525 0.415625 0.525781 0.422917 0.525781 0.423958 0.526562 0.428125 0.526562 0.429167 0.527344 0.433333 0.527344 0.434375 0.528125 0.444792 0.528125 0.445833 0.528906 0.46875 0.528906 0.469792 0.529687 0.496875 0.529687 0.497917 0.528906 0.514583 0.528906 0.515625 0.528125 0.527083 0.528125 0.528125 0.527344 0.533333 0.527344 0.534375 0.526562 0.539583 0.526562 0.540625 0.525781 0.547917 0.525781 0.548958 0.525 0.553125 0.525 0.554167 0.524219 0.55625 0.524219 0.557292 0.523438 0.558333 0.523438 0.559375 0.522656 0.563542 0.522656 0.564583 0.521875 0.565625 0.521875 0.566667 0.521094 0.56875 0.521094 0.569792 0.520312 0.571875 0.520312 0.572917 0.519531 0.575 0.519531 0.576042 0.51875 0.578125 0.51875 0.580208 0.517188 0.58125 0.517188 0.582292 0.516406 0.584375 0.516406 0.586458 0.514844 0.5875 0.514844 0.589583 0.513281 0.590625 0.513281 0.591667 0.5125 0.592708 0.5125 0.595833 0.510156 0.596875 0.510156 0.604167 0.504687 0.604167 0.503906 0.605208 0.503125 0.605208 0.501562 0.60625 0.500781 0.60625 0.496094 0.607292 0.495312 0.60625 0.494531 0.60625 0.492969 0.603125 0.495312 0.602083 0.495312 0.597917 0.498437 0.596875 0.498437 0.594792 0.5 0.59375 0.5 0.592708 0.500781 0.591667 0.500781 0.590625 0.501562 0.588542 0.501562 0.586458 0.503125 0.585417 0.503125 0.584375 0.503906 0.582292 0.503906 0.58125 0.504687 0.578125 0.504687 0.577083 0.505469 0.576042 0.505469 0.575 0.50625 0.573958 0.50625 0.572917 0.507031 0.569792 0.507031 0.56875 0.507812 0.565625 0.507812 0.564583 0.508594 0.5625 0.508594 0.561458 0.509375 0.559375 0.509375 0.558333 0.510156 0.553125 0.510156 0.552083 0.510937 0.544792 0.510937 0.54375 0.511719 0.540625 0.511719 0.539583 0.5125 0.535417 0.5125 0.534375 0.513281 0.525 0.513281 0.523958 0.514062 0.513542 0.514062 0.5125 0.514844 0.504167 0.514844 0.503125 0.515625 0.470833 0.515625 0.469792 0.514844 0.461458 0.514844 0.460417 0.514062 0.447917 0.514062 0.446875 0.513281 0.4375 0.513281 0.436458 0.5125 0.432292 0.5125 0.43125 0.511719 0.427083 0.511719 0.426042 0.510937 0.420833 0.510937 0.419792 0.510156 0.414583 0.510156 0.413542 0.509375 0.411458 0.509375 0.410417 0.508594 0.408333 0.508594 0.407292 0.507812 0.403125 0.507812 0.402083 0.507031 0.398958 0.507031 0.397917 0.50625 0.396875 0.50625 0.395833 0.505469 0.394792 0.505469 0.39375 0.504687 0.390625 0.504687 0.389583 0.503906 0.3875 0.503906 0.385417 0.502344 0.384375 0.502344 0.383333 0.501562 0.38125 0.501562 0.380208 0.500781 0.379167 0.500781 0.376042 0.498437 0.375 0.498437 0.367708 0.492969 0.367708 0.492187 0.365625 0.490625 0.365625 0.489844 0.364583 0.489062 0.364583 0.4875 0.363542 0.486719 0.363542 0.483594 0.936895
0 0.363542 0.427344 0.363542 0.428125 0.3625 0.428906 0.3625 0.429688 0.361458 0.430469 0.361458 0.435937 0.363542 0.4375 0.363542 0.438281 0.364583 0.439062 0.364583 0.439844 0.365625 0.440625 0.365625 0.441406 0.366667 0.442187 0.366667 0.442969 0.369792 0.445312 0.369792 0.446094 0.373958 0.449219 0.375 0.449219 0.378125 0.451562 0.379167 0.451562 0.38125 0.453125 0.382292 0.453125 0.383333 0.453906 0.385417 0.453906 0.386458 0.454687 0.388542 0.454687 0.389583 0.455469 0.390625 0.455469 0.391667 0.45625 0.39375 0.45625 0.394792 0.457031 0.397917 0.457031 0.398958 0.457812 0.401042 0.457812 0.402083 0.458594 0.404167 0.458594 0.405208 0.459375 0.408333 0.459375 0.409375 0.460156 0.415625 0.460156 0.416667 0.460937 0.419792 0.460937 0.420833 0.461719 0.425 0.461719 0.426042 0.4625 0.43125 0.4625 0.432292 0.463281 0.441667 0.463281 0.442708 0.464062 0.451042 0.464062 0.452083 0.464844 0.4625 0.464844 0.463542 0.465625 0.513542 0.465625 0.514583 0.464844 0.528125 0.464844 0.529167 0.464062 0.5375 0.464062 0.538542 0.463281 0.546875 0.463281 0.547917 0.4625 0.553125 0.4625 0.554167 0.461719 0.558333 0.461719 0.559375 0.460937 0.563542 0.460937 0.564583 0.460156 0.569792 0.460156 0.570833 0.459375 0.573958 0.459375 0.575 0.458594 0.578125 0.458594 0.579167 0.457812 0.582292 0.457812 0.583333 0.457031 0.586458 0.457031 0.5875 0.45625 0.589583 0.45625 0.590625 0.455469 0.591667 0.455469 0.592708 0.454687 0.594792 0.454687 0.595833 0.453906 0.597917 0.453906 0.598958 0.453125 0.6 0.453125 0.601042 0.452344 0.602083 0.452344 0.604167 0.450781 0.605208 0.450781 0.60625 0.45 0.607292 0.45 0.611458 0.446875 0.6125 0.446875 0.616667 0.44375 0.616667 0.442969 0.617708 0.442187 0.617708 0.439844 0.61875 0.439062 0.61875 0.432812 0.617708 0.432031 0.617708 0.43125 0.616667 0.432031 0.614583 0.432031 0.6125 0.433594 0.611458 0.433594 0.609375 0.435156 0.608333 0.435156 0.607292 0.435937 0.60625 0.435937 0.605208 0.436719 0.604167 0.436719 0.602083 0.438281 0.601042 0.438281 0.6 0.439062 0.596875 0.439062 0.595833 0.439844 0.594792 0.439844 0.59375 0.440625 0.592708 0.440625 0.591667 0.441406 0.589583 0.441406 0.588542 0.442187 0.583333 0.442187 0.582292 0.442969 0.580208 0.442969 0.579167 0.44375 0.577083 0.44375 0.576042 0.444531 0.572917 0.444531 0.571875 0.445312 0.565625 0.445312 0.564583 0.446094 0.560417 0.446094 0.559375 0.446875 0.555208 0.446875 0.554167 0.447656 0.546875 0.447656 0.545833 0.448437 0.53125 0.448437 0.530208 0.449219 0.521875 0.449219 0.520833 0.45 0.508333 0.45 0.507292 0.450781 0.46875 0.450781 0.467708 0.45 0.45625 0.45 0.455208 0.449219 0.445833 0.449219 0.444792 0.448437 0.432292 0.448437 0.43125 0.447656 0.426042 0.447656 0.425 0.446875 0.422917 0.446875 0.421875 0.446094 0.417708 0.446094 0.416667 0.445312 0.410417 0.445312 0.409375 0.444531 0.407292 0.444531 0.40625 0.44375 0.404167 0.44375 0.403125 0.442969 0.402083 0.442969 0.401042 0.442187 0.395833 0.442187 0.394792 0.441406 0.392708 0.441406 0.391667 0.440625 0.390625 0.440625 0.389583 0.439844 0.3875 0.439844 0.386458 0.439062 0.384375 0.439062 0.383333 0.438281 0.38125 0.438281 0.379167 0.436719 0.378125 0.436719 0.377083 0.435937 0.376042 0.435937 0.375 0.435156 0.373958 0.435156 0.367708 0.430469 0.366667 0.430469 0.364583 0.428906 0.364583 0.428125 0.935762
0 0.363542 0.4125 0.363542 0.426562 0.366667 0.428906 0.366667 0.429688 0.36875 0.43125 0.369792 0.43125 0.372917 0.433594 0.373958 0.433594 0.376042 0.435156 0.377083 0.435156 0.378125 0.435937 0.379167 0.435937 0.380208 0.436719 0.38125 0.436719 0.382292 0.4375 0.383333 0.4375 0.384375 0.438281 0.386458 0.438281 0.3875 0.439062 0.389583 0.439062 0.390625 0.439844 0.391667 0.439844 0.392708 0.440625 0.394792 0.440625 0.395833 0.441406 0.4 0.441406 0.401042 0.442187 0.403125 0.442187 0.404167 0.442969 0.40625 0.442969 0.407292 0.44375 0.409375 0.44375 0.410417 0.444531 0.416667 0.444531 0.417708 0.445312 0.421875 0.445312 0.422917 0.446094 0.426042 0.446094 0.427083 0.446875 0.433333 0.446875 0.434375 0.447656 0.445833 0.447656 0.446875 0.448437 0.457292 0.448437 0.458333 0.449219 0.470833 0.449219 0.471875 0.45 0.501042 0.45 0.502083 0.449219 0.517708 0.449219 0.51875 0.448437 0.530208 0.448437 0.53125 0.447656 0.54375 0.447656 0.544792 0.446875 0.553125 0.446875 0.554167 0.446094 0.558333 0.446094 0.559375 0.445312 0.564583 0.445312 0.565625 0.444531 0.571875 0.444531 0.572917 0.44375 0.575 0.44375 0.576042 0.442969 0.579167 0.442969 0.580208 0.442187 0.583333 0.442187 0.584375 0.441406 0.5875 0.441406 0.588542 0.440625 0.590625 0.440625 0.591667 0.439844 0.59375 0.439844 0.594792 0.439062 0.595833 0.439062 0.596875 0.438281 0.598958 0.438281 0.6 0.4375 0.601042 0.4375 0.602083 0.436719 0.603125 0.436719 0.605208 0.435156 0.607292 0.435156 0.609375 0.433594 0.610417 0.433594 0.6125 0.432031 0.613542 0.432031 0.614583 0.43125 0.615625 0.43125 0.617708 0.429688 0.617708 0.428906 0.61875 0.428125 0.61875 0.427344 0.619792 0.426562 0.619792 0.417969 0.61875 0.417187 0.61875 0.416406 0.617708 0.416406 0.616667 0.417187 0.615625 0.417187 0.613542 0.41875 0.6125 0.41875 0.611458 0.419531 0.610417 0.419531 0.609375 0.420312 0.608333 0.420312 0.607292 0.421094 0.60625 0.421094 0.605208 0.421875 0.604167 0.421875 0.603125 0.422656 0.601042 0.422656 0.6 0.423437 0.597917 0.423437 0.596875 0.424219 0.594792 0.424219 0.59375 0.425 0.592708 0.425 0.591667 0.425781 0.588542 0.425781 0.5875 0.426562 0.583333 0.426562 0.582292 0.427344 0.580208 0.427344 0.579167 0.428125 0.576042 0.428125 0.575 0.428906 0.56875 0.428906 0.567708 0.429688 0.561458 0.429688 0.560417 0.430469 0.55625 0.430469 0.555208 0.43125 0.55 0.43125 0.548958 0.432031 0.539583 0.432031 0.538542 0.432812 0.525 0.432812 0.523958 0.433594 0.498958 0.433594 0.497917 0.434375 0.480208 0.434375 0.479167 0.433594 0.4625 0.433594 0.461458 0.432812 0.444792 0.432812 0.44375 0.432031 0.434375 0.432031 0.433333 0.43125 0.427083 0.43125 0.426042 0.430469 0.422917 0.430469 0.421875 0.429688 0.416667 0.429688 0.415625 0.428906 0.409375 0.428906 0.408333 0.428125 0.40625 0.428125 0.405208 0.427344 0.403125 0.427344 0.402083 0.426562 0.398958 0.426562 0.397917 0.425781 0.39375 0.425781 0.392708 0.425 0.391667 0.425 0.390625 0.424219 0.389583 0.424219 0.388542 0.423437 0.385417 0.423437 0.384375 0.422656 0.382292 0.422656 0.38125 0.421875 0.380208 0.421875 0.378125 0.420312 0.377083 0.420312 0.376042 0.419531 0.375 0.419531 0.370833 0.416406 0.369792 0.416406 0.36875 0.415625 0.36875 0.414844 0.366667 0.413281 0.365625 0.413281 0.364583 0.4125 0.935435
0 0.35625 0.530469 0.35625 0.546875 0.357292 0.547656 0.357292 0.549219 0.359375 0.550781 0.359375 0.551562 0.367708 0.557812 0.36875 0.557812 0.372917 0.560937 0.373958 0.560937 0.376042 0.5625 0.377083 0.5625 0.378125 0.563281 0.379167 0.563281 0.38125 0.564844 0.382292 0.564844 0.383333 0.565625 0.384375 0.565625 0.385417 0.566406 0.3875 0.566406 0.388542 0.567187 0.389583 0.567187 0.390625 0.567969 0.391667 0.567969 0.392708 0.56875 0.39375 0.56875 0.394792 0.569531 0.397917 0.569531 0.398958 0.570312 0.401042 0.570312 0.402083 0.571094 0.404167 0.571094 0.405208 0.571875 0.407292 0.571875 0.408333 0.572656 0.411458 0.572656 0.4125 0.573437 0.416667 0.573437 0.417708 0.574219 0.419792 0.574219 0.420833 0.575 0.425 0.575 0.426042 0.575781 0.433333 0.575781 0.434375 0.576562 0.445833 0.576562 0.446875 0.577344 0.457292 0.577344 0.458333 0.578125 0.498958 0.578125 0.5 0.577344 0.507292 0.577344 0.508333 0.576562 0.516667 0.576562 0.517708 0.575781 0.525 0.575781 0.526042 0.575 0.529167 0.575 0.530208 0.574219 0.533333 0.574219 0.534375 0.573437 0.539583 0.573437 0.540625 0.572656 0.544792 0.572656 0.545833 0.571875 0.547917 0.571875 0.548958 0.571094 0.55 0.571094 0.551042 0.570312 0.555208 0.570312 0.55625 0.569531 0.558333 0.569531 0.559375 0.56875 0.560417 0.56875 0.561458 0.567969 0.5625 0.567969 0.563542 0.567187 0.565625 0.567187 0.566667 0.566406 0.56875 0.566406 0.570833 0.564844 0.571875 0.564844 0.572917 0.564062 0.573958 0.564062 0.575 0.563281 0.577083 0.563281 0.579167 0.561719 0.580208 0.561719 0.582292 0.560156 0.583333 0.560156 0.585417 0.558594 0.586458 0.558594 0.592708 0.553906 0.59375 0.553906 0.595833 0.552344 0.595833 0.551562 0.596875 0.550781 0.596875 0.55 0.598958 0.548437 0.598958 0.546094 0.6 0.545312 0.6 0.5375 0.597917 0.535937 0.595833 0.5375 0.595833 0.538281 0.594792 0.539062 0.59375 0.539062 0.59375 0.539844 0.591667 0.541406 0.590625 0.541406 0.586458 0.544531 0.585417 0.544531 0.582292 0.546875 0.58125 0.546875 0.580208 0.547656 0.579167 0.547656 0.578125 0.548437 0.577083 0.548437 0.576042 0.549219 0.575 0.549219 0.573958 0.55 0.572917 0.55 0.571875 0.550781 0.570833 0.550781 0.569792 0.551562 0.567708 0.551562 0.566667 0.552344 0.565625 0.552344 0.564583 0.553125 0.563542 0.553125 0.5625 0.553906 0.559375 0.553906 0.558333 0.554688 0.555208 0.554688 0.554167 0.555469 0.552083 0.555469 0.551042 0.55625 0.548958 0.55625 0.547917 0.557031 0.542708 0.557031 0.541667 0.557812 0.536458 0.557812 0.535417 0.558594 0.53125 0.558594 0.530208 0.559375 0.526042 0.559375 0.525 0.560156 0.517708 0.560156 0.516667 0.560937 0.50625 0.560937 0.505208 0.561719 0.490625 0.561719 0.489583 0.5625 0.467708 0.5625 0.466667 0.561719 0.451042 0.561719 0.45 0.560937 0.439583 0.560937 0.438542 0.560156 0.432292 0.560156 0.43125 0.559375 0.426042 0.559375 0.425 0.558594 0.420833 0.558594 0.419792 0.557812 0.414583 0.557812 0.413542 0.557031 0.409375 0.557031 0.408333 0.55625 0.40625 0.55625 0.405208 0.555469 0.403125 0.555469 0.402083 0.554688 0.4 0.554688 0.398958 0.553906 0.396875 0.553906 0.395833 0.553125 0.39375 0.553125 0.392708 0.552344 0.390625 0.552344 0.389583 0.551562 0.3875 0.551562 0.386458 0.550781 0.385417 0.550781 0.384375 0.55 0.383333 0.55 0.382292 0.549219 0.38125 0.549219 0.380208 0.548437 0.379167 0.548437 0.378125 0.547656 0.377083 0.547656 0.373958 0.545312 0.372917 0.545312 0.363542 0.538281 0.363542 0.5375 0.361458 0.535937 0.361458 0.535156 0.360417 0.534375 0.360417 0.532812 0.359375 0.532031 0.359375 0.53125 0.358333 0.530469 0.93136
0 0.361458 0.470312 0.361458 0.482812 0.3625 0.483594 0.3625 0.484375 0.364583 0.485937 0.364583 0.486719 0.365625 0.4875 0.365625 0.489062 0.366667 0.489844 0.366667 0.490625 0.375 0.496875 0.376042 0.496875 0.380208 0.5 0.38125 0.5 0.382292 0.500781 0.384375 0.500781 0.385417 0.501562 0.386458 0.501562 0.3875 0.502344 0.388542 0.502344 0.389583 0.503125 0.391667 0.503125 0.392708 0.503906 0.394792 0.503906 0.395833 0.504687 0.397917 0.504687 0.398958 0.505469 0.4 0.505469 0.401042 0.50625 0.404167 0.50625 0.405208 0.507031 0.408333 0.507031 0.409375 0.507812 0.411458 0.507812 0.4125 0.508594 0.415625 0.508594 0.416667 0.509375 0.420833 0.509375 0.421875 0.510156 0.427083 0.510156 0.428125 0.510937 0.432292 0.510937 0.433333 0.511719 0.4375 0.511719 0.438542 0.5125 0.448958 0.5125 0.45 0.513281 0.463542 0.513281 0.464583 0.514062 0.479167 0.514062 0.480208 0.514844 0.49375 0.514844 0.494792 0.514062 0.509375 0.514062 0.510417 0.513281 0.522917 0.513281 0.523958 0.5125 0.532292 0.5125 0.533333 0.511719 0.5375 0.511719 0.538542 0.510937 0.542708 0.510937 0.54375 0.510156 0.55 0.510156 0.551042 0.509375 0.55625 0.509375 0.557292 0.508594 0.559375 0.508594 0.560417 0.507812 0.563542 0.507812 0.564583 0.507031 0.56875 0.507031 0.569792 0.50625 0.571875 0.50625 0.572917 0.505469 0.573958 0.505469 0.575 0.504687 0.577083 0.504687 0.578125 0.503906 0.580208 0.503906 0.58125 0.503125 0.583333 0.503125 0.584375 0.502344 0.585417 0.502344 0.586458 0.501562 0.5875 0.501562 0.588542 0.500781 0.589583 0.500781 0.590625 0.5 0.591667 0.5 0.59375 0.498437 0.594792 0.498437 0.595833 0.497656 0.596875 0.497656 0.598958 0.496094 0.6 0.496094 0.609375 0.489062 0.609375 0.488281 0.610417 0.4875 0.610417 0.486719 0.611458 0.485937 0.611458 0.479687 0.610417 0.478906 0.610417 0.478125 0.609375 0.478125 0.60625 0.480469 0.605208 0.480469 0.602083 0.482812 0.601042 0.482812 0.598958 0.484375 0.597917 0.484375 0.596875 0.485156 0.595833 0.485156 0.594792 0.485937 0.592708 0.485937 0.590625 0.4875 0.589583 0.4875 0.588542 0.488281 0.586458 0.488281 0.585417 0.489062 0.582292 0.489062 0.58125 0.489844 0.580208 0.489844 0.579167 0.490625 0.578125 0.490625 0.577083 0.491406 0.573958 0.491406 0.572917 0.492187 0.569792 0.492187 0.56875 0.492969 0.566667 0.492969 0.565625 0.49375 0.5625 0.49375 0.561458 0.494531 0.557292 0.494531 0.55625 0.495312 0.548958 0.495312 0.547917 0.496094 0.544792 0.496094 0.54375 0.496875 0.539583 0.496875 0.538542 0.497656 0.530208 0.497656 0.529167 0.498437 0.510417 0.498437 0.509375 0.499219 0.463542 0.499219 0.4625 0.498437 0.441667 0.498437 0.440625 0.497656 0.434375 0.497656 0.433333 0.496875 0.430208 0.496875 0.429167 0.496094 0.426042 0.496094 0.425 0.495312 0.41875 0.495312 0.417708 0.494531 0.413542 0.494531 0.4125 0.49375 0.411458 0.49375 0.410417 0.492969 0.408333 0.492969 0.407292 0.492187 0.403125 0.492187 0.402083 0.491406 0.4 0.491406 0.398958 0.490625 0.397917 0.490625 0.396875 0.489844 0.394792 0.489844 0.39375 0.489062 0.391667 0.489062 0.390625 0.488281 0.388542 0.488281 0.3875 0.4875 0.386458 0.4875 0.384375 0.485937 0.382292 0.485937 0.38125 0.485156 0.380208 0.485156 0.378125 0.483594 0.377083 0.483594 0.375 0.482031 0.373958 0.482031 0.370833 0.479687 0.370833 0.478906 0.365625 0.475 0.365625 0.474219 0.364583 0.473437 0.364583 0.470312 0.927975
0 0.357292 0.515625 0.357292 0.528906 0.358333 0.529687 0.358333 0.530469 0.361458 0.532812 0.361458 0.533594 0.3625 0.534375 0.3625 0.535156 0.363542 0.535937 0.363542 0.536719 0.364583 0.5375 0.364583 0.538281 0.372917 0.544531 0.373958 0.544531 0.376042 0.546094 0.377083 0.546094 0.378125 0.546875 0.379167 0.546875 0.380208 0.547656 0.38125 0.547656 0.382292 0.548437 0.383333 0.548437 0.385417 0.55 0.3875 0.55 0.388542 0.550781 0.390625 0.550781 0.391667 0.551562 0.39375 0.551562 0.394792 0.552344 0.395833 0.552344 0.396875 0.553125 0.398958 0.553125 0.4 0.553906 0.403125 0.553906 0.404167 0.554688 0.40625 0.554688 0.407292 0.555469 0.409375 0.555469 0.410417 0.55625 0.413542 0.55625 0.414583 0.557031 0.420833 0.557031 0.421875 0.557812 0.425 0.557812 0.426042 0.558594 0.430208 0.558594 0.43125 0.559375 0.4375 0.559375 0.438542 0.560156 0.451042 0.560156 0.452083 0.560937 0.4625 0.560937 0.463542 0.561719 0.490625 0.561719 0.491667 0.560937 0.503125 0.560937 0.504167 0.560156 0.515625 0.560156 0.516667 0.559375 0.523958 0.559375 0.525 0.558594 0.530208 0.558594 0.53125 0.557812 0.534375 0.557812 0.535417 0.557031 0.542708 0.557031 0.54375 0.55625 0.546875 0.55625 0.547917 0.555469 0.55 0.555469 0.551042 0.554688 0.553125 0.554688 0.554167 0.553906 0.558333 0.553906 0.559375 0.553125 0.561458 0.553125 0.5625 0.552344 0.563542 0.552344 0.564583 0.551562 0.565625 0.551562 0.566667 0.550781 0.56875 0.550781 0.569792 0.55 0.571875 0.55 0.573958 0.548437 0.575 0.548437 0.576042 0.547656 0.577083 0.547656 0.578125 0.546875 0.579167 0.546875 0.580208 0.546094 0.58125 0.546094 0.583333 0.544531 0.584375 0.544531 0.588542 0.541406 0.589583 0.541406 0.595833 0.536719 0.595833 0.535937 0.601042 0.532031 0.601042 0.53125 0.602083 0.530469 0.602083 0.519531 0.601042 0.520312 0.601042 0.521094 0.591667 0.528125 0.590625 0.528125 0.588542 0.529687 0.5875 0.529687 0.585417 0.53125 0.584375 0.53125 0.583333 0.532031 0.582292 0.532031 0.58125 0.532812 0.580208 0.532812 0.578125 0.534375 0.577083 0.534375 0.576042 0.535156 0.575 0.535156 0.573958 0.535937 0.571875 0.535937 0.570833 0.536719 0.56875 0.536719 0.567708 0.5375 0.566667 0.5375 0.565625 0.538281 0.564583 0.538281 0.563542 0.539062 0.559375 0.539062 0.558333 0.539844 0.555208 0.539844 0.554167 0.540625 0.553125 0.540625 0.552083 0.541406 0.548958 0.541406 0.547917 0.542187 0.541667 0.542187 0.540625 0.542969 0.536458 0.542969 0.535417 0.54375 0.53125 0.54375 0.530208 0.544531 0.526042 0.544531 0.525 0.545312 0.513542 0.545312 0.5125 0.546094 0.496875 0.546094 0.495833 0.546875 0.459375 0.546875 0.458333 0.546094 0.441667 0.546094 0.440625 0.545312 0.433333 0.545312 0.432292 0.544531 0.428125 0.544531 0.427083 0.54375 0.423958 0.54375 0.422917 0.542969 0.41875 0.542969 0.417708 0.542187 0.413542 0.542187 0.4125 0.541406 0.409375 0.541406 0.408333 0.540625 0.407292 0.540625 0.40625 0.539844 0.403125 0.539844 0.402083 0.539062 0.398958 0.539062 0.397917 0.538281 0.395833 0.538281 0.394792 0.5375 0.39375 0.5375 0.392708 0.536719 0.390625 0.536719 0.389583 0.535937 0.3875 0.535937 0.386458 0.535156 0.385417 0.535156 0.384375 0.534375 0.383333 0.534375 0.382292 0.533594 0.38125 0.533594 0.379167 0.532031 0.378125 0.532031 0.376042 0.530469 0.375 0.530469 0.372917 0.528906 0.371875 0.528906 0.363542 0.522656 0.363542 0.521875 0.361458 0.520312 0.361458 0.519531 0.360417 0.51875 0.360417 0.517969 0.359375 0.517188 0.359375 0.516406 0.358333 0.515625 0.924094
0 0.367708 0.363281 0.367708 0.364844 0.365625 0.366406 0.365625 0.378906 0.375 0.385937 0.376042 0.385937 0.377083 0.386719 0.378125 0.386719 0.379167 0.3875 0.380208 0.3875 0.38125 0.388281 0.382292 0.388281 0.383333 0.389062 0.385417 0.389062 0.386458 0.389844 0.3875 0.389844 0.388542 0.390625 0.390625 0.390625 0.391667 0.391406 0.394792 0.391406 0.395833 0.392187 0.397917 0.392187 0.398958 0.392969 0.401042 0.392969 0.402083 0.39375 0.405208 0.39375 0.40625 0.394531 0.4125 0.394531 0.413542 0.395312 0.41875 0.395312 0.419792 0.396094 0.426042 0.396094 0.427083 0.396875 0.436458 0.396875 0.4375 0.397656 0.45 0.397656 0.451042 0.398438 0.4625 0.398438 0.463542 0.399219 0.482292 0.399219 0.483333 0.4 0.514583 0.4 0.515625 0.399219 0.528125 0.399219 0.529167 0.398438 0.539583 0.398438 0.540625 0.397656 0.55625 0.397656 0.557292 0.396875 0.565625 0.396875 0.566667 0.396094 0.571875 0.396094 0.572917 0.395312 0.578125 0.395312 0.579167 0.394531 0.584375 0.394531 0.585417 0.39375 0.588542 0.39375 0.589583 0.392969 0.591667 0.392969 0.592708 0.392187 0.595833 0.392187 0.596875 0.391406 0.6 0.391406 0.601042 0.390625 0.604167 0.390625 0.605208 0.389844 0.607292 0.389844 0.608333 0.389062 0.609375 0.389062 0.610417 0.388281 0.6125 0.388281 0.613542 0.3875 0.614583 0.3875 0.615625 0.386719 0.616667 0.386719 0.617708 0.385937 0.61875 0.385937 0.619792 0.385156 0.620833 0.385156 0.621875 0.384375 0.622917 0.384375 0.625 0.382812 0.626042 0.382812 0.628125 0.38125 0.629167 0.38125 0.63125 0.379687 0.63125 0.365625 0.630208 0.365625 0.629167 0.366406 0.628125 0.366406 0.627083 0.367188 0.626042 0.367188 0.622917 0.369531 0.621875 0.369531 0.620833 0.370312 0.619792 0.370312 0.61875 0.371094 0.617708 0.371094 0.616667 0.371875 0.615625 0.371875 0.614583 0.372656 0.611458 0.372656 0.610417 0.373437 0.60625 0.373437 0.605208 0.374219 0.602083 0.374219 0.601042 0.375 0.597917 0.375 0.596875 0.375781 0.592708 0.375781 0.591667 0.376562 0.586458 0.376562 0.585417 0.377344 0.582292 0.377344 0.58125 0.378125 0.577083 0.378125 0.576042 0.378906 0.565625 0.378906 0.564583 0.379687 0.546875 0.379687 0.545833 0.380469 0.538542 0.380469 0.5375 0.38125 0.528125 0.38125 0.527083 0.382031 0.457292 0.382031 0.45625 0.38125 0.447917 0.38125 0.446875 0.380469 0.440625 0.380469 0.439583 0.379687 0.429167 0.379687 0.428125 0.378906 0.41875 0.378906 0.417708 0.378125 0.414583 0.378125 0.413542 0.377344 0.410417 0.377344 0.409375 0.376562 0.405208 0.376562 0.404167 0.375781 0.398958 0.375781 0.397917 0.375 0.395833 0.375 0.394792 0.374219 0.39375 0.374219 0.392708 0.373437 0.389583 0.373437 0.388542 0.372656 0.384375 0.372656 0.383333 0.371875 0.382292 0.371875 0.38125 0.371094 0.380208 0.371094 0.379167 0.370312 0.377083 0.370312 0.376042 0.369531 0.375 0.369531 0.36875 0.364844 0.36875 0.364062 0.923301
0 0.367708 0.347656 0.366667 0.348437 0.366667 0.349219 0.365625 0.35 0.365625 0.353125 0.364583 0.353906 0.364583 0.357031 0.365625 0.357812 0.365625 0.360937 0.366667 0.361719 0.366667 0.3625 0.372917 0.367188 0.373958 0.367188 0.376042 0.36875 0.377083 0.36875 0.378125 0.369531 0.379167 0.369531 0.380208 0.370312 0.38125 0.370312 0.382292 0.371094 0.383333 0.371094 0.384375 0.371875 0.386458 0.371875 0.3875 0.372656 0.390625 0.372656 0.391667 0.373437 0.39375 0.373437 0.394792 0.374219 0.396875 0.374219 0.397917 0.375 0.402083 0.375 0.403125 0.375781 0.407292 0.375781 0.408333 0.376562 0.411458 0.376562 0.4125 0.377344 0.416667 0.377344 0.417708 0.378125 0.423958 0.378125 0.425 0.378906 0.435417 0.378906 0.436458 0.379687 0.444792 0.379687 0.445833 0.380469 0.455208 0.380469 0.45625 0.38125 0.526042 0.38125 0.527083 0.380469 0.538542 0.380469 0.539583 0.379687 0.548958 0.379687 0.55 0.378906 0.565625 0.378906 0.566667 0.378125 0.572917 0.378125 0.573958 0.377344 0.579167 0.377344 0.580208 0.376562 0.584375 0.376562 0.585417 0.375781 0.590625 0.375781 0.591667 0.375 0.596875 0.375 0.597917 0.374219 0.601042 0.374219 0.602083 0.373437 0.605208 0.373437 0.60625 0.372656 0.610417 0.372656 0.611458 0.371875 0.613542 0.371875 0.614583 0.371094 0.615625 0.371094 0.616667 0.370312 0.617708 0.370312 0.61875 0.369531 0.619792 0.369531 0.620833 0.36875 0.621875 0.36875 0.622917 0.367969 0.623958 0.367969 0.625 0.367188 0.626042 0.367188 0.633333 0.361719 0.633333 0.360937 0.634375 0.360156 0.634375 0.35 0.633333 0.35 0.632292 0.350781 0.630208 0.350781 0.629167 0.351562 0.627083 0.351562 0.626042 0.352344 0.625 0.352344 0.623958 0.353125 0.622917 0.353125 0.621875 0.353906 0.620833 0.353906 0.619792 0.354687 0.616667 0.354687 0.615625 0.355469 0.6125 0.355469 0.611458 0.35625 0.609375 0.35625 0.608333 0.357031 0.60625 0.357031 0.605208 0.357812 0.598958 0.357812 0.597917 0.358594 0.59375 0.358594 0.592708 0.359375 0.589583 0.359375 0.588542 0.360156 0.585417 0.360156 0.584375 0.360937 0.569792 0.360937 0.56875 0.361719 0.553125 0.361719 0.552083 0.3625 0.538542 0.3625 0.5375 0.363281 0.522917 0.363281 0.521875 0.364062 0.458333 0.364062 0.457292 0.363281 0.44375 0.363281 0.442708 0.3625 0.436458 0.3625 0.435417 0.361719 0.429167 0.361719 0.428125 0.360937 0.416667 0.360937 0.415625 0.360156 0.409375 0.360156 0.408333 0.359375 0.405208 0.359375 0.404167 0.358594 0.401042 0.358594 0.4 0.357812 0.392708 0.357812 0.391667 0.357031 0.389583 0.357031 0.388542 0.35625 0.386458 0.35625 0.385417 0.355469 0.383333 0.355469 0.382292 0.354687 0.379167 0.354687 0.377083 0.353125 0.376042 0.353125 0.373958 0.351562 0.372917 0.351562 0.920392
0 0.598958 0.553125 0.598958 0.553906 0.597917 0.554688 0.597917 0.55625 0.596875 0.557031 0.596875 0.559375 0.595833 0.560156 0.595833 0.561719 0.59375 0.563281 0.59375 0.564062 0.592708 0.564844 0.592708 0.565625 0.585417 0.571094 0.585417 0.571875 0.584375 0.572656 0.583333 0.572656 0.579167 0.575781 0.578125 0.575781 0.577083 0.576562 0.576042 0.576562 0.572917 0.578906 0.571875 0.578906 0.570833 0.579687 0.569792 0.579687 0.56875 0.580469 0.567708 0.580469 0.566667 0.58125 0.565625 0.58125 0.564583 0.582031 0.563542 0.582031 0.5625 0.582812 0.560417 0.582812 0.559375 0.583594 0.558333 0.583594 0.557292 0.584375 0.55625 0.584375 0.555208 0.585156 0.553125 0.585156 0.552083 0.585938 0.55 0.585938 0.548958 0.586719 0.546875 0.586719 0.545833 0.5875 0.544792 0.5875 0.54375 0.588281 0.540625 0.588281 0.539583 0.589062 0.534375 0.589062 0.533333 0.589844 0.530208 0.589844 0.529167 0.590625 0.525 0.590625 0.523958 0.591406 0.51875 0.591406 0.517708 0.592187 0.508333 0.592187 0.507292 0.592969 0.501042 0.592969 0.5 0.59375 0.490625 0.59375 0.489583 0.594531 0.458333 0.594531 0.457292 0.59375 0.444792 0.59375 0.44375 0.592969 0.436458 0.592969 0.435417 0.592187 0.427083 0.592187 0.426042 0.591406 0.420833 0.591406 0.419792 0.590625 0.416667 0.590625 0.415625 0.589844 0.4125 0.589844 0.411458 0.589062 0.40625 0.589062 0.405208 0.588281 0.403125 0.588281 0.402083 0.5875 0.4 0.5875 0.398958 0.586719 0.397917 0.586719 0.396875 0.585938 0.39375 0.585938 0.392708 0.585156 0.391667 0.585156 0.390625 0.584375 0.389583 0.584375 0.388542 0.583594 0.3875 0.583594 0.386458 0.582812 0.384375 0.582812 0.383333 0.582031 0.382292 0.582031 0.38125 0.58125 0.380208 0.58125 0.378125 0.579687 0.377083 0.579687 0.375 0.578125 0.373958 0.578125 0.370833 0.575781 0.369792 0.575781 0.363542 0.571094 0.3625 0.571094 0.361458 0.570312 0.361458 0.573437 0.3625 0.574219 0.3625 0.575781 0.363542 0.576562 0.363542 0.577344 0.364583 0.578125 0.364583 0.578906 0.365625 0.579687 0.365625 0.580469 0.367708 0.582031 0.367708 0.582812 0.379167 0.591406 0.380208 0.591406 0.382292 0.592969 0.383333 0.592969 0.385417 0.594531 0.386458 0.594531 0.3875 0.595312 0.388542 0.595312 0.389583 0.596094 0.390625 0.596094 0.391667 0.596875 0.392708 0.596875 0.39375 0.597656 0.395833 0.597656 0.396875 0.598437 0.397917 0.598437 0.398958 0.599219 0.4 0.599219 0.401042 0.6 0.403125 0.6 0.404167 0.600781 0.40625 0.600781 0.407292 0.601562 0.409375 0.601562 0.410417 0.602344 0.4125 0.602344 0.413542 0.603125 0.415625 0.603125 0.416667 0.603906 0.419792 0.603906 0.420833 0.604687 0.423958 0.604687 0.425 0.605469 0.428125 0.605469 0.429167 0.60625 0.433333 0.60625 0.434375 0.607031 0.44375 0.607031 0.444792 0.607812 0.453125 0.607812 0.454167 0.608594 0.46875 0.608594 0.469792 0.609375 0.485417 0.609375 0.486458 0.608594 0.501042 0.608594 0.502083 0.607812 0.509375 0.607812 0.510417 0.607031 0.519792 0.607031 0.520833 0.60625 0.526042 0.60625 0.527083 0.605469 0.53125 0.605469 0.532292 0.604687 0.536458 0.604687 0.5375 0.603906 0.541667 0.603906 0.542708 0.603125 0.544792 0.603125 0.545833 0.602344 0.547917 0.602344 0.548958 0.601562 0.551042 0.601562 0.552083 0.600781 0.555208 0.600781 0.55625 0.6 0.558333 0.6 0.559375 0.599219 0.560417 0.599219 0.561458 0.598437 0.563542 0.598437 0.564583 0.597656 0.566667 0.597656 0.567708 0.596875 0.56875 0.596875 0.570833 0.595312 0.571875 0.595312 0.572917 0.594531 0.573958 0.594531 0.575 0.59375 0.576042 0.59375 0.577083 0.592969 0.578125 0.592969 0.580208 0.591406 0.58125 0.591406 0.583333 0.589844 0.584375 0.589844 0.586458 0.588281 0.5875 0.588281 0.588542 0.5875 0.589583 0.5875 0.590625 0.586719 0.591667 0.586719 0.591667 0.585938 0.592708 0.585156 0.59375 0.585156 0.594792 0.584375 0.595833 0.584375 0.596875 0.583594 0.596875 0.582812 0.598958 0.58125 0.598958 0.580469 0.601042 0.578906 0.601042 0.577344 0.602083 0.576562 0.602083 0.553125 0.914852
0 0.365625 0.394531 0.363542 0.396094 0.363542 0.408594 0.364583 0.409375 0.364583 0.410156 0.365625 0.410937 0.365625 0.411719 0.372917 0.417187 0.373958 0.417187 0.377083 0.419531 0.378125 0.419531 0.379167 0.420312 0.380208 0.420312 0.38125 0.421094 0.382292 0.421094 0.383333 0.421875 0.384375 0.421875 0.385417 0.422656 0.388542 0.422656 0.389583 0.423437 0.390625 0.423437 0.391667 0.424219 0.392708 0.424219 0.39375 0.425 0.396875 0.425 0.397917 0.425781 0.402083 0.425781 0.403125 0.426562 0.40625 0.426562 0.407292 0.427344 0.409375 0.427344 0.410417 0.428125 0.414583 0.428125 0.415625 0.428906 0.420833 0.428906 0.421875 0.429688 0.427083 0.429688 0.428125 0.430469 0.434375 0.430469 0.435417 0.43125 0.444792 0.43125 0.445833 0.432031 0.463542 0.432031 0.464583 0.432812 0.51875 0.432812 0.519792 0.432031 0.538542 0.432031 0.539583 0.43125 0.546875 0.43125 0.547917 0.430469 0.552083 0.430469 0.553125 0.429688 0.558333 0.429688 0.559375 0.428906 0.565625 0.428906 0.566667 0.428125 0.571875 0.428125 0.572917 0.427344 0.577083 0.427344 0.578125 0.426562 0.58125 0.426562 0.582292 0.425781 0.586458 0.425781 0.5875 0.425 0.590625 0.425 0.591667 0.424219 0.592708 0.424219 0.59375 0.423437 0.595833 0.423437 0.596875 0.422656 0.6 0.422656 0.601042 0.421875 0.602083 0.421875 0.603125 0.421094 0.604167 0.421094 0.605208 0.420312 0.60625 0.420312 0.607292 0.419531 0.608333 0.419531 0.609375 0.41875 0.610417 0.41875 0.611458 0.417969 0.6125 0.417969 0.614583 0.416406 0.615625 0.416406 0.620833 0.4125 0.620833 0.411719 0.621875 0.410937 0.621875 0.408594 0.622917 0.407812 0.622917 0.402344 0.621875 0.401562 0.620833 0.402344 0.61875 0.402344 0.617708 0.403125 0.616667 0.403125 0.615625 0.403906 0.613542 0.403906 0.6125 0.404687 0.610417 0.404687 0.609375 0.405469 0.608333 0.405469 0.607292 0.40625 0.60625 0.40625 0.605208 0.407031 0.603125 0.407031 0.602083 0.407812 0.6 0.407812 0.598958 0.408594 0.596875 0.408594 0.595833 0.409375 0.594792 0.409375 0.59375 0.410156 0.589583 0.410156 0.588542 0.410937 0.585417 0.410937 0.584375 0.411719 0.582292 0.411719 0.58125 0.4125 0.578125 0.4125 0.577083 0.413281 0.570833 0.413281 0.569792 0.414062 0.563542 0.414062 0.5625 0.414844 0.558333 0.414844 0.557292 0.415625 0.552083 0.415625 0.551042 0.416406 0.538542 0.416406 0.5375 0.417187 0.509375 0.417187 0.508333 0.417969 0.475 0.417969 0.473958 0.417187 0.452083 0.417187 0.451042 0.416406 0.440625 0.416406 0.439583 0.415625 0.435417 0.415625 0.434375 0.414844 0.43125 0.414844 0.430208 0.414062 0.422917 0.414062 0.421875 0.413281 0.415625 0.413281 0.414583 0.4125 0.411458 0.4125 0.410417 0.411719 0.408333 0.411719 0.407292 0.410937 0.402083 0.410937 0.401042 0.410156 0.397917 0.410156 0.396875 0.409375 0.394792 0.409375 0.39375 0.408594 0.392708 0.408594 0.391667 0.407812 0.389583 0.407812 0.388542 0.407031 0.386458 0.407031 0.385417 0.40625 0.383333 0.40625 0.38125 0.404687 0.380208 0.404687 0.379167 0.403906 0.378125 0.403906 0.375 0.401562 0.373958 0.401562 0.371875 0.4 0.371875 0.399219 0.369792 0.397656 0.369792 0.396875 0.36875 0.396094 0.36875 0.395312 0.367708 0.394531 0.912453
0 0.630208 0.332812 0.629167 0.333594 0.628125 0.333594 0.627083 0.334375 0.625 0.334375 0.623958 0.335156 0.621875 0.335156 0.620833 0.335938 0.617708 0.335938 0.616667 0.336719 0.613542 0.336719 0.6125 0.3375 0.611458 0.3375 0.610417 0.338281 0.60625 0.338281 0.605208 0.339062 0.6 0.339062 0.598958 0.339844 0.59375 0.339844 0.592708 0.340625 0.589583 0.340625 0.588542 0.341406 0.58125 0.341406 0.580208 0.342187 0.569792 0.342187 0.56875 0.342969 0.5625 0.342969 0.561458 0.34375 0.553125 0.34375 0.552083 0.344531 0.538542 0.344531 0.5375 0.345312 0.4625 0.345312 0.461458 0.344531 0.430208 0.344531 0.429167 0.34375 0.420833 0.34375 0.419792 0.342969 0.411458 0.342969 0.410417 0.342187 0.403125 0.342187 0.402083 0.341406 0.396875 0.341406 0.395833 0.340625 0.392708 0.340625 0.391667 0.339844 0.3875 0.339844 0.386458 0.339062 0.382292 0.339062 0.38125 0.338281 0.378125 0.338281 0.377083 0.3375 0.375 0.3375 0.373958 0.336719 0.371875 0.336719 0.370833 0.335938 0.36875 0.335938 0.367708 0.335156 0.366667 0.335156 0.365625 0.334375 0.365625 0.346875 0.366667 0.347656 0.367708 0.347656 0.369792 0.349219 0.370833 0.349219 0.372917 0.350781 0.373958 0.350781 0.377083 0.353125 0.379167 0.353125 0.380208 0.353906 0.383333 0.353906 0.384375 0.354687 0.385417 0.354687 0.386458 0.355469 0.3875 0.355469 0.388542 0.35625 0.391667 0.35625 0.392708 0.357031 0.397917 0.357031 0.398958 0.357812 0.403125 0.357812 0.404167 0.358594 0.408333 0.358594 0.409375 0.359375 0.416667 0.359375 0.417708 0.360156 0.427083 0.360156 0.428125 0.360937 0.436458 0.360937 0.4375 0.361719 0.444792 0.361719 0.445833 0.3625 0.459375 0.3625 0.460417 0.363281 0.520833 0.363281 0.521875 0.3625 0.5375 0.3625 0.538542 0.361719 0.552083 0.361719 0.553125 0.360937 0.570833 0.360937 0.571875 0.360156 0.583333 0.360156 0.584375 0.359375 0.589583 0.359375 0.590625 0.358594 0.59375 0.358594 0.594792 0.357812 0.598958 0.357812 0.6 0.357031 0.604167 0.357031 0.605208 0.35625 0.608333 0.35625 0.609375 0.355469 0.611458 0.355469 0.6125 0.354687 0.614583 0.354687 0.615625 0.353906 0.61875 0.353906 0.619792 0.353125 0.621875 0.353125 0.622917 0.352344 0.623958 0.352344 0.625 0.351562 0.626042 0.351562 0.627083 0.350781 0.628125 0.350781 0.629167 0.35 0.630208 0.35 0.63125 0.349219 0.632292 0.349219 0.634375 0.347656 0.634375 0.332812 0.891106
0 0.367708 0.382031 0.365625 0.383594 0.365625 0.391406 0.366667 0.392187 0.366667 0.392969 0.369792 0.395312 0.369792 0.396094 0.370833 0.396875 0.370833 0.397656 0.377083 0.402344 0.378125 0.402344 0.380208 0.403906 0.38125 0.403906 0.382292 0.404687 0.383333 0.404687 0.384375 0.405469 0.386458 0.405469 0.3875 0.40625 0.388542 0.40625 0.389583 0.407031 0.391667 0.407031 0.392708 0.407812 0.394792 0.407812 0.395833 0.408594 0.397917 0.408594 0.398958 0.409375 0.401042 0.409375 0.402083 0.410156 0.407292 0.410156 0.408333 0.410937 0.411458 0.410937 0.4125 0.411719 0.415625 0.411719 0.416667 0.4125 0.421875 0.4125 0.422917 0.413281 0.430208 0.413281 0.43125 0.414062 0.4375 0.414062 0.438542 0.414844 0.444792 0.414844 0.445833 0.415625 0.45625 0.415625 0.457292 0.416406 0.477083 0.416406 0.478125 0.417187 0.502083 0.417187 0.503125 0.416406 0.53125 0.416406 0.532292 0.415625 0.544792 0.415625 0.545833 0.414844 0.552083 0.414844 0.553125 0.414062 0.560417 0.414062 0.561458 0.413281 0.56875 0.413281 0.569792 0.4125 0.575 0.4125 0.576042 0.411719 0.579167 0.411719 0.580208 0.410937 0.583333 0.410937 0.584375 0.410156 0.5875 0.410156 0.588542 0.409375 0.591667 0.409375 0.592708 0.408594 0.594792 0.408594 0.595833 0.407812 0.597917 0.407812 0.598958 0.407031 0.602083 0.407031 0.603125 0.40625 0.605208 0.40625 0.60625 0.405469 0.607292 0.405469 0.608333 0.404687 0.609375 0.404687 0.610417 0.403906 0.6125 0.403906 0.613542 0.403125 0.614583 0.403125 0.615625 0.402344 0.616667 0.402344 0.617708 0.401562 0.61875 0.401562 0.619792 0.400781 0.620833 0.400781 0.621875 0.4 0.622917 0.4 0.628125 0.396094 0.628125 0.382812 0.627083 0.382812 0.623958 0.385156 0.622917 0.385156 0.621875 0.385937 0.619792 0.385937 0.617708 0.3875 0.616667 0.3875 0.615625 0.388281 0.614583 0.388281 0.613542 0.389062 0.609375 0.389062 0.607292 0.390625 0.60625 0.390625 0.605208 0.391406 0.602083 0.391406 0.601042 0.392187 0.595833 0.392187 0.594792 0.392969 0.592708 0.392969 0.591667 0.39375 0.590625 0.39375 0.589583 0.394531 0.585417 0.394531 0.584375 0.395312 0.577083 0.395312 0.576042 0.396094 0.571875 0.396094 0.570833 0.396875 0.567708 0.396875 0.566667 0.397656 0.557292 0.397656 0.55625 0.398438 0.538542 0.398438 0.5375 0.399219 0.529167 0.399219 0.528125 0.4 0.517708 0.4 0.516667 0.400781 0.48125 0.400781 0.480208 0.4 0.463542 0.4 0.4625 0.399219 0.454167 0.399219 0.453125 0.398438 0.4375 0.398438 0.436458 0.397656 0.427083 0.397656 0.426042 0.396875 0.421875 0.396875 0.420833 0.396094 0.416667 0.396094 0.415625 0.395312 0.408333 0.395312 0.407292 0.394531 0.403125 0.394531 0.402083 0.39375 0.4 0.39375 0.398958 0.392969 0.396875 0.392969 0.395833 0.392187 0.391667 0.392187 0.390625 0.391406 0.388542 0.391406 0.3875 0.390625 0.386458 0.390625 0.385417 0.389844 0.383333 0.389844 0.382292 0.389062 0.380208 0.389062 0.379167 0.388281 0.378125 0.388281 0.375 0.385937 0.373958 0.385937 0.372917 0.385156 0.371875 0.385156 0.855461
