0 0.482292 0.183594 0.48125 0.184375 0.479167 0.184375 0.478125 0.185156 0.476042 0.185156 0.475 0.185937 0.472917 0.185937 0.471875 0.186719 0.469792 0.186719 0.46875 0.1875 0.466667 0.1875 0.465625 0.188281 0.463542 0.188281 0.4625 0.189062 0.460417 0.189062 0.459375 0.189844 0.457292 0.189844 0.45625 0.190625 0.455208 0.190625 0.454167 0.191406 0.452083 0.191406 0.451042 0.192187 0.45 0.192187 0.448958 0.192969 0.447917 0.192969 0.446875 0.19375 0.445833 0.19375 0.444792 0.194531 0.44375 0.194531 0.441667 0.196094 0.440625 0.196094 0.4375 0.198437 0.436458 0.198437 0.432292 0.201562 0.43125 0.201562 0.428125 0.203906 0.428125 0.204687 0.423958 0.207812 0.423958 0.208594 0.420833 0.210938 0.420833 0.211719 0.419792 0.2125 0.419792 0.213281 0.41875 0.214062 0.41875 0.214844 0.417708 0.215625 0.417708 0.216406 0.416667 0.217187 0.416667 0.217969 0.415625 0.21875 0.415625 0.232812 0.416667 0.233594 0.416667 0.235156 0.417708 0.235937 0.417708 0.2375 0.41875 0.238281 0.41875 0.239844 0.419792 0.240625 0.419792 0.242187 0.420833 0.242969 0.420833 0.244531 0.421875 0.245312 0.421875 0.246094 0.422917 0.246875 0.422917 0.247656 0.425 0.249219 0.425 0.25 0.427083 0.251563 0.427083 0.252344 0.430208 0.254688 0.430208 0.255469 0.438542 0.261719 0.439583 0.261719 0.442708 0.264062 0.44375 0.264062 0.446875 0.266406 0.447917 0.266406 0.45 0.267969 0.451042 0.267969 0.452083 0.26875 0.453125 0.26875 0.454167 0.269531 0.455208 0.269531 0.45625 0.270312 0.457292 0.270312 0.458333 0.271094 0.459375 0.271094 0.460417 0.271875 0.4625 0.271875 0.463542 0.272656 0.464583 0.272656 0.465625 0.273438 0.467708 0.273438 0.46875 0.274219 0.470833 0.274219 0.471875 0.275 0.473958 0.275 0.475 0.275781 0.477083 0.275781 0.478125 0.276562 0.48125 0.276562 0.482292 0.277344 0.486458 0.277344 0.4875 0.278125 0.492708 0.278125 0.49375 0.278906 0.498958 0.278906 0.5 0.279687 0.508333 0.279687 0.509375 0.280469 0.530208 0.280469 0.53125 0.279687 0.540625 0.279687 0.541667 0.278906 0.546875 0.278906 0.547917 0.278125 0.553125 0.278125 0.554167 0.277344 0.557292 0.277344 0.558333 0.276562 0.559375 0.276562 0.560417 0.275781 0.5625 0.275781 0.563542 0.275 0.565625 0.275 0.566667 0.274219 0.56875 0.274219 0.569792 0.273438 0.570833 0.273438 0.571875 0.272656 0.572917 0.272656 0.573958 0.271875 0.576042 0.271875 0.577083 0.271094 0.578125 0.271094 0.579167 0.270312 0.580208 0.270312 0.582292 0.26875 0.584375 0.26875 0.585417 0.267969 0.586458 0.267969 0.588542 0.266406 0.589583 0.266406 0.592708 0.264062 0.59375 0.264062 0.608333 0.253125 0.608333 0.252344 0.610417 0.250781 0.610417 0.249219 0.611458 0.248437 0.611458 0.247656 0.6125 0.246875 0.6125 0.244531 0.613542 0.24375 0.613542 0.223437 0.6125 0.222656 0.6125 0.221094 0.611458 0.220312 0.611458 0.219531 0.610417 0.21875 0.610417 0.217969 0.609375 0.217187 0.609375 0.216406 0.60625 0.214062 0.60625 0.213281 0.602083 0.210156 0.602083 0.209375 0.594792 0.203906 0.59375 0.203906 0.589583 0.200781 0.588542 0.200781 0.585417 0.198437 0.584375 0.198437 0.582292 0.196875 0.58125 0.196875 0.579167 0.195312 0.578125 0.195312 0.577083 0.194531 0.576042 0.194531 0.573958 0.192969 0.572917 0.192969 0.571875 0.192187 0.570833 0.192187 0.569792 0.191406 0.56875 0.191406 0.567708 0.190625 0.566667 0.190625 0.565625 0.189844 0.563542 0.189844 0.5625 0.189062 0.560417 0.189062 0.559375 0.188281 0.558333 0.188281 0.557292 0.1875 0.555208 0.1875 0.554167 0.186719 0.551042 0.186719 0.55 0.185937 0.546875 0.185937 0.545833 0.185156 0.542708 0.185156 0.541667 0.184375 0.539583 0.184375 0.538542 0.183594 0.987795
0 0.410417 0.278125 0.409375 0.278906 0.409375 0.279687 0.408333 0.280469 0.408333 0.28125 0.404167 0.284375 0.404167 0.285156 0.403125 0.285937 0.403125 0.309375 0.404167 0.310156 0.404167 0.310937 0.405208 0.311719 0.405208 0.3125 0.40625 0.313281 0.40625 0.314062 0.407292 0.314844 0.407292 0.316406 0.408333 0.317187 0.408333 0.317969 0.409375 0.31875 0.409375 0.320312 0.411458 0.321875 0.411458 0.322656 0.4125 0.323437 0.4125 0.324219 0.416667 0.327344 0.416667 0.328125 0.427083 0.335938 0.428125 0.335938 0.432292 0.339062 0.433333 0.339062 0.434375 0.339844 0.435417 0.339844 0.436458 0.340625 0.4375 0.340625 0.439583 0.342187 0.440625 0.342187 0.441667 0.342969 0.442708 0.342969 0.44375 0.34375 0.444792 0.34375 0.445833 0.344531 0.446875 0.344531 0.447917 0.345312 0.448958 0.345312 0.45 0.346094 0.452083 0.346094 0.453125 0.346875 0.455208 0.346875 0.45625 0.347656 0.458333 0.347656 0.459375 0.348437 0.461458 0.348437 0.4625 0.349219 0.464583 0.349219 0.465625 0.35 0.467708 0.35 0.46875 0.350781 0.473958 0.350781 0.475 0.351562 0.478125 0.351562 0.479167 0.352344 0.485417 0.352344 0.486458 0.353125 0.51875 0.353125 0.519792 0.352344 0.525 0.352344 0.526042 0.351562 0.530208 0.351562 0.53125 0.350781 0.535417 0.350781 0.536458 0.35 0.538542 0.35 0.539583 0.349219 0.542708 0.349219 0.54375 0.348437 0.544792 0.348437 0.545833 0.347656 0.547917 0.347656 0.548958 0.346875 0.55 0.346875 0.551042 0.346094 0.553125 0.346094 0.554167 0.345312 0.555208 0.345312 0.55625 0.344531 0.557292 0.344531 0.558333 0.34375 0.559375 0.34375 0.560417 0.342969 0.561458 0.342969 0.5625 0.342187 0.563542 0.342187 0.565625 0.340625 0.566667 0.340625 0.56875 0.339062 0.569792 0.339062 0.571875 0.3375 0.572917 0.3375 0.5875 0.326562 0.5875 0.325781 0.592708 0.321875 0.592708 0.320312 0.59375 0.319531 0.59375 0.31875 0.594792 0.317969 0.594792 0.315625 0.595833 0.314844 0.595833 0.3125 0.596875 0.311719 0.596875 0.308594 0.597917 0.307812 0.597917 0.303125 0.596875 0.302344 0.596875 0.300781 0.596875 0.302344 0.595833 0.303125 0.595833 0.303906 0.59375 0.305469 0.59375 0.30625 0.592708 0.307031 0.592708 0.308594 0.591667 0.309375 0.591667 0.310156 0.590625 0.310937 0.590625 0.3125 0.588542 0.314062 0.588542 0.314844 0.5875 0.315625 0.5875 0.316406 0.575 0.325781 0.573958 0.325781 0.571875 0.327344 0.570833 0.327344 0.56875 0.328906 0.567708 0.328906 0.566667 0.329687 0.565625 0.329687 0.563542 0.33125 0.5625 0.33125 0.561458 0.332031 0.560417 0.332031 0.559375 0.332812 0.557292 0.332812 0.55625 0.333594 0.555208 0.333594 0.554167 0.334375 0.553125 0.334375 0.552083 0.335156 0.548958 0.335156 0.547917 0.335938 0.545833 0.335938 0.544792 0.336719 0.542708 0.336719 0.541667 0.3375 0.539583 0.3375 0.538542 0.338281 0.535417 0.338281 0.534375 0.339062 0.526042 0.339062 0.525 0.339844 0.516667 0.339844 0.515625 0.340625 0.501042 0.340625 0.5 0.339844 0.490625 0.339844 0.489583 0.339062 0.483333 0.339062 0.482292 0.338281 0.478125 0.338281 0.477083 0.3375 0.473958 0.3375 0.472917 0.336719 0.469792 0.336719 0.46875 0.335938 0.466667 0.335938 0.465625 0.335156 0.463542 0.335156 0.4625 0.334375 0.461458 0.334375 0.460417 0.333594 0.458333 0.333594 0.457292 0.332812 0.45625 0.332812 0.455208 0.332031 0.454167 0.332031 0.453125 0.33125 0.452083 0.33125 0.451042 0.330469 0.45 0.330469 0.448958 0.329687 0.447917 0.329687 0.446875 0.328906 0.445833 0.328906 0.444792 0.328125 0.44375 0.328125 0.441667 0.326562 0.440625 0.326562 0.438542 0.325 0.4375 0.325 0.434375 0.322656 0.433333 0.322656 0.422917 0.314844 0.422917 0.314062 0.420833 0.3125 0.420833 0.311719 0.41875 0.310156 0.41875 0.309375 0.417708 0.308594 0.417708 0.307812 0.416667 0.307031 0.416667 0.30625 0.415625 0.305469 0.415625 0.303906 0.414583 0.303125 0.414583 0.299219 0.413542 0.298437 0.413542 0.29375 0.4125 0.292969 0.4125 0.286719 0.411458 0.285937 0.411458 0.279687 0.410417 0.278906 0.986325
0 0.414583 0.23125 0.414583 0.248437 0.415625 0.249219 0.415625 0.25 0.416667 0.250781 0.416667 0.251563 0.417708 0.252344 0.417708 0.253125 0.41875 0.253906 0.41875 0.254688 0.419792 0.255469 0.419792 0.25625 0.420833 0.257031 0.420833 0.257812 0.421875 0.258594 0.421875 0.259375 0.423958 0.260937 0.423958 0.261719 0.429167 0.265625 0.429167 0.266406 0.43125 0.267969 0.432292 0.267969 0.4375 0.271875 0.438542 0.271875 0.442708 0.275 0.44375 0.275 0.444792 0.275781 0.445833 0.275781 0.446875 0.276562 0.447917 0.276562 0.448958 0.277344 0.45 0.277344 0.452083 0.278906 0.453125 0.278906 0.454167 0.279687 0.45625 0.279687 0.457292 0.280469 0.458333 0.280469 0.459375 0.28125 0.460417 0.28125 0.461458 0.282031 0.463542 0.282031 0.464583 0.282812 0.466667 0.282812 0.467708 0.283594 0.46875 0.283594 0.469792 0.284375 0.471875 0.284375 0.472917 0.285156 0.476042 0.285156 0.477083 0.285937 0.480208 0.285937 0.48125 0.286719 0.484375 0.286719 0.485417 0.2875 0.488542 0.2875 0.489583 0.288281 0.496875 0.288281 0.497917 0.289062 0.508333 0.289062 0.509375 0.289844 0.525 0.289844 0.526042 0.289062 0.536458 0.289062 0.5375 0.288281 0.54375 0.288281 0.544792 0.2875 0.547917 0.2875 0.548958 0.286719 0.552083 0.286719 0.553125 0.285937 0.55625 0.285937 0.557292 0.285156 0.560417 0.285156 0.561458 0.284375 0.5625 0.284375 0.563542 0.283594 0.564583 0.283594 0.565625 0.282812 0.567708 0.282812 0.56875 0.282031 0.570833 0.282031 0.571875 0.28125 0.572917 0.28125 0.573958 0.280469 0.575 0.280469 0.576042 0.279687 0.577083 0.279687 0.579167 0.278125 0.580208 0.278125 0.58125 0.277344 0.582292 0.277344 0.583333 0.276562 0.584375 0.276562 0.5875 0.274219 0.588542 0.274219 0.591667 0.271875 0.592708 0.271875 0.594792 0.270312 0.594792 0.269531 0.596875 0.267969 0.597917 0.267969 0.6 0.266406 0.6 0.265625 0.603125 0.263281 0.603125 0.2625 0.605208 0.260937 0.605208 0.259375 0.60625 0.258594 0.60625 0.25625 0.605208 0.25625 0.604167 0.257031 0.604167 0.257812 0.603125 0.258594 0.602083 0.258594 0.6 0.260156 0.6 0.260937 0.598958 0.261719 0.597917 0.261719 0.59375 0.264844 0.592708 0.264844 0.590625 0.266406 0.589583 0.266406 0.5875 0.267969 0.586458 0.267969 0.585417 0.26875 0.584375 0.26875 0.583333 0.269531 0.582292 0.269531 0.580208 0.271094 0.579167 0.271094 0.578125 0.271875 0.577083 0.271875 0.576042 0.272656 0.573958 0.272656 0.572917 0.273438 0.571875 0.273438 0.570833 0.274219 0.569792 0.274219 0.56875 0.275 0.566667 0.275 0.565625 0.275781 0.5625 0.275781 0.561458 0.276562 0.560417 0.276562 0.559375 0.277344 0.557292 0.277344 0.55625 0.278125 0.553125 0.278125 0.552083 0.278906 0.546875 0.278906 0.545833 0.279687 0.540625 0.279687 0.539583 0.280469 0.501042 0.280469 0.5 0.279687 0.49375 0.279687 0.492708 0.278906 0.488542 0.278906 0.4875 0.278125 0.483333 0.278125 0.482292 0.277344 0.479167 0.277344 0.478125 0.276562 0.476042 0.276562 0.475 0.275781 0.471875 0.275781 0.470833 0.275 0.46875 0.275 0.467708 0.274219 0.465625 0.274219 0.464583 0.273438 0.463542 0.273438 0.4625 0.272656 0.460417 0.272656 0.459375 0.271875 0.458333 0.271875 0.457292 0.271094 0.45625 0.271094 0.455208 0.270312 0.454167 0.270312 0.453125 0.269531 0.452083 0.269531 0.451042 0.26875 0.45 0.26875 0.447917 0.267187 0.446875 0.267187 0.444792 0.265625 0.44375 0.265625 0.439583 0.2625 0.438542 0.2625 0.428125 0.254688 0.428125 0.253906 0.426042 0.252344 0.426042 0.251563 0.423958 0.25 0.423958 0.249219 0.421875 0.247656 0.421875 0.246875 0.420833 0.246094 0.420833 0.245312 0.419792 0.244531 0.419792 0.24375 0.41875 0.242969 0.41875 0.240625 0.417708 0.239844 0.417708 0.238281 0.416667 0.2375 0.416667 0.235156 0.415625 0.234375 0.415625 0.232031 0.962998
0 0.416667 0.272656 0.416667 0.282031 0.417708 0.282812 0.417708 0.283594 0.419792 0.285156 0.419792 0.285937 0.420833 0.286719 0.420833 0.2875 0.421875 0.288281 0.421875 0.289062 0.422917 0.289844 0.422917 0.290625 0.423958 0.291406 0.423958 0.292187 0.428125 0.295312 0.428125 0.296094 0.43125 0.298437 0.432292 0.298437 0.438542 0.303125 0.439583 0.303125 0.441667 0.304688 0.442708 0.304688 0.44375 0.305469 0.444792 0.305469 0.446875 0.307031 0.447917 0.307031 0.45 0.308594 0.451042 0.308594 0.452083 0.309375 0.453125 0.309375 0.454167 0.310156 0.455208 0.310156 0.45625 0.310937 0.457292 0.310937 0.458333 0.311719 0.460417 0.311719 0.461458 0.3125 0.463542 0.3125 0.464583 0.313281 0.465625 0.313281 0.466667 0.314062 0.46875 0.314062 0.469792 0.314844 0.470833 0.314844 0.471875 0.315625 0.476042 0.315625 0.477083 0.316406 0.480208 0.316406 0.48125 0.317187 0.484375 0.317187 0.485417 0.317969 0.488542 0.317969 0.489583 0.31875 0.496875 0.31875 0.497917 0.319531 0.530208 0.319531 0.53125 0.31875 0.5375 0.31875 0.538542 0.317969 0.541667 0.317969 0.542708 0.317187 0.545833 0.317187 0.546875 0.316406 0.55 0.316406 0.551042 0.315625 0.554167 0.315625 0.555208 0.314844 0.55625 0.314844 0.557292 0.314062 0.559375 0.314062 0.560417 0.313281 0.561458 0.313281 0.5625 0.3125 0.564583 0.3125 0.565625 0.311719 0.566667 0.311719 0.56875 0.310156 0.569792 0.310156 0.570833 0.309375 0.571875 0.309375 0.572917 0.308594 0.573958 0.308594 0.576042 0.307031 0.577083 0.307031 0.579167 0.305469 0.580208 0.305469 0.584375 0.302344 0.585417 0.302344 0.591667 0.297656 0.591667 0.296875 0.592708 0.296094 0.59375 0.296094 0.595833 0.294531 0.595833 0.29375 0.596875 0.292969 0.596875 0.292187 0.597917 0.291406 0.597917 0.289844 0.598958 0.289062 0.598958 0.2875 0.6 0.286719 0.6 0.284375 0.601042 0.283594 0.601042 0.280469 0.602083 0.279687 0.602083 0.278906 0.601042 0.278125 0.601042 0.28125 0.598958 0.282812 0.597917 0.282812 0.596875 0.283594 0.596875 0.284375 0.592708 0.2875 0.592708 0.288281 0.584375 0.294531 0.583333 0.294531 0.579167 0.297656 0.578125 0.297656 0.577083 0.298437 0.576042 0.298437 0.573958 0.3 0.572917 0.3 0.571875 0.300781 0.570833 0.300781 0.569792 0.301562 0.56875 0.301562 0.567708 0.302344 0.566667 0.302344 0.565625 0.303125 0.564583 0.303125 0.563542 0.303906 0.561458 0.303906 0.560417 0.304688 0.558333 0.304688 0.557292 0.305469 0.555208 0.305469 0.554167 0.30625 0.552083 0.30625 0.551042 0.307031 0.548958 0.307031 0.547917 0.307812 0.542708 0.307812 0.541667 0.308594 0.5375 0.308594 0.536458 0.309375 0.532292 0.309375 0.53125 0.310156 0.521875 0.310156 0.520833 0.310937 0.507292 0.310937 0.50625 0.310156 0.497917 0.310156 0.496875 0.309375 0.492708 0.309375 0.491667 0.308594 0.4875 0.308594 0.486458 0.307812 0.480208 0.307812 0.479167 0.307031 0.476042 0.307031 0.475 0.30625 0.473958 0.30625 0.472917 0.305469 0.470833 0.305469 0.469792 0.304688 0.467708 0.304688 0.466667 0.303906 0.463542 0.303906 0.4625 0.303125 0.461458 0.303125 0.460417 0.302344 0.459375 0.302344 0.458333 0.301562 0.45625 0.301562 0.455208 0.300781 0.454167 0.300781 0.453125 0.3 0.452083 0.3 0.451042 0.299219 0.45 0.299219 0.448958 0.298437 0.447917 0.298437 0.445833 0.296875 0.444792 0.296875 0.442708 0.295312 0.441667 0.295312 0.439583 0.29375 0.438542 0.29375 0.435417 0.291406 0.434375 0.291406 0.427083 0.285937 0.427083 0.285156 0.423958 0.282812 0.423958 0.282031 0.422917 0.28125 0.422917 0.280469 0.420833 0.278906 0.420833 0.278125 0.419792 0.277344 0.419792 0.276562 0.41875 0.275781 0.41875 0.274219 0.958719
0 0.415625 0.253125 0.415625 0.2625 0.416667 0.263281 0.416667 0.264062 0.417708 0.264844 0.417708 0.265625 0.419792 0.267187 0.419792 0.267969 0.420833 0.26875 0.420833 0.269531 0.423958 0.271875 0.423958 0.272656 0.435417 0.28125 0.436458 0.28125 0.438542 0.282812 0.439583 0.282812 0.442708 0.285156 0.44375 0.285156 0.445833 0.286719 0.446875 0.286719 0.447917 0.2875 0.448958 0.2875 0.45 0.288281 0.451042 0.288281 0.452083 0.289062 0.453125 0.289062 0.454167 0.289844 0.455208 0.289844 0.45625 0.290625 0.458333 0.290625 0.459375 0.291406 0.460417 0.291406 0.461458 0.292187 0.463542 0.292187 0.464583 0.292969 0.466667 0.292969 0.467708 0.29375 0.469792 0.29375 0.470833 0.294531 0.473958 0.294531 0.475 0.295312 0.478125 0.295312 0.479167 0.296094 0.48125 0.296094 0.482292 0.296875 0.485417 0.296875 0.486458 0.297656 0.491667 0.297656 0.492708 0.298437 0.503125 0.298437 0.504167 0.299219 0.528125 0.299219 0.529167 0.298437 0.5375 0.298437 0.538542 0.297656 0.54375 0.297656 0.544792 0.296875 0.547917 0.296875 0.548958 0.296094 0.551042 0.296094 0.552083 0.295312 0.555208 0.295312 0.55625 0.294531 0.559375 0.294531 0.560417 0.29375 0.561458 0.29375 0.5625 0.292969 0.563542 0.292969 0.564583 0.292187 0.566667 0.292187 0.567708 0.291406 0.56875 0.291406 0.570833 0.289844 0.571875 0.289844 0.572917 0.289062 0.575 0.289062 0.577083 0.2875 0.578125 0.2875 0.580208 0.285937 0.58125 0.285937 0.584375 0.283594 0.585417 0.283594 0.591667 0.278906 0.592708 0.278906 0.592708 0.278125 0.594792 0.276562 0.594792 0.275781 0.597917 0.273438 0.597917 0.272656 0.598958 0.271875 0.598958 0.271094 0.6 0.270312 0.601042 0.270312 0.601042 0.269531 0.602083 0.26875 0.602083 0.266406 0.601042 0.266406 0.601042 0.267187 0.598958 0.26875 0.597917 0.26875 0.595833 0.270312 0.595833 0.271094 0.594792 0.271875 0.59375 0.271875 0.592708 0.272656 0.591667 0.272656 0.5875 0.275781 0.586458 0.275781 0.583333 0.278125 0.582292 0.278125 0.58125 0.278906 0.579167 0.278906 0.577083 0.280469 0.576042 0.280469 0.575 0.28125 0.573958 0.28125 0.572917 0.282031 0.571875 0.282031 0.570833 0.282812 0.56875 0.282812 0.567708 0.283594 0.566667 0.283594 0.565625 0.284375 0.563542 0.284375 0.5625 0.285156 0.561458 0.285156 0.560417 0.285937 0.557292 0.285937 0.55625 0.286719 0.554167 0.286719 0.553125 0.2875 0.55 0.2875 0.548958 0.288281 0.544792 0.288281 0.54375 0.289062 0.5375 0.289062 0.536458 0.289844 0.527083 0.289844 0.526042 0.290625 0.508333 0.290625 0.507292 0.289844 0.497917 0.289844 0.496875 0.289062 0.489583 0.289062 0.488542 0.288281 0.484375 0.288281 0.483333 0.2875 0.480208 0.2875 0.479167 0.286719 0.477083 0.286719 0.476042 0.285937 0.471875 0.285937 0.470833 0.285156 0.46875 0.285156 0.467708 0.284375 0.466667 0.284375 0.465625 0.283594 0.464583 0.283594 0.463542 0.282812 0.460417 0.282812 0.459375 0.282031 0.458333 0.282031 0.457292 0.28125 0.45625 0.28125 0.455208 0.280469 0.454167 0.280469 0.453125 0.279687 0.452083 0.279687 0.451042 0.278906 0.45 0.278906 0.448958 0.278125 0.447917 0.278125 0.445833 0.276562 0.444792 0.276562 0.44375 0.275781 0.442708 0.275781 0.441667 0.275 0.440625 0.275 0.436458 0.271875 0.435417 0.271875 0.423958 0.263281 0.423958 0.2625 0.421875 0.260937 0.421875 0.260156 0.419792 0.258594 0.419792 0.257812 0.41875 0.257031 0.41875 0.25625 0.417708 0.255469 0.417708 0.254688 0.953986
0 0.401042 0.303906 0.401042 0.321875 0.402083 0.322656 0.402083 0.323437 0.403125 0.324219 0.403125 0.325781 0.404167 0.326562 0.404167 0.327344 0.405208 0.328125 0.405208 0.328906 0.40625 0.329687 0.40625 0.330469 0.407292 0.33125 0.407292 0.332031 0.409375 0.333594 0.409375 0.334375 0.411458 0.335938 0.411458 0.336719 0.416667 0.340625 0.416667 0.341406 0.417708 0.342187 0.41875 0.342187 0.425 0.346875 0.426042 0.346875 0.429167 0.349219 0.430208 0.349219 0.432292 0.350781 0.433333 0.350781 0.434375 0.351562 0.435417 0.351562 0.436458 0.352344 0.4375 0.352344 0.439583 0.353906 0.441667 0.353906 0.442708 0.354687 0.44375 0.354687 0.444792 0.355469 0.445833 0.355469 0.446875 0.35625 0.447917 0.35625 0.448958 0.357031 0.451042 0.357031 0.452083 0.357812 0.454167 0.357812 0.455208 0.358594 0.45625 0.358594 0.457292 0.359375 0.459375 0.359375 0.460417 0.360156 0.463542 0.360156 0.464583 0.360937 0.467708 0.360937 0.46875 0.361719 0.471875 0.361719 0.472917 0.3625 0.479167 0.3625 0.480208 0.363281 0.490625 0.363281 0.491667 0.364062 0.508333 0.364062 0.509375 0.363281 0.519792 0.363281 0.520833 0.3625 0.526042 0.3625 0.527083 0.361719 0.530208 0.361719 0.53125 0.360937 0.534375 0.360937 0.535417 0.360156 0.538542 0.360156 0.539583 0.359375 0.541667 0.359375 0.542708 0.358594 0.544792 0.358594 0.545833 0.357812 0.546875 0.357812 0.547917 0.357031 0.55 0.357031 0.551042 0.35625 0.552083 0.35625 0.553125 0.355469 0.554167 0.355469 0.555208 0.354687 0.55625 0.354687 0.557292 0.353906 0.558333 0.353906 0.559375 0.353125 0.560417 0.353125 0.5625 0.351562 0.563542 0.351562 0.566667 0.349219 0.567708 0.349219 0.569792 0.347656 0.570833 0.347656 0.583333 0.338281 0.583333 0.3375 0.585417 0.335938 0.585417 0.335156 0.5875 0.333594 0.5875 0.332812 0.588542 0.332031 0.588542 0.33125 0.589583 0.330469 0.589583 0.325781 0.588542 0.326562 0.588542 0.327344 0.577083 0.335938 0.576042 0.335938 0.576042 0.336719 0.575 0.3375 0.573958 0.3375 0.571875 0.339062 0.570833 0.339062 0.56875 0.340625 0.567708 0.340625 0.565625 0.342187 0.564583 0.342187 0.563542 0.342969 0.5625 0.342969 0.560417 0.344531 0.559375 0.344531 0.558333 0.345312 0.557292 0.345312 0.55625 0.346094 0.555208 0.346094 0.554167 0.346875 0.553125 0.346875 0.552083 0.347656 0.55 0.347656 0.548958 0.348437 0.546875 0.348437 0.545833 0.349219 0.54375 0.349219 0.542708 0.35 0.541667 0.35 0.540625 0.350781 0.536458 0.350781 0.535417 0.351562 0.532292 0.351562 0.53125 0.352344 0.528125 0.352344 0.527083 0.353125 0.522917 0.353125 0.521875 0.353906 0.508333 0.353906 0.507292 0.354687 0.497917 0.354687 0.496875 0.353906 0.484375 0.353906 0.483333 0.353125 0.478125 0.353125 0.477083 0.352344 0.473958 0.352344 0.472917 0.351562 0.46875 0.351562 0.467708 0.350781 0.463542 0.350781 0.4625 0.35 0.461458 0.35 0.460417 0.349219 0.458333 0.349219 0.457292 0.348437 0.455208 0.348437 0.454167 0.347656 0.452083 0.347656 0.451042 0.346875 0.448958 0.346875 0.446875 0.345312 0.445833 0.345312 0.444792 0.344531 0.442708 0.344531 0.441667 0.34375 0.440625 0.34375 0.438542 0.342187 0.4375 0.342187 0.436458 0.341406 0.435417 0.341406 0.434375 0.340625 0.433333 0.340625 0.430208 0.338281 0.429167 0.338281 0.425 0.335156 0.423958 0.335156 0.416667 0.329687 0.416667 0.328906 0.411458 0.325 0.411458 0.324219 0.410417 0.323437 0.410417 0.322656 0.409375 0.321875 0.409375 0.321094 0.407292 0.319531 0.407292 0.317969 0.40625 0.317187 0.40625 0.315625 0.405208 0.314844 0.405208 0.313281 0.404167 0.3125 0.404167 0.311719 0.403125 0.310937 0.403125 0.308594 0.402083 0.307812 0.402083 0.303906 0.951931
0 0.413542 0.274219 0.413542 0.289062 0.414583 0.289844 0.414583 0.291406 0.415625 0.292187 0.415625 0.29375 0.416667 0.294531 0.416667 0.295312 0.41875 0.296875 0.41875 0.297656 0.420833 0.299219 0.420833 0.3 0.422917 0.301562 0.422917 0.302344 0.426042 0.304688 0.426042 0.305469 0.434375 0.311719 0.435417 0.311719 0.438542 0.314062 0.439583 0.314062 0.441667 0.315625 0.442708 0.315625 0.444792 0.317187 0.445833 0.317187 0.446875 0.317969 0.447917 0.317969 0.448958 0.31875 0.45 0.31875 0.451042 0.319531 0.452083 0.319531 0.453125 0.320312 0.454167 0.320312 0.455208 0.321094 0.45625 0.321094 0.457292 0.321875 0.459375 0.321875 0.460417 0.322656 0.461458 0.322656 0.4625 0.323437 0.464583 0.323437 0.465625 0.324219 0.466667 0.324219 0.467708 0.325 0.470833 0.325 0.471875 0.325781 0.475 0.325781 0.476042 0.326562 0.478125 0.326562 0.479167 0.327344 0.482292 0.327344 0.483333 0.328125 0.491667 0.328125 0.492708 0.328906 0.507292 0.328906 0.508333 0.329687 0.510417 0.329687 0.511458 0.328906 0.525 0.328906 0.526042 0.328125 0.534375 0.328125 0.535417 0.327344 0.538542 0.327344 0.539583 0.326562 0.542708 0.326562 0.54375 0.325781 0.546875 0.325781 0.547917 0.325 0.551042 0.325 0.552083 0.324219 0.553125 0.324219 0.554167 0.323437 0.55625 0.323437 0.557292 0.322656 0.558333 0.322656 0.559375 0.321875 0.560417 0.321875 0.561458 0.321094 0.5625 0.321094 0.563542 0.320312 0.564583 0.320312 0.565625 0.319531 0.566667 0.319531 0.567708 0.31875 0.56875 0.31875 0.570833 0.317187 0.571875 0.317187 0.575 0.314844 0.576042 0.314844 0.580208 0.311719 0.58125 0.311719 0.586458 0.307812 0.586458 0.307031 0.5875 0.30625 0.5875 0.305469 0.588542 0.304688 0.589583 0.304688 0.589583 0.303906 0.592708 0.301562 0.592708 0.300781 0.59375 0.3 0.59375 0.297656 0.592708 0.297656 0.592708 0.298437 0.590625 0.3 0.589583 0.3 0.585417 0.303125 0.584375 0.303125 0.58125 0.305469 0.580208 0.305469 0.577083 0.307812 0.576042 0.307812 0.573958 0.309375 0.572917 0.309375 0.571875 0.310156 0.570833 0.310156 0.569792 0.310937 0.56875 0.310937 0.567708 0.311719 0.566667 0.311719 0.565625 0.3125 0.564583 0.3125 0.563542 0.313281 0.5625 0.313281 0.561458 0.314062 0.560417 0.314062 0.559375 0.314844 0.557292 0.314844 0.55625 0.315625 0.555208 0.315625 0.554167 0.316406 0.552083 0.316406 0.551042 0.317187 0.546875 0.317187 0.545833 0.317969 0.541667 0.317969 0.540625 0.31875 0.5375 0.31875 0.536458 0.319531 0.53125 0.319531 0.530208 0.320312 0.497917 0.320312 0.496875 0.319531 0.490625 0.319531 0.489583 0.31875 0.486458 0.31875 0.485417 0.317969 0.48125 0.317969 0.480208 0.317187 0.476042 0.317187 0.475 0.316406 0.471875 0.316406 0.470833 0.315625 0.469792 0.315625 0.46875 0.314844 0.466667 0.314844 0.465625 0.314062 0.463542 0.314062 0.4625 0.313281 0.460417 0.313281 0.459375 0.3125 0.458333 0.3125 0.457292 0.311719 0.45625 0.311719 0.455208 0.310937 0.454167 0.310937 0.453125 0.310156 0.452083 0.310156 0.451042 0.309375 0.45 0.309375 0.448958 0.308594 0.447917 0.308594 0.445833 0.307031 0.444792 0.307031 0.442708 0.305469 0.441667 0.305469 0.440625 0.304688 0.439583 0.304688 0.435417 0.301562 0.434375 0.301562 0.426042 0.295312 0.426042 0.294531 0.422917 0.292187 0.422917 0.291406 0.421875 0.290625 0.421875 0.289844 0.420833 0.289062 0.420833 0.288281 0.419792 0.2875 0.419792 0.286719 0.41875 0.285937 0.41875 0.285156 0.416667 0.283594 0.416667 0.282031 0.415625 0.28125 0.415625 0.275781 0.414583 0.275 0.414583 0.274219 0.947673
0 0.592708 0.304688 0.59375 0.303906 0.59375 0.303125 0.592708 0.303906 0.592708 0.304688 0.590625 0.30625 0.589583 0.30625 0.588542 0.307031 0.588542 0.307812 0.58125 0.313281 0.580208 0.313281 0.576042 0.316406 0.575 0.316406 0.573958 0.317187 0.572917 0.317187 0.569792 0.319531 0.56875 0.319531 0.567708 0.320312 0.566667 0.320312 0.564583 0.321875 0.563542 0.321875 0.5625 0.322656 0.561458 0.322656 0.560417 0.323437 0.558333 0.323437 0.557292 0.324219 0.55625 0.324219 0.555208 0.325 0.554167 0.325 0.553125 0.325781 0.55 0.325781 0.548958 0.326562 0.544792 0.326562 0.54375 0.327344 0.541667 0.327344 0.540625 0.328125 0.5375 0.328125 0.536458 0.328906 0.529167 0.328906 0.528125 0.329687 0.489583 0.329687 0.488542 0.328906 0.482292 0.328906 0.48125 0.328125 0.478125 0.328125 0.477083 0.327344 0.475 0.327344 0.473958 0.326562 0.470833 0.326562 0.469792 0.325781 0.466667 0.325781 0.465625 0.325 0.463542 0.325 0.4625 0.324219 0.461458 0.324219 0.460417 0.323437 0.459375 0.323437 0.458333 0.322656 0.455208 0.322656 0.454167 0.321875 0.453125 0.321875 0.451042 0.320312 0.45 0.320312 0.448958 0.319531 0.446875 0.319531 0.44375 0.317187 0.442708 0.317187 0.441667 0.316406 0.440625 0.316406 0.438542 0.314844 0.4375 0.314844 0.434375 0.3125 0.433333 0.3125 0.427083 0.307812 0.427083 0.307031 0.422917 0.303906 0.422917 0.303125 0.420833 0.301562 0.420833 0.300781 0.41875 0.299219 0.41875 0.298437 0.417708 0.297656 0.417708 0.296875 0.416667 0.296875 0.415625 0.296094 0.415625 0.294531 0.415625 0.302344 0.416667 0.303125 0.416667 0.304688 0.417708 0.305469 0.417708 0.30625 0.41875 0.307031 0.41875 0.307812 0.419792 0.308594 0.419792 0.309375 0.420833 0.310156 0.420833 0.310937 0.422917 0.3125 0.422917 0.313281 0.426042 0.315625 0.426042 0.316406 0.432292 0.321094 0.433333 0.321094 0.4375 0.324219 0.438542 0.324219 0.440625 0.325781 0.441667 0.325781 0.442708 0.326562 0.44375 0.326562 0.445833 0.328125 0.446875 0.328125 0.447917 0.328906 0.448958 0.328906 0.45 0.329687 0.451042 0.329687 0.452083 0.330469 0.453125 0.330469 0.454167 0.33125 0.455208 0.33125 0.45625 0.332031 0.457292 0.332031 0.458333 0.332812 0.460417 0.332812 0.461458 0.333594 0.4625 0.333594 0.463542 0.334375 0.465625 0.334375 0.466667 0.335156 0.46875 0.335156 0.469792 0.335938 0.472917 0.335938 0.473958 0.336719 0.477083 0.336719 0.478125 0.3375 0.48125 0.3375 0.482292 0.338281 0.488542 0.338281 0.489583 0.339062 0.496875 0.339062 0.497917 0.339844 0.51875 0.339844 0.519792 0.339062 0.526042 0.339062 0.527083 0.338281 0.534375 0.338281 0.535417 0.3375 0.538542 0.3375 0.539583 0.336719 0.541667 0.336719 0.542708 0.335938 0.544792 0.335938 0.545833 0.335156 0.547917 0.335156 0.548958 0.334375 0.551042 0.334375 0.552083 0.333594 0.554167 0.333594 0.555208 0.332812 0.55625 0.332812 0.557292 0.332031 0.559375 0.332031 0.561458 0.330469 0.5625 0.330469 0.563542 0.329687 0.564583 0.329687 0.565625 0.328906 0.566667 0.328906 0.567708 0.328125 0.56875 0.328125 0.570833 0.326562 0.571875 0.326562 0.575 0.324219 0.576042 0.324219 0.585417 0.317187 0.585417 0.316406 0.586458 0.315625 0.586458 0.314844 0.588542 0.313281 0.588542 0.3125 0.589583 0.311719 0.589583 0.310156 0.590625 0.309375 0.590625 0.307812 0.591667 0.307031 0.590625 0.30625 0.941052
0 0.416667 0.266406 0.416667 0.271094 0.417708 0.271875 0.417708 0.272656 0.419792 0.274219 0.419792 0.275781 0.420833 0.276562 0.420833 0.277344 0.421875 0.278125 0.421875 0.278906 0.422917 0.279687 0.422917 0.280469 0.425 0.282031 0.425 0.282812 0.427083 0.284375 0.427083 0.285156 0.434375 0.290625 0.435417 0.290625 0.438542 0.292969 0.439583 0.292969 0.442708 0.295312 0.44375 0.295312 0.445833 0.296875 0.446875 0.296875 0.447917 0.297656 0.448958 0.297656 0.45 0.298437 0.451042 0.298437 0.452083 0.299219 0.453125 0.299219 0.454167 0.3 0.455208 0.3 0.45625 0.300781 0.458333 0.300781 0.459375 0.301562 0.460417 0.301562 0.461458 0.302344 0.4625 0.302344 0.463542 0.303125 0.465625 0.303125 0.466667 0.303906 0.469792 0.303906 0.470833 0.304688 0.472917 0.304688 0.473958 0.305469 0.475 0.305469 0.476042 0.30625 0.479167 0.30625 0.480208 0.307031 0.485417 0.307031 0.486458 0.307812 0.490625 0.307812 0.491667 0.308594 0.495833 0.308594 0.496875 0.309375 0.53125 0.309375 0.532292 0.308594 0.536458 0.308594 0.5375 0.307812 0.541667 0.307812 0.542708 0.307031 0.547917 0.307031 0.548958 0.30625 0.551042 0.30625 0.552083 0.305469 0.554167 0.305469 0.555208 0.304688 0.557292 0.304688 0.558333 0.303906 0.560417 0.303906 0.561458 0.303125 0.563542 0.303125 0.564583 0.302344 0.565625 0.302344 0.566667 0.301562 0.567708 0.301562 0.56875 0.300781 0.569792 0.300781 0.570833 0.3 0.571875 0.3 0.572917 0.299219 0.573958 0.299219 0.576042 0.297656 0.577083 0.297656 0.578125 0.296875 0.579167 0.296875 0.582292 0.294531 0.583333 0.294531 0.59375 0.286719 0.59375 0.285937 0.595833 0.284375 0.595833 0.283594 0.598958 0.28125 0.598958 0.280469 0.6 0.279687 0.6 0.278906 0.601042 0.278125 0.601042 0.275781 0.602083 0.275 0.602083 0.271094 0.601042 0.271094 0.601042 0.271875 0.6 0.272656 0.6 0.273438 0.595833 0.276562 0.595833 0.277344 0.588542 0.282812 0.5875 0.282812 0.584375 0.285156 0.583333 0.285156 0.580208 0.2875 0.579167 0.2875 0.577083 0.289062 0.576042 0.289062 0.575 0.289844 0.573958 0.289844 0.572917 0.290625 0.571875 0.290625 0.570833 0.291406 0.569792 0.291406 0.56875 0.292187 0.567708 0.292187 0.566667 0.292969 0.565625 0.292969 0.564583 0.29375 0.5625 0.29375 0.561458 0.294531 0.560417 0.294531 0.559375 0.295312 0.557292 0.295312 0.55625 0.296094 0.553125 0.296094 0.552083 0.296875 0.55 0.296875 0.548958 0.297656 0.544792 0.297656 0.54375 0.298437 0.538542 0.298437 0.5375 0.299219 0.529167 0.299219 0.528125 0.3 0.503125 0.3 0.502083 0.299219 0.492708 0.299219 0.491667 0.298437 0.485417 0.298437 0.484375 0.297656 0.482292 0.297656 0.48125 0.296875 0.478125 0.296875 0.477083 0.296094 0.473958 0.296094 0.472917 0.295312 0.470833 0.295312 0.469792 0.294531 0.467708 0.294531 0.466667 0.29375 0.464583 0.29375 0.463542 0.292969 0.461458 0.292969 0.460417 0.292187 0.459375 0.292187 0.458333 0.291406 0.45625 0.291406 0.455208 0.290625 0.454167 0.290625 0.453125 0.289844 0.452083 0.289844 0.451042 0.289062 0.45 0.289062 0.448958 0.288281 0.446875 0.288281 0.444792 0.286719 0.44375 0.286719 0.440625 0.284375 0.439583 0.284375 0.4375 0.282812 0.436458 0.282812 0.433333 0.280469 0.432292 0.280469 0.423958 0.274219 0.423958 0.273438 0.422917 0.272656 0.422917 0.271875 0.41875 0.26875 0.41875 0.267969 0.417708 0.267187 0.417708 0.266406 0.381165
0 0.415625 0.266406 0.415625 0.267969 0.416667 0.26875 0.416667 0.271094 0.417708 0.271875 0.417708 0.272656 0.419792 0.274219 0.419792 0.275781 0.420833 0.276562 0.420833 0.277344 0.421875 0.278125 0.421875 0.278906 0.423958 0.280469 0.423958 0.28125 0.425 0.282031 0.425 0.282812 0.428125 0.285156 0.428125 0.285937 0.434375 0.290625 0.435417 0.290625 0.438542 0.292969 0.439583 0.292969 0.441667 0.294531 0.442708 0.294531 0.444792 0.296094 0.445833 0.296094 0.447917 0.297656 0.448958 0.297656 0.45 0.298437 0.451042 0.298437 0.452083 0.299219 0.453125 0.299219 0.454167 0.3 0.455208 0.3 0.45625 0.300781 0.458333 0.300781 0.459375 0.301562 0.460417 0.301562 0.461458 0.302344 0.4625 0.302344 0.463542 0.303125 0.465625 0.303125 0.466667 0.303906 0.469792 0.303906 0.470833 0.304688 0.472917 0.304688 0.473958 0.305469 0.475 0.305469 0.476042 0.30625 0.479167 0.30625 0.480208 0.307031 0.485417 0.307031 0.486458 0.307812 0.491667 0.307812 0.492708 0.308594 0.495833 0.308594 0.496875 0.309375 0.53125 0.309375 0.532292 0.308594 0.536458 0.308594 0.5375 0.307812 0.541667 0.307812 0.542708 0.307031 0.547917 0.307031 0.548958 0.30625 0.551042 0.30625 0.552083 0.305469 0.554167 0.305469 0.555208 0.304688 0.557292 0.304688 0.558333 0.303906 0.560417 0.303906 0.561458 0.303125 0.563542 0.303125 0.564583 0.302344 0.565625 0.302344 0.566667 0.301562 0.567708 0.301562 0.56875 0.300781 0.569792 0.300781 0.570833 0.3 0.571875 0.3 0.572917 0.299219 0.573958 0.299219 0.576042 0.297656 0.577083 0.297656 0.579167 0.296094 0.580208 0.296094 0.582292 0.294531 0.583333 0.294531 0.592708 0.2875 0.592708 0.286719 0.595833 0.284375 0.595833 0.283594 0.598958 0.28125 0.598958 0.280469 0.6 0.279687 0.6 0.278125 0.601042 0.277344 0.601042 0.275781 0.602083 0.275 0.602083 0.271094 0.601042 0.271094 0.601042 0.271875 0.6 0.272656 0.6 0.273438 0.597917 0.275 0.596875 0.275 0.596875 0.275781 0.595833 0.276562 0.595833 0.277344 0.59375 0.278906 0.592708 0.278906 0.592708 0.279687 0.589583 0.282031 0.588542 0.282031 0.584375 0.285156 0.583333 0.285156 0.58125 0.286719 0.580208 0.286719 0.578125 0.288281 0.577083 0.288281 0.575 0.289844 0.573958 0.289844 0.572917 0.290625 0.571875 0.290625 0.570833 0.291406 0.569792 0.291406 0.56875 0.292187 0.567708 0.292187 0.566667 0.292969 0.564583 0.292969 0.563542 0.29375 0.5625 0.29375 0.561458 0.294531 0.560417 0.294531 0.559375 0.295312 0.55625 0.295312 0.555208 0.296094 0.552083 0.296094 0.551042 0.296875 0.548958 0.296875 0.547917 0.297656 0.544792 0.297656 0.54375 0.298437 0.5375 0.298437 0.536458 0.299219 0.528125 0.299219 0.527083 0.3 0.504167 0.3 0.503125 0.299219 0.49375 0.299219 0.492708 0.298437 0.486458 0.298437 0.485417 0.297656 0.482292 0.297656 0.48125 0.296875 0.479167 0.296875 0.478125 0.296094 0.473958 0.296094 0.472917 0.295312 0.470833 0.295312 0.469792 0.294531 0.467708 0.294531 0.466667 0.29375 0.464583 0.29375 0.463542 0.292969 0.461458 0.292969 0.460417 0.292187 0.459375 0.292187 0.458333 0.291406 0.45625 0.291406 0.455208 0.290625 0.454167 0.290625 0.453125 0.289844 0.452083 0.289844 0.451042 0.289062 0.45 0.289062 0.448958 0.288281 0.447917 0.288281 0.446875 0.2875 0.445833 0.2875 0.44375 0.285937 0.442708 0.285937 0.440625 0.284375 0.439583 0.284375 0.4375 0.282812 0.436458 0.282812 0.432292 0.279687 0.43125 0.279687 0.428125 0.277344 0.428125 0.276562 0.422917 0.272656 0.422917 0.271875 0.41875 0.26875 0.41875 0.267187 0.417708 0.266406 0.128534
