0 0.539583 0.117187 0.5375 0.11875 0.533333 0.11875 0.53125 0.120312 0.527083 0.120312 0.525 0.121875 0.522917 0.121875 0.520833 0.123437 0.51875 0.123437 0.516667 0.125 0.514583 0.125 0.5125 0.126562 0.510417 0.126562 0.50625 0.129687 0.504167 0.129687 0.5 0.132812 0.497917 0.132812 0.4875 0.140625 0.4875 0.142187 0.483333 0.145312 0.483333 0.146875 0.48125 0.148438 0.48125 0.178125 0.489583 0.184375 0.489583 0.185937 0.491667 0.1875 0.491667 0.189062 0.502083 0.196875 0.504167 0.196875 0.508333 0.2 0.510417 0.2 0.514583 0.203125 0.516667 0.203125 0.51875 0.204687 0.520833 0.204687 0.522917 0.20625 0.525 0.20625 0.527083 0.207812 0.529167 0.207812 0.53125 0.209375 0.533333 0.209375 0.535417 0.210938 0.54375 0.210938 0.545833 0.2125 0.554167 0.2125 0.55625 0.214062 0.560417 0.214062 0.5625 0.215625 0.570833 0.215625 0.572917 0.217187 0.610417 0.217187 0.6125 0.215625 0.616667 0.215625 0.61875 0.214062 0.622917 0.214062 0.625 0.2125 0.63125 0.2125 0.633333 0.210938 0.6375 0.210938 0.639583 0.209375 0.641667 0.209375 0.64375 0.207812 0.645833 0.207812 0.647917 0.20625 0.65 0.20625 0.652083 0.204687 0.654167 0.204687 0.660417 0.2 0.6625 0.2 0.666667 0.196875 0.666667 0.195312 0.675 0.189062 0.675 0.185937 0.679167 0.182812 0.679167 0.18125 0.68125 0.179688 0.68125 0.176562 0.683333 0.175 0.683333 0.159375 0.68125 0.157812 0.68125 0.15625 0.679167 0.154687 0.679167 0.153125 0.677083 0.151562 0.677083 0.15 0.675 0.148438 0.675 0.146875 0.666667 0.140625 0.666667 0.139062 0.664583 0.1375 0.6625 0.1375 0.65625 0.132812 0.654167 0.132812 0.652083 0.13125 0.65 0.13125 0.645833 0.128125 0.64375 0.128125 0.641667 0.126562 0.639583 0.126562 0.6375 0.125 0.633333 0.125 0.63125 0.123437 0.627083 0.123437 0.625 0.121875 0.622917 0.121875 0.620833 0.120312 0.61875 0.120312 0.616667 0.11875 0.610417 0.11875 0.608333 0.117187 0.985673
0 0.329167 0.104687 0.327083 0.10625 0.322917 0.10625 0.320833 0.107812 0.31875 0.107812 0.316667 0.109375 0.314583 0.109375 0.3125 0.110937 0.308333 0.110937 0.30625 0.1125 0.302083 0.1125 0.3 0.114062 0.297917 0.114062 0.295833 0.115625 0.29375 0.115625 0.291667 0.117187 0.289583 0.117187 0.2875 0.11875 0.285417 0.11875 0.279167 0.123437 0.277083 0.123437 0.264583 0.132812 0.264583 0.134375 0.260417 0.1375 0.260417 0.139062 0.258333 0.140625 0.258333 0.142187 0.25625 0.14375 0.25625 0.16875 0.258333 0.170312 0.258333 0.171875 0.264583 0.176562 0.264583 0.178125 0.26875 0.18125 0.270833 0.18125 0.272917 0.182812 0.272917 0.184375 0.275 0.185937 0.277083 0.185937 0.279167 0.1875 0.28125 0.1875 0.285417 0.190625 0.2875 0.190625 0.289583 0.192187 0.291667 0.192187 0.29375 0.19375 0.295833 0.19375 0.297917 0.195312 0.3 0.195312 0.302083 0.196875 0.304167 0.196875 0.30625 0.198437 0.3125 0.198437 0.314583 0.2 0.322917 0.2 0.325 0.201562 0.329167 0.201562 0.33125 0.203125 0.339583 0.203125 0.341667 0.204687 0.372917 0.204687 0.375 0.203125 0.383333 0.203125 0.385417 0.201562 0.389583 0.201562 0.391667 0.2 0.4 0.2 0.402083 0.198437 0.40625 0.198437 0.408333 0.196875 0.410417 0.196875 0.4125 0.195312 0.414583 0.195312 0.416667 0.19375 0.41875 0.19375 0.420833 0.192187 0.425 0.192187 0.429167 0.189062 0.43125 0.189062 0.435417 0.185937 0.4375 0.185937 0.45 0.176562 0.45 0.175 0.45625 0.170312 0.45625 0.16875 0.458333 0.167187 0.458333 0.165625 0.460417 0.164062 0.460417 0.1625 0.4625 0.160937 0.4625 0.142187 0.460417 0.140625 0.460417 0.139062 0.458333 0.1375 0.458333 0.134375 0.452083 0.129687 0.452083 0.128125 0.447917 0.125 0.445833 0.125 0.4375 0.11875 0.435417 0.11875 0.43125 0.115625 0.429167 0.115625 0.427083 0.114062 0.425 0.114062 0.422917 0.1125 0.420833 0.1125 0.41875 0.110937 0.414583 0.110937 0.4125 0.109375 0.410417 0.109375 0.408333 0.107812 0.40625 0.107812 0.404167 0.10625 0.397917 0.10625 0.395833 0.104687 0.98207
0 0.460417 0.240625 0.460417 0.239062 0.4625 0.2375 0.4625 0.229687 0.460417 0.229687 0.460417 0.240625 0.458333 0.24375 0.45625 0.242187 0.452083 0.242187 0.45 0.24375 0.45 0.245312 0.435417 0.25625 0.433333 0.25625 0.429167 0.259375 0.427083 0.259375 0.422917 0.2625 0.420833 0.2625 0.41875 0.264062 0.416667 0.264062 0.4125 0.267187 0.408333 0.267187 0.40625 0.26875 0.397917 0.26875 0.395833 0.270312 0.391667 0.270312 0.389583 0.271875 0.383333 0.271875 0.38125 0.273438 0.341667 0.273438 0.339583 0.271875 0.333333 0.271875 0.33125 0.270312 0.325 0.270312 0.322917 0.26875 0.316667 0.26875 0.314583 0.267187 0.310417 0.267187 0.30625 0.264062 0.304167 0.264062 0.302083 0.2625 0.3 0.2625 0.297917 0.260937 0.295833 0.260937 0.2875 0.254688 0.285417 0.254688 0.28125 0.251563 0.28125 0.25 0.275 0.245312 0.275 0.24375 0.272917 0.242187 0.272917 0.239062 0.270833 0.2375 0.270833 0.235937 0.26875 0.234375 0.26875 0.228125 0.266667 0.226562 0.266667 0.223437 0.264583 0.221875 0.264583 0.220312 0.2625 0.21875 0.2625 0.217187 0.260417 0.217187 0.260417 0.246875 0.2625 0.248437 0.2625 0.25 0.264583 0.251563 0.264583 0.253125 0.266667 0.254688 0.26875 0.254688 0.272917 0.257812 0.272917 0.259375 0.285417 0.26875 0.2875 0.26875 0.29375 0.273438 0.297917 0.273438 0.302083 0.276562 0.304167 0.276562 0.30625 0.278125 0.308333 0.278125 0.310417 0.279687 0.31875 0.279687 0.320833 0.28125 0.329167 0.28125 0.33125 0.282812 0.3375 0.282812 0.339583 0.284375 0.375 0.284375 0.377083 0.282812 0.385417 0.282812 0.3875 0.28125 0.391667 0.28125 0.39375 0.279687 0.404167 0.279687 0.40625 0.278125 0.410417 0.278125 0.4125 0.276562 0.414583 0.276562 0.41875 0.273438 0.422917 0.273438 0.425 0.271875 0.427083 0.271875 0.433333 0.267187 0.435417 0.267187 0.447917 0.257812 0.447917 0.25625 0.45625 0.25 0.45625 0.248437 0.458333 0.246875 0.458333 0.24375 0.967991
0 0.66875 0.265625 0.66875 0.264062 0.66875 0.265625 0.664583 0.267187 0.677083 0.2375 0.677083 0.234375 0.675 0.234375 0.677083 0.235937 0.677083 0.2375 0.664583 0.267187 0.660417 0.267187 0.654167 0.271875 0.652083 0.271875 0.65 0.273438 0.647917 0.273438 0.645833 0.275 0.641667 0.275 0.635417 0.279687 0.629167 0.279687 0.627083 0.28125 0.61875 0.28125 0.616667 0.282812 0.610417 0.282812 0.608333 0.284375 0.570833 0.284375 0.56875 0.282812 0.566667 0.282812 0.564583 0.28125 0.55625 0.28125 0.554167 0.279687 0.545833 0.279687 0.54375 0.278125 0.541667 0.278125 0.539583 0.276562 0.5375 0.276562 0.535417 0.275 0.533333 0.275 0.53125 0.273438 0.527083 0.273438 0.522917 0.270312 0.520833 0.270312 0.516667 0.267187 0.514583 0.267187 0.510417 0.264062 0.508333 0.264062 0.485417 0.246875 0.483333 0.246875 0.48125 0.245312 0.48125 0.24375 0.479167 0.242187 0.479167 0.239062 0.479167 0.254688 0.48125 0.25625 0.48125 0.257812 0.485417 0.260937 0.485417 0.2625 0.497917 0.271875 0.5 0.271875 0.510417 0.279687 0.5125 0.279687 0.51875 0.284375 0.522917 0.284375 0.525 0.285937 0.527083 0.285937 0.529167 0.2875 0.53125 0.2875 0.533333 0.289062 0.535417 0.289062 0.5375 0.290625 0.541667 0.290625 0.54375 0.292187 0.552083 0.292187 0.554167 0.29375 0.56875 0.29375 0.570833 0.295312 0.597917 0.295312 0.6 0.29375 0.610417 0.29375 0.6125 0.292187 0.622917 0.292187 0.625 0.290625 0.63125 0.290625 0.635417 0.2875 0.6375 0.2875 0.639583 0.285937 0.64375 0.285937 0.645833 0.284375 0.647917 0.284375 0.664583 0.271875 0.664583 0.267187 0.960547
0 0.679167 0.245312 0.677083 0.246875 0.677083 0.254688 0.675 0.25625 0.675 0.260937 0.672917 0.2625 0.672917 0.265625 0.670833 0.267187 0.670833 0.26875 0.66875 0.270312 0.66875 0.271875 0.660417 0.278125 0.660417 0.279687 0.658333 0.28125 0.65625 0.28125 0.647917 0.2875 0.64375 0.2875 0.641667 0.289062 0.6375 0.289062 0.633333 0.292187 0.629167 0.292187 0.627083 0.29375 0.622917 0.29375 0.620833 0.295312 0.602083 0.295312 0.6 0.296875 0.56875 0.296875 0.566667 0.295312 0.547917 0.295312 0.545833 0.29375 0.539583 0.29375 0.5375 0.292187 0.535417 0.292187 0.533333 0.290625 0.53125 0.290625 0.529167 0.289062 0.525 0.289062 0.522917 0.2875 0.520833 0.2875 0.514583 0.282812 0.5125 0.282812 0.510417 0.28125 0.508333 0.28125 0.502083 0.276562 0.5 0.276562 0.495833 0.273438 0.495833 0.271875 0.49375 0.271875 0.491667 0.270312 0.489583 0.270312 0.4875 0.26875 0.4875 0.265625 0.485417 0.264062 0.485417 0.270312 0.491667 0.275 0.491667 0.276562 0.49375 0.278125 0.49375 0.279687 0.50625 0.289062 0.508333 0.289062 0.5125 0.292187 0.514583 0.292187 0.51875 0.295312 0.520833 0.295312 0.522917 0.296875 0.525 0.296875 0.527083 0.298437 0.529167 0.298437 0.53125 0.3 0.533333 0.3 0.535417 0.301562 0.5375 0.301562 0.539583 0.303125 0.545833 0.303125 0.547917 0.304688 0.552083 0.304688 0.554167 0.30625 0.560417 0.30625 0.5625 0.307812 0.570833 0.307812 0.572917 0.309375 0.604167 0.309375 0.60625 0.307812 0.614583 0.307812 0.616667 0.30625 0.620833 0.30625 0.622917 0.304688 0.629167 0.304688 0.63125 0.303125 0.6375 0.303125 0.639583 0.301562 0.641667 0.301562 0.645833 0.298437 0.647917 0.298437 0.65 0.296875 0.652083 0.296875 0.658333 0.292187 0.660417 0.292187 0.670833 0.284375 0.670833 0.282812 0.672917 0.28125 0.672917 0.279687 0.677083 0.276562 0.677083 0.275 0.679167 0.273438 0.679167 0.271875 0.68125 0.270312 0.68125 0.251563 0.679167 0.25 0.958143
0 0.4625 0.164062 0.460417 0.165625 0.460417 0.171875 0.45625 0.175 0.454167 0.175 0.452083 0.176562 0.452083 0.178125 0.445833 0.182812 0.44375 0.182812 0.441667 0.184375 0.441667 0.185937 0.439583 0.1875 0.4375 0.1875 0.435417 0.189062 0.433333 0.189062 0.427083 0.19375 0.422917 0.19375 0.420833 0.195312 0.416667 0.195312 0.4125 0.198437 0.410417 0.198437 0.408333 0.2 0.404167 0.2 0.402083 0.201562 0.39375 0.201562 0.391667 0.203125 0.3875 0.203125 0.385417 0.204687 0.38125 0.204687 0.379167 0.20625 0.3375 0.20625 0.335417 0.204687 0.329167 0.204687 0.327083 0.203125 0.322917 0.203125 0.320833 0.201562 0.3125 0.201562 0.310417 0.2 0.304167 0.2 0.302083 0.198437 0.3 0.198437 0.297917 0.196875 0.295833 0.196875 0.29375 0.195312 0.291667 0.195312 0.289583 0.19375 0.2875 0.19375 0.285417 0.192187 0.283333 0.192187 0.279167 0.189062 0.277083 0.189062 0.275 0.1875 0.272917 0.1875 0.270833 0.185937 0.270833 0.182812 0.266667 0.182812 0.2625 0.179688 0.2625 0.175 0.260417 0.173437 0.260417 0.18125 0.2625 0.182812 0.2625 0.184375 0.272917 0.192187 0.272917 0.19375 0.279167 0.198437 0.28125 0.198437 0.2875 0.203125 0.289583 0.203125 0.291667 0.204687 0.29375 0.204687 0.295833 0.20625 0.297917 0.20625 0.3 0.207812 0.302083 0.207812 0.304167 0.209375 0.308333 0.209375 0.310417 0.210938 0.314583 0.210938 0.316667 0.2125 0.31875 0.2125 0.320833 0.214062 0.325 0.214062 0.327083 0.215625 0.333333 0.215625 0.335417 0.217187 0.370833 0.217187 0.372917 0.215625 0.385417 0.215625 0.3875 0.214062 0.391667 0.214062 0.39375 0.2125 0.397917 0.2125 0.4 0.210938 0.404167 0.210938 0.40625 0.209375 0.410417 0.209375 0.4125 0.207812 0.416667 0.207812 0.41875 0.20625 0.420833 0.20625 0.422917 0.204687 0.425 0.204687 0.429167 0.201562 0.43125 0.201562 0.433333 0.2 0.435417 0.2 0.4375 0.198437 0.439583 0.198437 0.45625 0.185937 0.45625 0.184375 0.458333 0.182812 0.458333 0.179688 0.460417 0.178125 0.460417 0.176562 0.4625 0.175 0.938185
0 0.460417 0.189062 0.460417 0.198437 0.458333 0.2 0.454167 0.2 0.452083 0.201562 0.452083 0.204687 0.45 0.20625 0.445833 0.20625 0.44375 0.207812 0.441667 0.207812 0.435417 0.2125 0.433333 0.2125 0.429167 0.215625 0.427083 0.215625 0.422917 0.21875 0.420833 0.21875 0.41875 0.220312 0.414583 0.220312 0.4125 0.221875 0.404167 0.221875 0.4 0.225 0.395833 0.225 0.39375 0.226562 0.3875 0.226562 0.385417 0.228125 0.335417 0.228125 0.333333 0.226562 0.322917 0.226562 0.320833 0.225 0.316667 0.225 0.314583 0.223437 0.3125 0.223437 0.310417 0.221875 0.308333 0.221875 0.30625 0.220312 0.302083 0.220312 0.3 0.21875 0.297917 0.21875 0.295833 0.217187 0.29375 0.217187 0.291667 0.215625 0.289583 0.215625 0.2875 0.214062 0.285417 0.214062 0.283333 0.2125 0.28125 0.2125 0.279167 0.210938 0.279167 0.209375 0.275 0.209375 0.270833 0.20625 0.270833 0.201562 0.26875 0.2 0.266667 0.201562 0.266667 0.203125 0.26875 0.204687 0.26875 0.20625 0.270833 0.207812 0.272917 0.207812 0.275 0.209375 0.275 0.214062 0.285417 0.221875 0.2875 0.221875 0.291667 0.225 0.29375 0.225 0.297917 0.228125 0.3 0.228125 0.302083 0.229687 0.30625 0.229687 0.308333 0.23125 0.310417 0.23125 0.3125 0.232812 0.316667 0.232812 0.31875 0.234375 0.325 0.234375 0.327083 0.235937 0.333333 0.235937 0.335417 0.2375 0.38125 0.2375 0.383333 0.235937 0.389583 0.235937 0.391667 0.234375 0.397917 0.234375 0.4 0.232812 0.402083 0.232812 0.404167 0.23125 0.4125 0.23125 0.416667 0.228125 0.420833 0.228125 0.422917 0.226562 0.425 0.226562 0.427083 0.225 0.429167 0.225 0.4375 0.21875 0.439583 0.21875 0.447917 0.2125 0.447917 0.210938 0.45 0.209375 0.452083 0.209375 0.452083 0.207812 0.454167 0.20625 0.454167 0.204687 0.458333 0.201562 0.458333 0.2 0.460417 0.198437 0.937564
0 0.479167 0.175 0.479167 0.184375 0.48125 0.185937 0.48125 0.190625 0.485417 0.19375 0.485417 0.195312 0.489583 0.198437 0.489583 0.2 0.491667 0.201562 0.491667 0.203125 0.49375 0.204687 0.495833 0.204687 0.502083 0.209375 0.504167 0.209375 0.510417 0.214062 0.5125 0.214062 0.516667 0.217187 0.51875 0.217187 0.520833 0.21875 0.525 0.21875 0.527083 0.220312 0.529167 0.220312 0.533333 0.223437 0.539583 0.223437 0.541667 0.225 0.547917 0.225 0.55 0.226562 0.55625 0.226562 0.558333 0.228125 0.564583 0.228125 0.566667 0.229687 0.604167 0.229687 0.60625 0.228125 0.616667 0.228125 0.61875 0.226562 0.625 0.226562 0.627083 0.225 0.633333 0.225 0.635417 0.223437 0.6375 0.223437 0.639583 0.221875 0.641667 0.221875 0.64375 0.220312 0.645833 0.220312 0.647917 0.21875 0.65 0.21875 0.652083 0.217187 0.654167 0.217187 0.65625 0.215625 0.658333 0.215625 0.666667 0.209375 0.666667 0.207812 0.672917 0.203125 0.672917 0.201562 0.677083 0.198437 0.677083 0.196875 0.679167 0.195312 0.679167 0.1875 0.677083 0.1875 0.677083 0.192187 0.672917 0.195312 0.66875 0.195312 0.66875 0.198437 0.666667 0.2 0.664583 0.2 0.6625 0.201562 0.660417 0.201562 0.660417 0.203125 0.65625 0.20625 0.654167 0.20625 0.652083 0.207812 0.65 0.207812 0.647917 0.209375 0.645833 0.209375 0.641667 0.2125 0.6375 0.2125 0.635417 0.214062 0.627083 0.214062 0.625 0.215625 0.622917 0.215625 0.620833 0.217187 0.616667 0.217187 0.614583 0.21875 0.566667 0.21875 0.564583 0.217187 0.560417 0.217187 0.558333 0.215625 0.554167 0.215625 0.552083 0.214062 0.54375 0.214062 0.541667 0.2125 0.535417 0.2125 0.533333 0.210938 0.53125 0.210938 0.529167 0.209375 0.527083 0.209375 0.525 0.207812 0.520833 0.207812 0.51875 0.20625 0.516667 0.20625 0.510417 0.201562 0.508333 0.201562 0.50625 0.2 0.504167 0.2 0.4875 0.1875 0.4875 0.184375 0.485417 0.182812 0.48125 0.182812 0.479167 0.18125 0.935177
0 0.460417 0.245312 0.460417 0.246875 0.458333 0.248437 0.458333 0.251563 0.45 0.257812 0.45 0.259375 0.4375 0.26875 0.435417 0.26875 0.433333 0.270312 0.43125 0.270312 0.425 0.275 0.422917 0.275 0.420833 0.276562 0.416667 0.276562 0.414583 0.278125 0.4125 0.278125 0.408333 0.28125 0.402083 0.28125 0.4 0.282812 0.3875 0.282812 0.385417 0.284375 0.379167 0.284375 0.377083 0.285937 0.35625 0.285937 0.354167 0.2875 0.352083 0.285937 0.339583 0.285937 0.3375 0.284375 0.329167 0.284375 0.327083 0.282812 0.316667 0.282812 0.314583 0.28125 0.308333 0.28125 0.304167 0.278125 0.302083 0.278125 0.3 0.276562 0.295833 0.276562 0.29375 0.275 0.291667 0.275 0.285417 0.270312 0.283333 0.270312 0.270833 0.260937 0.270833 0.259375 0.26875 0.257812 0.266667 0.257812 0.2625 0.254688 0.2625 0.248437 0.2625 0.259375 0.266667 0.2625 0.266667 0.265625 0.270833 0.26875 0.270833 0.270312 0.289583 0.284375 0.291667 0.284375 0.29375 0.285937 0.295833 0.285937 0.297917 0.2875 0.3 0.2875 0.302083 0.289062 0.304167 0.289062 0.30625 0.290625 0.308333 0.290625 0.310417 0.292187 0.314583 0.292187 0.316667 0.29375 0.320833 0.29375 0.322917 0.295312 0.327083 0.295312 0.329167 0.296875 0.3375 0.296875 0.339583 0.298437 0.375 0.298437 0.377083 0.296875 0.3875 0.296875 0.389583 0.295312 0.395833 0.295312 0.397917 0.29375 0.402083 0.29375 0.404167 0.292187 0.408333 0.292187 0.410417 0.290625 0.414583 0.290625 0.416667 0.289062 0.41875 0.289062 0.422917 0.285937 0.425 0.285937 0.427083 0.284375 0.429167 0.284375 0.433333 0.28125 0.435417 0.28125 0.45 0.270312 0.45 0.26875 0.452083 0.267187 0.454167 0.267187 0.454167 0.265625 0.45625 0.264062 0.45625 0.2625 0.458333 0.260937 0.458333 0.259375 0.4625 0.25625 0.4625 0.245312 0.933247
0 0.270833 0.226562 0.270833 0.21875 0.270833 0.226562 0.277083 0.229687 0.277083 0.232812 0.279167 0.234375 0.28125 0.234375 0.283333 0.235937 0.283333 0.239062 0.2875 0.242187 0.289583 0.242187 0.29375 0.245312 0.29375 0.246875 0.297917 0.246875 0.3 0.248437 0.302083 0.248437 0.308333 0.253125 0.3125 0.253125 0.314583 0.254688 0.322917 0.254688 0.325 0.25625 0.33125 0.25625 0.333333 0.257812 0.3375 0.257812 0.339583 0.259375 0.347917 0.259375 0.35 0.260937 0.36875 0.260937 0.370833 0.259375 0.379167 0.259375 0.38125 0.257812 0.385417 0.257812 0.3875 0.25625 0.4 0.25625 0.402083 0.254688 0.408333 0.254688 0.410417 0.253125 0.4125 0.253125 0.414583 0.251563 0.416667 0.251563 0.41875 0.25 0.420833 0.25 0.422917 0.248437 0.425 0.248437 0.427083 0.246875 0.429167 0.246875 0.435417 0.242187 0.439583 0.242187 0.441667 0.240625 0.441667 0.239062 0.44375 0.2375 0.445833 0.2375 0.45 0.234375 0.45 0.232812 0.45625 0.228125 0.45625 0.226562 0.458333 0.225 0.458333 0.223437 0.460417 0.221875 0.460417 0.214062 0.460417 0.21875 0.45625 0.221875 0.454167 0.221875 0.452083 0.223437 0.452083 0.225 0.447917 0.228125 0.445833 0.228125 0.44375 0.229687 0.44375 0.23125 0.441667 0.232812 0.439583 0.232812 0.43125 0.239062 0.425 0.239062 0.422917 0.240625 0.420833 0.240625 0.416667 0.24375 0.414583 0.24375 0.4125 0.245312 0.40625 0.245312 0.404167 0.246875 0.39375 0.246875 0.391667 0.248437 0.3875 0.248437 0.385417 0.25 0.377083 0.25 0.375 0.251563 0.341667 0.251563 0.339583 0.25 0.33125 0.25 0.329167 0.248437 0.325 0.248437 0.322917 0.246875 0.31875 0.246875 0.316667 0.245312 0.308333 0.245312 0.30625 0.24375 0.304167 0.24375 0.3 0.240625 0.297917 0.240625 0.295833 0.239062 0.291667 0.239062 0.285417 0.234375 0.283333 0.234375 0.28125 0.232812 0.279167 0.232812 0.277083 0.23125 0.277083 0.229687 0.929706
0 0.270833 0.226562 0.270833 0.235937 0.272917 0.2375 0.272917 0.239062 0.275 0.240625 0.275 0.242187 0.277083 0.24375 0.277083 0.245312 0.283333 0.25 0.283333 0.251563 0.285417 0.253125 0.2875 0.253125 0.295833 0.259375 0.297917 0.259375 0.3 0.260937 0.302083 0.260937 0.304167 0.2625 0.30625 0.2625 0.310417 0.265625 0.316667 0.265625 0.31875 0.267187 0.325 0.267187 0.327083 0.26875 0.33125 0.26875 0.333333 0.270312 0.335417 0.270312 0.3375 0.271875 0.385417 0.271875 0.3875 0.270312 0.389583 0.270312 0.391667 0.26875 0.395833 0.26875 0.397917 0.267187 0.404167 0.267187 0.40625 0.265625 0.4125 0.265625 0.41875 0.260937 0.422917 0.260937 0.425 0.259375 0.427083 0.259375 0.433333 0.254688 0.435417 0.254688 0.447917 0.245312 0.447917 0.24375 0.452083 0.240625 0.454167 0.240625 0.45625 0.239062 0.45625 0.232812 0.454167 0.232812 0.452083 0.234375 0.452083 0.235937 0.447917 0.239062 0.445833 0.239062 0.44375 0.240625 0.44375 0.242187 0.439583 0.245312 0.435417 0.245312 0.429167 0.25 0.427083 0.25 0.425 0.251563 0.420833 0.251563 0.41875 0.253125 0.416667 0.253125 0.4125 0.25625 0.408333 0.25625 0.40625 0.257812 0.395833 0.257812 0.39375 0.259375 0.383333 0.259375 0.38125 0.260937 0.375 0.260937 0.372917 0.2625 0.34375 0.2625 0.341667 0.260937 0.3375 0.260937 0.335417 0.259375 0.33125 0.259375 0.329167 0.257812 0.316667 0.257812 0.314583 0.25625 0.310417 0.25625 0.308333 0.254688 0.30625 0.254688 0.302083 0.251563 0.297917 0.251563 0.295833 0.25 0.29375 0.25 0.285417 0.24375 0.283333 0.24375 0.28125 0.242187 0.28125 0.240625 0.279167 0.239062 0.279167 0.2375 0.272917 0.232812 0.272917 0.23125 0.270833 0.229687 0.925247
0 0.460417 0.201562 0.460417 0.203125 0.458333 0.204687 0.458333 0.20625 0.452083 0.210938 0.452083 0.2125 0.44375 0.21875 0.441667 0.21875 0.4375 0.221875 0.435417 0.221875 0.435417 0.223437 0.433333 0.225 0.43125 0.225 0.429167 0.226562 0.427083 0.226562 0.422917 0.229687 0.420833 0.229687 0.41875 0.23125 0.416667 0.23125 0.414583 0.232812 0.40625 0.232812 0.404167 0.234375 0.402083 0.234375 0.4 0.235937 0.397917 0.235937 0.395833 0.2375 0.389583 0.2375 0.3875 0.239062 0.327083 0.239062 0.325 0.2375 0.322917 0.2375 0.320833 0.235937 0.316667 0.235937 0.314583 0.234375 0.3125 0.234375 0.310417 0.232812 0.302083 0.232812 0.29375 0.226562 0.291667 0.226562 0.289583 0.225 0.285417 0.225 0.28125 0.221875 0.28125 0.220312 0.279167 0.21875 0.275 0.21875 0.272917 0.217187 0.272917 0.214062 0.270833 0.2125 0.270833 0.207812 0.26875 0.20625 0.26875 0.21875 0.275 0.223437 0.275 0.225 0.28125 0.229687 0.283333 0.229687 0.285417 0.23125 0.285417 0.232812 0.289583 0.235937 0.291667 0.235937 0.29375 0.2375 0.297917 0.2375 0.302083 0.240625 0.30625 0.240625 0.308333 0.242187 0.3125 0.242187 0.314583 0.24375 0.31875 0.24375 0.320833 0.245312 0.322917 0.245312 0.325 0.246875 0.333333 0.246875 0.335417 0.248437 0.35625 0.248437 0.358333 0.25 0.360417 0.25 0.3625 0.248437 0.38125 0.248437 0.383333 0.246875 0.391667 0.246875 0.39375 0.245312 0.402083 0.245312 0.404167 0.24375 0.40625 0.24375 0.408333 0.242187 0.4125 0.242187 0.414583 0.240625 0.416667 0.240625 0.41875 0.239062 0.420833 0.239062 0.422917 0.2375 0.425 0.2375 0.427083 0.235937 0.43125 0.235937 0.4375 0.23125 0.439583 0.23125 0.454167 0.220312 0.454167 0.21875 0.458333 0.215625 0.458333 0.214062 0.460417 0.2125 0.924306
0 0.660417 0.235937 0.6625 0.234375 0.6625 0.232812 0.660417 0.232812 0.660417 0.235937 0.658333 0.239062 0.65625 0.2375 0.652083 0.2375 0.64375 0.24375 0.641667 0.24375 0.639583 0.245312 0.6375 0.245312 0.635417 0.246875 0.63125 0.246875 0.629167 0.248437 0.627083 0.248437 0.625 0.25 0.620833 0.25 0.61875 0.251563 0.6125 0.251563 0.610417 0.253125 0.558333 0.253125 0.55625 0.251563 0.54375 0.251563 0.541667 0.25 0.539583 0.25 0.5375 0.248437 0.535417 0.248437 0.533333 0.246875 0.529167 0.246875 0.527083 0.245312 0.522917 0.245312 0.520833 0.24375 0.51875 0.24375 0.516667 0.242187 0.514583 0.242187 0.508333 0.2375 0.50625 0.2375 0.502083 0.234375 0.5 0.234375 0.49375 0.229687 0.491667 0.229687 0.489583 0.228125 0.489583 0.226562 0.4875 0.225 0.4875 0.223437 0.485417 0.221875 0.483333 0.221875 0.479167 0.21875 0.479167 0.214062 0.479167 0.223437 0.48125 0.225 0.48125 0.226562 0.4875 0.23125 0.4875 0.232812 0.508333 0.248437 0.510417 0.248437 0.5125 0.25 0.516667 0.25 0.520833 0.253125 0.522917 0.253125 0.525 0.254688 0.53125 0.254688 0.533333 0.25625 0.5375 0.25625 0.541667 0.259375 0.545833 0.259375 0.547917 0.260937 0.55625 0.260937 0.558333 0.2625 0.595833 0.2625 0.597917 0.260937 0.610417 0.260937 0.6125 0.259375 0.61875 0.259375 0.622917 0.25625 0.627083 0.25625 0.629167 0.254688 0.633333 0.254688 0.635417 0.253125 0.639583 0.253125 0.645833 0.248437 0.647917 0.248437 0.654167 0.24375 0.654167 0.242187 0.658333 0.239062 0.888084
0 0.460417 0.18125 0.460417 0.185937 0.45625 0.189062 0.454167 0.189062 0.452083 0.190625 0.452083 0.192187 0.447917 0.195312 0.445833 0.195312 0.439583 0.2 0.4375 0.2 0.435417 0.201562 0.433333 0.201562 0.43125 0.203125 0.429167 0.203125 0.422917 0.207812 0.41875 0.207812 0.416667 0.209375 0.4125 0.209375 0.410417 0.210938 0.408333 0.210938 0.40625 0.2125 0.402083 0.2125 0.4 0.214062 0.395833 0.214062 0.39375 0.215625 0.3875 0.215625 0.385417 0.217187 0.329167 0.217187 0.327083 0.215625 0.320833 0.215625 0.31875 0.214062 0.314583 0.214062 0.3125 0.2125 0.308333 0.2125 0.30625 0.210938 0.304167 0.210938 0.302083 0.209375 0.3 0.209375 0.297917 0.207812 0.29375 0.207812 0.291667 0.20625 0.289583 0.20625 0.283333 0.201562 0.28125 0.201562 0.277083 0.198437 0.275 0.198437 0.270833 0.195312 0.270833 0.19375 0.26875 0.19375 0.266667 0.195312 0.26875 0.196875 0.26875 0.198437 0.270833 0.198437 0.272917 0.2 0.272917 0.201562 0.275 0.203125 0.275 0.204687 0.283333 0.210938 0.285417 0.210938 0.2875 0.2125 0.289583 0.2125 0.29375 0.215625 0.297917 0.215625 0.302083 0.21875 0.30625 0.21875 0.308333 0.220312 0.310417 0.220312 0.3125 0.221875 0.316667 0.221875 0.31875 0.223437 0.322917 0.223437 0.325 0.225 0.333333 0.225 0.335417 0.226562 0.345833 0.226562 0.347917 0.228125 0.377083 0.228125 0.379167 0.226562 0.385417 0.226562 0.3875 0.225 0.391667 0.225 0.39375 0.223437 0.397917 0.223437 0.4 0.221875 0.404167 0.221875 0.40625 0.220312 0.4125 0.220312 0.416667 0.217187 0.420833 0.217187 0.422917 0.215625 0.425 0.215625 0.43125 0.210938 0.433333 0.210938 0.435417 0.209375 0.4375 0.209375 0.44375 0.204687 0.445833 0.204687 0.45 0.201562 0.45 0.2 0.452083 0.198437 0.454167 0.198437 0.45625 0.196875 0.45625 0.195312 0.458333 0.19375 0.458333 0.192187 0.460417 0.190625 0.460417 0.189062 0.4625 0.1875 0.4625 0.18125 0.865343
0 0.479167 0.204687 0.479167 0.209375 0.48125 0.210938 0.48125 0.215625 0.491667 0.223437 0.491667 0.225 0.504167 0.234375 0.50625 0.234375 0.5125 0.239062 0.514583 0.239062 0.516667 0.240625 0.51875 0.240625 0.520833 0.242187 0.525 0.242187 0.527083 0.24375 0.53125 0.24375 0.533333 0.245312 0.535417 0.245312 0.5375 0.246875 0.539583 0.246875 0.541667 0.248437 0.545833 0.248437 0.547917 0.25 0.558333 0.25 0.560417 0.251563 0.608333 0.251563 0.610417 0.25 0.616667 0.25 0.61875 0.248437 0.622917 0.248437 0.625 0.246875 0.627083 0.246875 0.629167 0.245312 0.633333 0.245312 0.635417 0.24375 0.6375 0.24375 0.641667 0.240625 0.64375 0.240625 0.65 0.235937 0.652083 0.235937 0.654167 0.234375 0.65625 0.234375 0.65625 0.229687 0.658333 0.228125 0.6625 0.228125 0.6625 0.225 0.660417 0.226562 0.658333 0.226562 0.65625 0.228125 0.654167 0.228125 0.647917 0.232812 0.64375 0.232812 0.641667 0.234375 0.6375 0.234375 0.633333 0.2375 0.63125 0.2375 0.629167 0.239062 0.622917 0.239062 0.620833 0.240625 0.6125 0.240625 0.610417 0.242187 0.5875 0.242187 0.585417 0.24375 0.583333 0.24375 0.58125 0.242187 0.554167 0.242187 0.552083 0.240625 0.54375 0.240625 0.541667 0.239062 0.5375 0.239062 0.535417 0.2375 0.53125 0.2375 0.527083 0.234375 0.522917 0.234375 0.520833 0.232812 0.51875 0.232812 0.516667 0.23125 0.514583 0.23125 0.508333 0.226562 0.50625 0.226562 0.504167 0.225 0.502083 0.225 0.49375 0.21875 0.491667 0.21875 0.489583 0.217187 0.489583 0.215625 0.4875 0.214062 0.4875 0.2125 0.485417 0.210938 0.48125 0.210938 0.479167 0.209375 0.863097
0 0.670833 0.23125 0.670833 0.234375 0.66875 0.235937 0.66875 0.2375 0.666667 0.239062 0.666667 0.242187 0.660417 0.246875 0.660417 0.25 0.658333 0.251563 0.658333 0.253125 0.654167 0.25625 0.652083 0.25625 0.641667 0.264062 0.639583 0.264062 0.633333 0.26875 0.629167 0.26875 0.627083 0.270312 0.620833 0.270312 0.61875 0.271875 0.610417 0.271875 0.608333 0.273438 0.604167 0.273438 0.602083 0.275 0.591667 0.275 0.589583 0.276562 0.566667 0.276562 0.564583 0.275 0.558333 0.275 0.55625 0.273438 0.554167 0.273438 0.552083 0.271875 0.547917 0.271875 0.545833 0.270312 0.53125 0.270312 0.529167 0.26875 0.525 0.26875 0.522917 0.267187 0.522917 0.265625 0.520833 0.264062 0.5125 0.264062 0.5125 0.265625 0.514583 0.265625 0.516667 0.267187 0.51875 0.267187 0.525 0.271875 0.527083 0.271875 0.529167 0.273438 0.533333 0.273438 0.535417 0.275 0.5375 0.275 0.541667 0.278125 0.547917 0.278125 0.55 0.279687 0.558333 0.279687 0.560417 0.28125 0.564583 0.28125 0.566667 0.282812 0.566667 0.284375 0.608333 0.284375 0.610417 0.282812 0.6125 0.282812 0.614583 0.28125 0.61875 0.28125 0.620833 0.279687 0.629167 0.279687 0.63125 0.278125 0.635417 0.278125 0.641667 0.273438 0.645833 0.273438 0.647917 0.271875 0.652083 0.271875 0.664583 0.2625 0.664583 0.260937 0.66875 0.257812 0.66875 0.253125 0.670833 0.251563 0.670833 0.245312 0.672917 0.24375 0.672917 0.23125 0.861851
0 0.479167 0.223437 0.479167 0.239062 0.497917 0.253125 0.5 0.253125 0.502083 0.254688 0.502083 0.25625 0.504167 0.257812 0.50625 0.257812 0.508333 0.259375 0.510417 0.259375 0.5125 0.260937 0.514583 0.260937 0.516667 0.2625 0.51875 0.2625 0.520833 0.264062 0.522917 0.264062 0.527083 0.267187 0.535417 0.267187 0.5375 0.26875 0.545833 0.26875 0.547917 0.270312 0.55 0.270312 0.552083 0.271875 0.55625 0.271875 0.558333 0.273438 0.597917 0.273438 0.6 0.271875 0.60625 0.271875 0.608333 0.270312 0.6125 0.270312 0.614583 0.26875 0.620833 0.26875 0.622917 0.267187 0.625 0.267187 0.627083 0.265625 0.63125 0.265625 0.635417 0.2625 0.6375 0.2625 0.639583 0.260937 0.641667 0.260937 0.652083 0.253125 0.654167 0.253125 0.654167 0.25 0.660417 0.245312 0.660417 0.24375 0.6625 0.242187 0.6625 0.239062 0.660417 0.240625 0.660417 0.24375 0.658333 0.245312 0.654167 0.245312 0.652083 0.246875 0.652083 0.248437 0.647917 0.251563 0.645833 0.251563 0.639583 0.25625 0.633333 0.25625 0.63125 0.257812 0.625 0.257812 0.622917 0.259375 0.620833 0.259375 0.616667 0.2625 0.610417 0.2625 0.608333 0.264062 0.552083 0.264062 0.55 0.2625 0.545833 0.2625 0.54375 0.260937 0.541667 0.260937 0.539583 0.259375 0.5375 0.259375 0.535417 0.257812 0.527083 0.257812 0.525 0.25625 0.522917 0.25625 0.51875 0.253125 0.516667 0.253125 0.514583 0.251563 0.510417 0.251563 0.508333 0.25 0.50625 0.25 0.504167 0.248437 0.504167 0.246875 0.4875 0.234375 0.4875 0.232812 0.48125 0.228125 0.48125 0.226562 0.479167 0.225 0.827458
0 0.48125 0.19375 0.48125 0.203125 0.483333 0.204687 0.483333 0.20625 0.485417 0.207812 0.485417 0.209375 0.491667 0.214062 0.491667 0.215625 0.49375 0.217187 0.495833 0.217187 0.504167 0.223437 0.50625 0.223437 0.510417 0.226562 0.5125 0.226562 0.516667 0.229687 0.51875 0.229687 0.520833 0.23125 0.522917 0.23125 0.525 0.232812 0.527083 0.232812 0.529167 0.234375 0.533333 0.234375 0.535417 0.235937 0.539583 0.235937 0.541667 0.2375 0.545833 0.2375 0.547917 0.239062 0.552083 0.239062 0.554167 0.240625 0.564583 0.240625 0.566667 0.242187 0.591667 0.242187 0.59375 0.240625 0.610417 0.240625 0.6125 0.239062 0.61875 0.239062 0.620833 0.2375 0.622917 0.2375 0.625 0.235937 0.629167 0.235937 0.63125 0.234375 0.635417 0.234375 0.6375 0.232812 0.639583 0.232812 0.641667 0.23125 0.64375 0.23125 0.645833 0.229687 0.647917 0.229687 0.652083 0.226562 0.654167 0.226562 0.6625 0.220312 0.6625 0.21875 0.66875 0.214062 0.66875 0.2125 0.670833 0.210938 0.670833 0.207812 0.66875 0.207812 0.66875 0.2125 0.666667 0.214062 0.6625 0.214062 0.65625 0.21875 0.652083 0.21875 0.65 0.220312 0.647917 0.220312 0.645833 0.221875 0.64375 0.221875 0.639583 0.225 0.635417 0.225 0.633333 0.226562 0.629167 0.226562 0.627083 0.228125 0.616667 0.228125 0.614583 0.229687 0.60625 0.229687 0.604167 0.23125 0.56875 0.23125 0.566667 0.229687 0.558333 0.229687 0.55625 0.228125 0.55 0.228125 0.547917 0.226562 0.539583 0.226562 0.5375 0.225 0.533333 0.225 0.529167 0.221875 0.525 0.221875 0.522917 0.220312 0.51875 0.220312 0.5125 0.215625 0.510417 0.215625 0.50625 0.2125 0.504167 0.2125 0.495833 0.20625 0.49375 0.20625 0.489583 0.203125 0.489583 0.201562 0.4875 0.2 0.4875 0.198437 0.76196
0 0.483333 0.2125 0.48125 0.214062 0.483333 0.215625 0.483333 0.217187 0.485417 0.21875 0.485417 0.220312 0.491667 0.225 0.491667 0.226562 0.495833 0.229687 0.497917 0.229687 0.5 0.23125 0.5 0.232812 0.502083 0.234375 0.504167 0.234375 0.50625 0.235937 0.508333 0.235937 0.514583 0.240625 0.516667 0.240625 0.51875 0.242187 0.522917 0.242187 0.525 0.24375 0.529167 0.24375 0.53125 0.245312 0.533333 0.245312 0.535417 0.246875 0.5375 0.246875 0.539583 0.248437 0.54375 0.248437 0.545833 0.25 0.55625 0.25 0.558333 0.251563 0.564583 0.251563 0.566667 0.253125 0.564583 0.254688 0.558333 0.254688 0.604167 0.254688 0.6 0.254688 0.597917 0.253125 0.6 0.251563 0.610417 0.251563 0.6125 0.25 0.61875 0.25 0.620833 0.248437 0.625 0.248437 0.627083 0.246875 0.629167 0.246875 0.63125 0.245312 0.633333 0.245312 0.635417 0.24375 0.6375 0.24375 0.641667 0.240625 0.645833 0.240625 0.652083 0.235937 0.654167 0.235937 0.65625 0.234375 0.65625 0.23125 0.660417 0.228125 0.6625 0.228125 0.6625 0.226562 0.660417 0.226562 0.658333 0.228125 0.65625 0.228125 0.654167 0.229687 0.652083 0.229687 0.647917 0.232812 0.645833 0.232812 0.64375 0.234375 0.641667 0.234375 0.639583 0.235937 0.635417 0.235937 0.633333 0.2375 0.63125 0.2375 0.629167 0.239062 0.625 0.239062 0.622917 0.240625 0.616667 0.240625 0.614583 0.242187 0.597917 0.242187 0.595833 0.24375 0.564583 0.24375 0.5625 0.242187 0.55 0.242187 0.547917 0.240625 0.54375 0.240625 0.541667 0.239062 0.535417 0.239062 0.533333 0.2375 0.53125 0.2375 0.529167 0.235937 0.527083 0.235937 0.525 0.234375 0.522917 0.234375 0.520833 0.232812 0.516667 0.232812 0.510417 0.228125 0.508333 0.228125 0.504167 0.225 0.5 0.225 0.495833 0.221875 0.495833 0.220312 0.49375 0.220312 0.4875 0.215625 0.4875 0.214062 0.485417 0.2125 0.483333 0.2125 0.479167 0.210938 0.479167 0.204687 0.479167 0.210938 0.0776732
0 0.479167 0.19375 0.479167 0.203125 0.483333 0.20625 0.483333 0.207812 0.485417 0.209375 0.485417 0.210938 0.489583 0.214062 0.489583 0.215625 0.5 0.223437 0.502083 0.223437 0.504167 0.225 0.50625 0.225 0.510417 0.228125 0.5125 0.228125 0.516667 0.23125 0.51875 0.23125 0.520833 0.232812 0.522917 0.232812 0.525 0.234375 0.529167 0.234375 0.53125 0.235937 0.535417 0.235937 0.5375 0.2375 0.539583 0.2375 0.541667 0.239062 0.54375 0.239062 0.547917 0.242187 0.554167 0.242187 0.558333 0.245312 0.60625 0.245312 0.608333 0.24375 0.610417 0.24375 0.6125 0.242187 0.61875 0.242187 0.625 0.2375 0.629167 0.2375 0.63125 0.235937 0.633333 0.235937 0.635417 0.234375 0.639583 0.234375 0.641667 0.232812 0.64375 0.232812 0.645833 0.23125 0.647917 0.23125 0.652083 0.228125 0.654167 0.228125 0.6625 0.221875 0.6625 0.21875 0.666667 0.215625 0.66875 0.215625 0.66875 0.214062 0.666667 0.215625 0.6625 0.215625 0.6625 0.217187 0.658333 0.220312 0.652083 0.220312 0.65 0.221875 0.647917 0.221875 0.64375 0.225 0.641667 0.225 0.639583 0.226562 0.633333 0.226562 0.63125 0.228125 0.625 0.228125 0.622917 0.229687 0.61875 0.229687 0.616667 0.23125 0.610417 0.23125 0.608333 0.232812 0.564583 0.232812 0.5625 0.23125 0.558333 0.23125 0.55625 0.229687 0.552083 0.229687 0.55 0.228125 0.541667 0.228125 0.539583 0.226562 0.533333 0.226562 0.53125 0.225 0.529167 0.225 0.525 0.221875 0.520833 0.221875 0.51875 0.220312 0.516667 0.220312 0.510417 0.215625 0.508333 0.215625 0.50625 0.214062 0.504167 0.214062 0.502083 0.2125 0.5 0.2125 0.49375 0.207812 0.491667 0.207812 0.4875 0.204687 0.4875 0.201562 0.483333 0.198437 0.483333 0.196875 0.0393312
0 0.479167 0.223437 0.479167 0.239062 0.485417 0.24375 0.485417 0.245312 0.4875 0.245312 0.49375 0.25 0.49375 0.251563 0.495833 0.251563 0.504167 0.257812 0.50625 0.257812 0.508333 0.259375 0.510417 0.259375 0.5125 0.260937 0.514583 0.260937 0.51875 0.264062 0.520833 0.264062 0.522917 0.265625 0.525 0.265625 0.527083 0.267187 0.533333 0.267187 0.535417 0.26875 0.54375 0.26875 0.545833 0.270312 0.547917 0.270312 0.55 0.271875 0.554167 0.271875 0.55625 0.273438 0.572917 0.273438 0.575 0.275 0.585417 0.275 0.5875 0.273438 0.6 0.273438 0.602083 0.271875 0.608333 0.271875 0.610417 0.270312 0.614583 0.270312 0.616667 0.26875 0.620833 0.26875 0.622917 0.267187 0.627083 0.267187 0.629167 0.265625 0.633333 0.265625 0.639583 0.260937 0.641667 0.260937 0.64375 0.259375 0.645833 0.259375 0.645833 0.257812 0.65 0.254688 0.652083 0.254688 0.65625 0.251563 0.65625 0.248437 0.658333 0.246875 0.660417 0.246875 0.6625 0.245312 0.6625 0.239062 0.660417 0.240625 0.660417 0.24375 0.658333 0.245312 0.654167 0.245312 0.652083 0.246875 0.652083 0.248437 0.647917 0.251563 0.645833 0.251563 0.639583 0.25625 0.635417 0.25625 0.633333 0.257812 0.625 0.257812 0.622917 0.259375 0.620833 0.259375 0.616667 0.2625 0.610417 0.2625 0.608333 0.264062 0.55 0.264062 0.547917 0.2625 0.545833 0.2625 0.54375 0.260937 0.541667 0.260937 0.539583 0.259375 0.5375 0.259375 0.535417 0.257812 0.525 0.257812 0.520833 0.254688 0.51875 0.254688 0.514583 0.251563 0.508333 0.251563 0.504167 0.248437 0.504167 0.246875 0.502083 0.245312 0.5 0.245312 0.495833 0.242187 0.495833 0.240625 0.49375 0.239062 0.491667 0.239062 0.489583 0.2375 0.489583 0.235937 0.485417 0.232812 0.485417 0.23125 0.483333 0.23125 0.48125 0.229687 0.48125 0.228125 0.479167 0.226562 0.0220309
