0 0.49375 0.182031 0.492708 0.182812 0.488542 0.182812 0.4875 0.183594 0.485417 0.183594 0.484375 0.184375 0.482292 0.184375 0.48125 0.185156 0.479167 0.185156 0.478125 0.185937 0.476042 0.185937 0.475 0.186719 0.473958 0.186719 0.472917 0.1875 0.469792 0.1875 0.46875 0.188281 0.467708 0.188281 0.466667 0.189062 0.464583 0.189062 0.463542 0.189844 0.461458 0.189844 0.460417 0.190625 0.459375 0.190625 0.458333 0.191406 0.457292 0.191406 0.45625 0.192187 0.455208 0.192187 0.454167 0.192969 0.453125 0.192969 0.452083 0.19375 0.451042 0.19375 0.448958 0.195312 0.447917 0.195312 0.44375 0.198437 0.442708 0.198437 0.435417 0.203906 0.435417 0.204687 0.432292 0.207031 0.432292 0.207812 0.43125 0.208594 0.43125 0.209375 0.429167 0.210938 0.429167 0.211719 0.428125 0.2125 0.428125 0.213281 0.427083 0.214062 0.427083 0.215625 0.426042 0.216406 0.426042 0.232812 0.427083 0.233594 0.427083 0.235156 0.428125 0.235937 0.428125 0.238281 0.429167 0.239062 0.429167 0.240625 0.430208 0.241406 0.430208 0.242187 0.43125 0.242969 0.43125 0.244531 0.433333 0.246094 0.433333 0.246875 0.435417 0.248437 0.435417 0.249219 0.4375 0.250781 0.4375 0.251563 0.439583 0.253125 0.439583 0.253906 0.448958 0.260937 0.45 0.260937 0.454167 0.264062 0.455208 0.264062 0.45625 0.264844 0.457292 0.264844 0.460417 0.267187 0.461458 0.267187 0.4625 0.267969 0.463542 0.267969 0.464583 0.26875 0.466667 0.26875 0.467708 0.269531 0.46875 0.269531 0.469792 0.270312 0.470833 0.270312 0.471875 0.271094 0.473958 0.271094 0.475 0.271875 0.476042 0.271875 0.477083 0.272656 0.478125 0.272656 0.479167 0.273438 0.48125 0.273438 0.482292 0.274219 0.484375 0.274219 0.485417 0.275 0.489583 0.275 0.490625 0.275781 0.492708 0.275781 0.49375 0.276562 0.496875 0.276562 0.497917 0.277344 0.503125 0.277344 0.504167 0.278125 0.510417 0.278125 0.511458 0.278906 0.520833 0.278906 0.521875 0.279687 0.536458 0.279687 0.5375 0.278906 0.548958 0.278906 0.55 0.278125 0.557292 0.278125 0.558333 0.277344 0.561458 0.277344 0.5625 0.276562 0.565625 0.276562 0.566667 0.275781 0.56875 0.275781 0.569792 0.275 0.572917 0.275 0.573958 0.274219 0.576042 0.274219 0.577083 0.273438 0.579167 0.273438 0.580208 0.272656 0.58125 0.272656 0.582292 0.271875 0.584375 0.271875 0.585417 0.271094 0.586458 0.271094 0.5875 0.270312 0.588542 0.270312 0.589583 0.269531 0.590625 0.269531 0.591667 0.26875 0.592708 0.26875 0.59375 0.267969 0.594792 0.267969 0.595833 0.267187 0.596875 0.267187 0.598958 0.265625 0.6 0.265625 0.601042 0.264844 0.602083 0.264844 0.605208 0.2625 0.60625 0.2625 0.614583 0.25625 0.615625 0.25625 0.616667 0.255469 0.616667 0.254688 0.61875 0.253125 0.61875 0.252344 0.619792 0.251563 0.619792 0.250781 0.620833 0.25 0.620833 0.249219 0.621875 0.248437 0.621875 0.246875 0.622917 0.246094 0.622917 0.244531 0.623958 0.24375 0.623958 0.240625 0.625 0.239844 0.625 0.225 0.623958 0.224219 0.623958 0.221875 0.622917 0.221094 0.622917 0.21875 0.621875 0.217969 0.621875 0.216406 0.620833 0.215625 0.620833 0.214844 0.61875 0.213281 0.61875 0.2125 0.614583 0.209375 0.614583 0.208594 0.608333 0.203906 0.607292 0.203906 0.601042 0.199219 0.6 0.199219 0.596875 0.196875 0.595833 0.196875 0.59375 0.195312 0.592708 0.195312 0.590625 0.19375 0.589583 0.19375 0.5875 0.192187 0.586458 0.192187 0.585417 0.191406 0.584375 0.191406 0.583333 0.190625 0.582292 0.190625 0.58125 0.189844 0.580208 0.189844 0.579167 0.189062 0.578125 0.189062 0.577083 0.188281 0.575 0.188281 0.573958 0.1875 0.571875 0.1875 0.570833 0.186719 0.56875 0.186719 0.567708 0.185937 0.565625 0.185937 0.564583 0.185156 0.5625 0.185156 0.561458 0.184375 0.559375 0.184375 0.558333 0.183594 0.554167 0.183594 0.553125 0.182812 0.55 0.182812 0.548958 0.182031 0.989585
0 0.409375 0.3 0.409375 0.319531 0.410417 0.320312 0.410417 0.321094 0.411458 0.321875 0.411458 0.323437 0.4125 0.324219 0.4125 0.325 0.413542 0.325781 0.413542 0.326562 0.414583 0.327344 0.414583 0.328125 0.415625 0.328906 0.415625 0.329687 0.416667 0.330469 0.416667 0.33125 0.417708 0.332031 0.417708 0.332812 0.420833 0.335156 0.420833 0.335938 0.433333 0.345312 0.434375 0.345312 0.436458 0.346875 0.4375 0.346875 0.440625 0.349219 0.441667 0.349219 0.442708 0.35 0.44375 0.35 0.445833 0.351562 0.446875 0.351562 0.447917 0.352344 0.448958 0.352344 0.45 0.353125 0.451042 0.353125 0.452083 0.353906 0.453125 0.353906 0.454167 0.354687 0.455208 0.354687 0.45625 0.355469 0.458333 0.355469 0.459375 0.35625 0.460417 0.35625 0.461458 0.357031 0.463542 0.357031 0.464583 0.357812 0.466667 0.357812 0.467708 0.358594 0.469792 0.358594 0.470833 0.359375 0.472917 0.359375 0.473958 0.360156 0.477083 0.360156 0.478125 0.360937 0.482292 0.360937 0.483333 0.361719 0.488542 0.361719 0.489583 0.3625 0.497917 0.3625 0.498958 0.363281 0.520833 0.363281 0.521875 0.3625 0.530208 0.3625 0.53125 0.361719 0.535417 0.361719 0.536458 0.360937 0.540625 0.360937 0.541667 0.360156 0.544792 0.360156 0.545833 0.359375 0.547917 0.359375 0.548958 0.358594 0.551042 0.358594 0.552083 0.357812 0.554167 0.357812 0.555208 0.357031 0.55625 0.357031 0.557292 0.35625 0.559375 0.35625 0.560417 0.355469 0.561458 0.355469 0.5625 0.354687 0.563542 0.354687 0.564583 0.353906 0.565625 0.353906 0.566667 0.353125 0.567708 0.353125 0.569792 0.351562 0.570833 0.351562 0.571875 0.350781 0.572917 0.350781 0.575 0.349219 0.576042 0.349219 0.579167 0.346875 0.580208 0.346875 0.59375 0.336719 0.59375 0.335938 0.595833 0.334375 0.595833 0.333594 0.596875 0.332812 0.596875 0.332031 0.597917 0.33125 0.597917 0.330469 0.598958 0.329687 0.598958 0.326562 0.597917 0.326562 0.583333 0.3375 0.582292 0.3375 0.579167 0.339844 0.578125 0.339844 0.577083 0.340625 0.576042 0.340625 0.575 0.341406 0.573958 0.341406 0.571875 0.342969 0.570833 0.342969 0.56875 0.344531 0.566667 0.344531 0.565625 0.345312 0.564583 0.345312 0.563542 0.346094 0.5625 0.346094 0.561458 0.346875 0.560417 0.346875 0.559375 0.347656 0.557292 0.347656 0.55625 0.348437 0.553125 0.348437 0.552083 0.349219 0.551042 0.349219 0.55 0.35 0.546875 0.35 0.545833 0.350781 0.541667 0.350781 0.540625 0.351562 0.536458 0.351562 0.535417 0.352344 0.530208 0.352344 0.529167 0.353125 0.521875 0.353125 0.520833 0.353906 0.504167 0.353906 0.503125 0.353125 0.495833 0.353125 0.494792 0.352344 0.489583 0.352344 0.488542 0.351562 0.483333 0.351562 0.482292 0.350781 0.478125 0.350781 0.477083 0.35 0.475 0.35 0.473958 0.349219 0.471875 0.349219 0.470833 0.348437 0.467708 0.348437 0.466667 0.347656 0.464583 0.347656 0.463542 0.346875 0.4625 0.346875 0.461458 0.346094 0.460417 0.346094 0.459375 0.345312 0.457292 0.345312 0.45625 0.344531 0.454167 0.344531 0.452083 0.342969 0.451042 0.342969 0.45 0.342187 0.448958 0.342187 0.447917 0.341406 0.446875 0.341406 0.445833 0.340625 0.444792 0.340625 0.442708 0.339062 0.441667 0.339062 0.439583 0.3375 0.438542 0.3375 0.435417 0.335156 0.434375 0.335156 0.423958 0.327344 0.423958 0.326562 0.422917 0.325781 0.422917 0.325 0.419792 0.322656 0.419792 0.321875 0.41875 0.321094 0.41875 0.320312 0.417708 0.319531 0.417708 0.31875 0.416667 0.317969 0.416667 0.317187 0.415625 0.316406 0.415625 0.315625 0.414583 0.314844 0.414583 0.313281 0.413542 0.3125 0.413542 0.310937 0.4125 0.310156 0.4125 0.309375 0.411458 0.308594 0.411458 0.30625 0.410417 0.305469 0.410417 0.3 0.967462
0 0.425 0.269531 0.425 0.279687 0.426042 0.280469 0.426042 0.28125 0.427083 0.282031 0.427083 0.282812 0.428125 0.283594 0.428125 0.284375 0.429167 0.285156 0.429167 0.285937 0.43125 0.2875 0.43125 0.288281 0.433333 0.289844 0.433333 0.290625 0.435417 0.292187 0.435417 0.292969 0.44375 0.299219 0.444792 0.299219 0.448958 0.302344 0.45 0.302344 0.453125 0.304688 0.454167 0.304688 0.45625 0.30625 0.458333 0.30625 0.460417 0.307812 0.461458 0.307812 0.4625 0.308594 0.463542 0.308594 0.464583 0.309375 0.465625 0.309375 0.466667 0.310156 0.46875 0.310156 0.469792 0.310937 0.470833 0.310937 0.471875 0.311719 0.472917 0.311719 0.473958 0.3125 0.476042 0.3125 0.477083 0.313281 0.480208 0.313281 0.48125 0.314062 0.483333 0.314062 0.484375 0.314844 0.486458 0.314844 0.4875 0.315625 0.491667 0.315625 0.492708 0.316406 0.497917 0.316406 0.498958 0.317187 0.502083 0.317187 0.503125 0.317969 0.509375 0.317969 0.510417 0.31875 0.538542 0.31875 0.539583 0.317969 0.545833 0.317969 0.546875 0.317187 0.55 0.317187 0.551042 0.316406 0.555208 0.316406 0.55625 0.315625 0.560417 0.315625 0.561458 0.314844 0.5625 0.314844 0.563542 0.314062 0.565625 0.314062 0.566667 0.313281 0.56875 0.313281 0.569792 0.3125 0.570833 0.3125 0.571875 0.311719 0.572917 0.311719 0.573958 0.310937 0.575 0.310937 0.576042 0.310156 0.577083 0.310156 0.578125 0.309375 0.579167 0.309375 0.580208 0.308594 0.58125 0.308594 0.582292 0.307812 0.583333 0.307812 0.585417 0.30625 0.586458 0.30625 0.588542 0.304688 0.589583 0.304688 0.592708 0.302344 0.59375 0.302344 0.604167 0.294531 0.604167 0.29375 0.60625 0.292187 0.60625 0.291406 0.609375 0.289062 0.609375 0.2875 0.610417 0.286719 0.610417 0.283594 0.611458 0.282812 0.611458 0.282031 0.610417 0.28125 0.610417 0.279687 0.609375 0.280469 0.609375 0.28125 0.608333 0.282031 0.608333 0.282812 0.605208 0.285156 0.605208 0.285937 0.59375 0.294531 0.592708 0.294531 0.590625 0.296094 0.589583 0.296094 0.5875 0.297656 0.586458 0.297656 0.585417 0.298437 0.584375 0.298437 0.582292 0.3 0.58125 0.3 0.580208 0.300781 0.579167 0.300781 0.578125 0.301562 0.576042 0.301562 0.575 0.302344 0.573958 0.302344 0.572917 0.303125 0.571875 0.303125 0.570833 0.303906 0.56875 0.303906 0.567708 0.304688 0.564583 0.304688 0.563542 0.305469 0.561458 0.305469 0.560417 0.30625 0.558333 0.30625 0.557292 0.307031 0.555208 0.307031 0.554167 0.307812 0.547917 0.307812 0.546875 0.308594 0.539583 0.308594 0.538542 0.309375 0.5125 0.309375 0.511458 0.308594 0.503125 0.308594 0.502083 0.307812 0.494792 0.307812 0.49375 0.307031 0.490625 0.307031 0.489583 0.30625 0.4875 0.30625 0.486458 0.305469 0.484375 0.305469 0.483333 0.304688 0.480208 0.304688 0.479167 0.303906 0.477083 0.303906 0.476042 0.303125 0.475 0.303125 0.473958 0.302344 0.472917 0.302344 0.471875 0.301562 0.46875 0.301562 0.467708 0.300781 0.466667 0.300781 0.465625 0.3 0.464583 0.3 0.463542 0.299219 0.4625 0.299219 0.461458 0.298437 0.460417 0.298437 0.459375 0.297656 0.458333 0.297656 0.45625 0.296094 0.455208 0.296094 0.454167 0.295312 0.453125 0.295312 0.452083 0.294531 0.451042 0.294531 0.447917 0.292187 0.446875 0.292187 0.435417 0.283594 0.435417 0.282812 0.433333 0.28125 0.433333 0.280469 0.43125 0.278906 0.43125 0.278125 0.429167 0.276562 0.429167 0.275781 0.428125 0.275 0.428125 0.274219 0.427083 0.273438 0.427083 0.271094 0.426042 0.270312 0.426042 0.269531 0.967304
0 0.425 0.292969 0.425 0.301562 0.426042 0.302344 0.426042 0.303125 0.427083 0.303906 0.427083 0.304688 0.428125 0.305469 0.428125 0.30625 0.429167 0.307031 0.429167 0.307812 0.430208 0.308594 0.430208 0.309375 0.433333 0.311719 0.433333 0.3125 0.436458 0.314844 0.436458 0.315625 0.44375 0.321094 0.444792 0.321094 0.447917 0.323437 0.448958 0.323437 0.452083 0.325781 0.453125 0.325781 0.455208 0.327344 0.45625 0.327344 0.457292 0.328125 0.458333 0.328125 0.459375 0.328906 0.460417 0.328906 0.461458 0.329687 0.4625 0.329687 0.463542 0.330469 0.464583 0.330469 0.465625 0.33125 0.466667 0.33125 0.467708 0.332031 0.469792 0.332031 0.470833 0.332812 0.472917 0.332812 0.473958 0.333594 0.475 0.333594 0.476042 0.334375 0.479167 0.334375 0.480208 0.335156 0.483333 0.335156 0.484375 0.335938 0.486458 0.335938 0.4875 0.336719 0.490625 0.336719 0.491667 0.3375 0.496875 0.3375 0.497917 0.338281 0.505208 0.338281 0.50625 0.339062 0.528125 0.339062 0.529167 0.338281 0.5375 0.338281 0.538542 0.3375 0.54375 0.3375 0.544792 0.336719 0.547917 0.336719 0.548958 0.335938 0.551042 0.335938 0.552083 0.335156 0.555208 0.335156 0.55625 0.334375 0.559375 0.334375 0.560417 0.333594 0.561458 0.333594 0.5625 0.332812 0.563542 0.332812 0.564583 0.332031 0.566667 0.332031 0.567708 0.33125 0.56875 0.33125 0.569792 0.330469 0.570833 0.330469 0.571875 0.329687 0.572917 0.329687 0.573958 0.328906 0.575 0.328906 0.576042 0.328125 0.577083 0.328125 0.579167 0.326562 0.580208 0.326562 0.583333 0.324219 0.584375 0.324219 0.5875 0.321875 0.588542 0.321875 0.59375 0.317969 0.59375 0.317187 0.595833 0.315625 0.595833 0.314844 0.597917 0.313281 0.597917 0.3125 0.598958 0.311719 0.598958 0.310937 0.6 0.310156 0.6 0.308594 0.602083 0.307031 0.602083 0.303906 0.601042 0.304688 0.601042 0.305469 0.598958 0.307031 0.597917 0.307031 0.596875 0.307812 0.596875 0.308594 0.594792 0.310156 0.59375 0.310156 0.586458 0.315625 0.585417 0.315625 0.584375 0.316406 0.583333 0.316406 0.580208 0.31875 0.579167 0.31875 0.577083 0.320312 0.576042 0.320312 0.575 0.321094 0.573958 0.321094 0.572917 0.321875 0.571875 0.321875 0.570833 0.322656 0.56875 0.322656 0.567708 0.323437 0.566667 0.323437 0.565625 0.324219 0.563542 0.324219 0.5625 0.325 0.561458 0.325 0.560417 0.325781 0.557292 0.325781 0.55625 0.326562 0.552083 0.326562 0.551042 0.327344 0.546875 0.327344 0.545833 0.328125 0.541667 0.328125 0.540625 0.328906 0.530208 0.328906 0.529167 0.329687 0.509375 0.329687 0.508333 0.328906 0.497917 0.328906 0.496875 0.328125 0.492708 0.328125 0.491667 0.327344 0.488542 0.327344 0.4875 0.326562 0.484375 0.326562 0.483333 0.325781 0.479167 0.325781 0.478125 0.325 0.477083 0.325 0.476042 0.324219 0.473958 0.324219 0.472917 0.323437 0.470833 0.323437 0.469792 0.322656 0.467708 0.322656 0.466667 0.321875 0.465625 0.321875 0.464583 0.321094 0.463542 0.321094 0.4625 0.320312 0.461458 0.320312 0.460417 0.319531 0.459375 0.319531 0.458333 0.31875 0.457292 0.31875 0.455208 0.317187 0.454167 0.317187 0.453125 0.316406 0.452083 0.316406 0.45 0.314844 0.448958 0.314844 0.442708 0.310156 0.441667 0.310156 0.439583 0.308594 0.439583 0.307812 0.438542 0.307031 0.4375 0.307031 0.435417 0.305469 0.435417 0.304688 0.43125 0.301562 0.43125 0.300781 0.428125 0.298437 0.428125 0.297656 0.427083 0.296875 0.427083 0.295312 0.426042 0.294531 0.426042 0.29375 0.959787
0 0.425 0.25 0.425 0.260156 0.427083 0.261719 0.427083 0.2625 0.428125 0.263281 0.428125 0.264062 0.429167 0.264844 0.429167 0.265625 0.432292 0.267969 0.432292 0.26875 0.434375 0.270312 0.434375 0.271094 0.439583 0.275 0.439583 0.275781 0.44375 0.278906 0.444792 0.278906 0.448958 0.282031 0.45 0.282031 0.452083 0.283594 0.453125 0.283594 0.455208 0.285156 0.45625 0.285156 0.457292 0.285937 0.458333 0.285937 0.459375 0.286719 0.460417 0.286719 0.461458 0.2875 0.4625 0.2875 0.463542 0.288281 0.464583 0.288281 0.465625 0.289062 0.467708 0.289062 0.46875 0.289844 0.469792 0.289844 0.470833 0.290625 0.471875 0.290625 0.472917 0.291406 0.475 0.291406 0.476042 0.292187 0.478125 0.292187 0.479167 0.292969 0.48125 0.292969 0.482292 0.29375 0.484375 0.29375 0.485417 0.294531 0.489583 0.294531 0.490625 0.295312 0.494792 0.295312 0.495833 0.296094 0.498958 0.296094 0.5 0.296875 0.503125 0.296875 0.504167 0.297656 0.511458 0.297656 0.5125 0.298437 0.541667 0.298437 0.542708 0.297656 0.548958 0.297656 0.55 0.296875 0.553125 0.296875 0.554167 0.296094 0.55625 0.296094 0.557292 0.295312 0.561458 0.295312 0.5625 0.294531 0.566667 0.294531 0.567708 0.29375 0.56875 0.29375 0.569792 0.292969 0.570833 0.292969 0.571875 0.292187 0.573958 0.292187 0.575 0.291406 0.576042 0.291406 0.577083 0.290625 0.578125 0.290625 0.579167 0.289844 0.580208 0.289844 0.58125 0.289062 0.582292 0.289062 0.583333 0.288281 0.584375 0.288281 0.585417 0.2875 0.586458 0.2875 0.588542 0.285937 0.589583 0.285937 0.590625 0.285156 0.591667 0.285156 0.594792 0.282812 0.595833 0.282812 0.60625 0.275 0.60625 0.274219 0.608333 0.272656 0.608333 0.271875 0.610417 0.270312 0.610417 0.26875 0.611458 0.267969 0.611458 0.266406 0.610417 0.266406 0.609375 0.267187 0.609375 0.267969 0.607292 0.269531 0.60625 0.269531 0.605208 0.270312 0.605208 0.271094 0.604167 0.271875 0.603125 0.271875 0.602083 0.272656 0.601042 0.272656 0.597917 0.275 0.596875 0.275 0.594792 0.276562 0.59375 0.276562 0.591667 0.278125 0.590625 0.278125 0.589583 0.278906 0.588542 0.278906 0.5875 0.279687 0.586458 0.279687 0.585417 0.280469 0.584375 0.280469 0.582292 0.282031 0.580208 0.282031 0.579167 0.282812 0.577083 0.282812 0.576042 0.283594 0.575 0.283594 0.573958 0.284375 0.571875 0.284375 0.570833 0.285156 0.56875 0.285156 0.567708 0.285937 0.564583 0.285937 0.563542 0.286719 0.559375 0.286719 0.558333 0.2875 0.555208 0.2875 0.554167 0.288281 0.547917 0.288281 0.546875 0.289062 0.535417 0.289062 0.534375 0.289844 0.520833 0.289844 0.519792 0.289062 0.507292 0.289062 0.50625 0.288281 0.501042 0.288281 0.5 0.2875 0.496875 0.2875 0.495833 0.286719 0.491667 0.286719 0.490625 0.285937 0.4875 0.285937 0.486458 0.285156 0.483333 0.285156 0.482292 0.284375 0.48125 0.284375 0.480208 0.283594 0.478125 0.283594 0.477083 0.282812 0.475 0.282812 0.473958 0.282031 0.471875 0.282031 0.470833 0.28125 0.469792 0.28125 0.46875 0.280469 0.467708 0.280469 0.466667 0.279687 0.464583 0.279687 0.463542 0.278906 0.4625 0.278906 0.460417 0.277344 0.459375 0.277344 0.458333 0.276562 0.457292 0.276562 0.45625 0.275781 0.455208 0.275781 0.452083 0.273438 0.451042 0.273438 0.447917 0.271094 0.446875 0.271094 0.434375 0.261719 0.434375 0.260937 0.43125 0.258594 0.43125 0.257812 0.428125 0.255469 0.428125 0.254688 0.427083 0.253906 0.427083 0.252344 0.426042 0.251563 0.426042 0.250781 0.959034
0 0.426042 0.261719 0.425 0.2625 0.425 0.267969 0.426042 0.26875 0.426042 0.269531 0.428125 0.271094 0.428125 0.272656 0.429167 0.273438 0.429167 0.274219 0.430208 0.275 0.430208 0.275781 0.432292 0.277344 0.432292 0.278125 0.433333 0.278906 0.433333 0.279687 0.435417 0.28125 0.435417 0.282031 0.45 0.292969 0.451042 0.292969 0.453125 0.294531 0.454167 0.294531 0.455208 0.295312 0.45625 0.295312 0.458333 0.296875 0.459375 0.296875 0.460417 0.297656 0.461458 0.297656 0.4625 0.298437 0.463542 0.298437 0.464583 0.299219 0.465625 0.299219 0.466667 0.3 0.467708 0.3 0.46875 0.300781 0.471875 0.300781 0.472917 0.301562 0.473958 0.301562 0.475 0.302344 0.476042 0.302344 0.477083 0.303125 0.479167 0.303125 0.480208 0.303906 0.484375 0.303906 0.485417 0.304688 0.4875 0.304688 0.488542 0.305469 0.490625 0.305469 0.491667 0.30625 0.494792 0.30625 0.495833 0.307031 0.502083 0.307031 0.503125 0.307812 0.511458 0.307812 0.5125 0.308594 0.5375 0.308594 0.538542 0.307812 0.545833 0.307812 0.546875 0.307031 0.553125 0.307031 0.554167 0.30625 0.557292 0.30625 0.558333 0.305469 0.559375 0.305469 0.560417 0.304688 0.563542 0.304688 0.564583 0.303906 0.567708 0.303906 0.56875 0.303125 0.570833 0.303125 0.571875 0.302344 0.572917 0.302344 0.573958 0.301562 0.575 0.301562 0.576042 0.300781 0.577083 0.300781 0.578125 0.3 0.580208 0.3 0.58125 0.299219 0.582292 0.299219 0.584375 0.297656 0.585417 0.297656 0.586458 0.296875 0.5875 0.296875 0.589583 0.295312 0.590625 0.295312 0.592708 0.29375 0.59375 0.29375 0.604167 0.285937 0.604167 0.285156 0.60625 0.283594 0.60625 0.282812 0.608333 0.28125 0.608333 0.280469 0.609375 0.279687 0.609375 0.278906 0.610417 0.278125 0.610417 0.277344 0.611458 0.276562 0.611458 0.274219 0.6125 0.273438 0.6125 0.271875 0.613542 0.271094 0.613542 0.26875 0.613542 0.270312 0.611458 0.271875 0.610417 0.271875 0.609375 0.272656 0.609375 0.273438 0.59375 0.285156 0.592708 0.285156 0.590625 0.286719 0.589583 0.286719 0.588542 0.2875 0.5875 0.2875 0.585417 0.289062 0.584375 0.289062 0.583333 0.289844 0.582292 0.289844 0.58125 0.290625 0.579167 0.290625 0.577083 0.292187 0.576042 0.292187 0.575 0.292969 0.572917 0.292969 0.571875 0.29375 0.569792 0.29375 0.56875 0.294531 0.567708 0.294531 0.566667 0.295312 0.564583 0.295312 0.563542 0.296094 0.559375 0.296094 0.558333 0.296875 0.554167 0.296875 0.553125 0.297656 0.55 0.297656 0.548958 0.298437 0.542708 0.298437 0.541667 0.299219 0.511458 0.299219 0.510417 0.298437 0.504167 0.298437 0.503125 0.297656 0.498958 0.297656 0.497917 0.296875 0.494792 0.296875 0.49375 0.296094 0.489583 0.296094 0.488542 0.295312 0.485417 0.295312 0.484375 0.294531 0.482292 0.294531 0.48125 0.29375 0.479167 0.29375 0.478125 0.292969 0.476042 0.292969 0.475 0.292187 0.472917 0.292187 0.471875 0.291406 0.470833 0.291406 0.469792 0.290625 0.467708 0.290625 0.466667 0.289844 0.465625 0.289844 0.464583 0.289062 0.463542 0.289062 0.4625 0.288281 0.461458 0.288281 0.460417 0.2875 0.459375 0.2875 0.458333 0.286719 0.457292 0.286719 0.45625 0.285937 0.455208 0.285937 0.453125 0.284375 0.452083 0.284375 0.451042 0.283594 0.45 0.283594 0.447917 0.282031 0.446875 0.282031 0.436458 0.274219 0.436458 0.273438 0.432292 0.270312 0.432292 0.269531 0.430208 0.267969 0.430208 0.267187 0.427083 0.264844 0.427083 0.263281 0.426042 0.2625 0.955777
0 0.422917 0.275781 0.422917 0.2875 0.423958 0.288281 0.423958 0.289844 0.425 0.290625 0.425 0.291406 0.426042 0.292187 0.426042 0.292969 0.427083 0.29375 0.427083 0.294531 0.428125 0.295312 0.428125 0.296094 0.430208 0.297656 0.430208 0.298437 0.43125 0.299219 0.43125 0.3 0.434375 0.302344 0.434375 0.303125 0.445833 0.311719 0.446875 0.311719 0.451042 0.314844 0.452083 0.314844 0.453125 0.315625 0.454167 0.315625 0.455208 0.316406 0.45625 0.316406 0.458333 0.317969 0.459375 0.317969 0.460417 0.31875 0.461458 0.31875 0.4625 0.319531 0.463542 0.319531 0.464583 0.320312 0.465625 0.320312 0.466667 0.321094 0.467708 0.321094 0.46875 0.321875 0.470833 0.321875 0.471875 0.322656 0.473958 0.322656 0.475 0.323437 0.477083 0.323437 0.478125 0.324219 0.479167 0.324219 0.480208 0.325 0.484375 0.325 0.485417 0.325781 0.488542 0.325781 0.489583 0.326562 0.492708 0.326562 0.49375 0.327344 0.498958 0.327344 0.5 0.328125 0.5125 0.328125 0.513542 0.328906 0.525 0.328906 0.526042 0.328125 0.5375 0.328125 0.538542 0.327344 0.54375 0.327344 0.544792 0.326562 0.548958 0.326562 0.55 0.325781 0.555208 0.325781 0.55625 0.325 0.558333 0.325 0.559375 0.324219 0.561458 0.324219 0.5625 0.323437 0.564583 0.323437 0.565625 0.322656 0.566667 0.322656 0.567708 0.321875 0.569792 0.321875 0.570833 0.321094 0.571875 0.321094 0.572917 0.320312 0.573958 0.320312 0.575 0.319531 0.576042 0.319531 0.578125 0.317969 0.579167 0.317969 0.582292 0.315625 0.583333 0.315625 0.584375 0.314844 0.585417 0.314844 0.590625 0.310937 0.591667 0.310937 0.595833 0.307812 0.595833 0.307031 0.597917 0.305469 0.598958 0.305469 0.6 0.304688 0.6 0.303906 0.602083 0.302344 0.602083 0.301562 0.603125 0.300781 0.603125 0.3 0.604167 0.299219 0.604167 0.298437 0.605208 0.297656 0.605208 0.296875 0.60625 0.296094 0.60625 0.294531 0.605208 0.294531 0.605208 0.296094 0.603125 0.297656 0.602083 0.297656 0.601042 0.298437 0.601042 0.299219 0.598958 0.300781 0.597917 0.300781 0.594792 0.303125 0.59375 0.303125 0.592708 0.303906 0.591667 0.303906 0.589583 0.305469 0.588542 0.305469 0.586458 0.307031 0.585417 0.307031 0.582292 0.309375 0.58125 0.309375 0.580208 0.310156 0.579167 0.310156 0.578125 0.310937 0.577083 0.310937 0.576042 0.311719 0.575 0.311719 0.573958 0.3125 0.572917 0.3125 0.571875 0.313281 0.569792 0.313281 0.56875 0.314062 0.567708 0.314062 0.566667 0.314844 0.564583 0.314844 0.563542 0.315625 0.5625 0.315625 0.561458 0.316406 0.558333 0.316406 0.557292 0.317187 0.552083 0.317187 0.551042 0.317969 0.547917 0.317969 0.546875 0.31875 0.541667 0.31875 0.540625 0.319531 0.508333 0.319531 0.507292 0.31875 0.503125 0.31875 0.502083 0.317969 0.497917 0.317969 0.496875 0.317187 0.490625 0.317187 0.489583 0.316406 0.486458 0.316406 0.485417 0.315625 0.483333 0.315625 0.482292 0.314844 0.480208 0.314844 0.479167 0.314062 0.476042 0.314062 0.475 0.313281 0.472917 0.313281 0.471875 0.3125 0.470833 0.3125 0.469792 0.311719 0.46875 0.311719 0.467708 0.310937 0.465625 0.310937 0.464583 0.310156 0.463542 0.310156 0.4625 0.309375 0.461458 0.309375 0.459375 0.307812 0.458333 0.307812 0.457292 0.307031 0.455208 0.307031 0.452083 0.304688 0.451042 0.304688 0.446875 0.301562 0.445833 0.301562 0.442708 0.299219 0.441667 0.299219 0.436458 0.295312 0.436458 0.294531 0.433333 0.292187 0.433333 0.291406 0.43125 0.289844 0.43125 0.289062 0.429167 0.2875 0.429167 0.286719 0.428125 0.285937 0.428125 0.285156 0.427083 0.284375 0.427083 0.283594 0.426042 0.282812 0.426042 0.282031 0.425 0.28125 0.425 0.280469 0.423958 0.279687 0.423958 0.277344 0.425 0.276562 0.423958 0.275781 0.953625
0 0.425 0.229687 0.425 0.247656 0.426042 0.248437 0.426042 0.249219 0.427083 0.25 0.427083 0.250781 0.428125 0.251563 0.428125 0.252344 0.429167 0.253125 0.429167 0.253906 0.430208 0.254688 0.430208 0.255469 0.43125 0.25625 0.43125 0.257031 0.433333 0.258594 0.433333 0.259375 0.4375 0.2625 0.4375 0.263281 0.445833 0.269531 0.446875 0.269531 0.45 0.271875 0.451042 0.271875 0.454167 0.274219 0.455208 0.274219 0.457292 0.275781 0.459375 0.275781 0.461458 0.277344 0.4625 0.277344 0.463542 0.278125 0.464583 0.278125 0.465625 0.278906 0.467708 0.278906 0.46875 0.279687 0.469792 0.279687 0.470833 0.280469 0.471875 0.280469 0.472917 0.28125 0.475 0.28125 0.476042 0.282031 0.478125 0.282031 0.479167 0.282812 0.48125 0.282812 0.482292 0.283594 0.483333 0.283594 0.484375 0.284375 0.4875 0.284375 0.488542 0.285156 0.491667 0.285156 0.492708 0.285937 0.496875 0.285937 0.497917 0.286719 0.501042 0.286719 0.502083 0.2875 0.507292 0.2875 0.508333 0.288281 0.517708 0.288281 0.51875 0.289062 0.536458 0.289062 0.5375 0.288281 0.546875 0.288281 0.547917 0.2875 0.553125 0.2875 0.554167 0.286719 0.558333 0.286719 0.559375 0.285937 0.563542 0.285937 0.564583 0.285156 0.567708 0.285156 0.56875 0.284375 0.569792 0.284375 0.570833 0.283594 0.572917 0.283594 0.573958 0.282812 0.576042 0.282812 0.577083 0.282031 0.579167 0.282031 0.580208 0.28125 0.58125 0.28125 0.582292 0.280469 0.583333 0.280469 0.584375 0.279687 0.585417 0.279687 0.586458 0.278906 0.5875 0.278906 0.588542 0.278125 0.589583 0.278125 0.591667 0.276562 0.592708 0.276562 0.59375 0.275781 0.594792 0.275781 0.596875 0.274219 0.597917 0.274219 0.602083 0.271094 0.603125 0.271094 0.6125 0.264062 0.6125 0.263281 0.614583 0.261719 0.614583 0.259375 0.615625 0.258594 0.615625 0.257031 0.614583 0.257031 0.613542 0.257812 0.613542 0.258594 0.611458 0.260156 0.610417 0.260156 0.60625 0.263281 0.605208 0.263281 0.603125 0.264844 0.602083 0.264844 0.6 0.266406 0.598958 0.266406 0.596875 0.267969 0.595833 0.267969 0.594792 0.26875 0.59375 0.26875 0.592708 0.269531 0.591667 0.269531 0.590625 0.270312 0.589583 0.270312 0.588542 0.271094 0.5875 0.271094 0.586458 0.271875 0.585417 0.271875 0.584375 0.272656 0.582292 0.272656 0.58125 0.273438 0.580208 0.273438 0.579167 0.274219 0.577083 0.274219 0.576042 0.275 0.573958 0.275 0.572917 0.275781 0.569792 0.275781 0.56875 0.276562 0.565625 0.276562 0.564583 0.277344 0.5625 0.277344 0.561458 0.278125 0.557292 0.278125 0.55625 0.278906 0.548958 0.278906 0.547917 0.279687 0.5125 0.279687 0.511458 0.278906 0.504167 0.278906 0.503125 0.278125 0.498958 0.278125 0.497917 0.277344 0.494792 0.277344 0.49375 0.276562 0.490625 0.276562 0.489583 0.275781 0.4875 0.275781 0.486458 0.275 0.483333 0.275 0.482292 0.274219 0.480208 0.274219 0.479167 0.273438 0.477083 0.273438 0.476042 0.272656 0.473958 0.272656 0.472917 0.271875 0.471875 0.271875 0.470833 0.271094 0.469792 0.271094 0.46875 0.270312 0.467708 0.270312 0.466667 0.269531 0.464583 0.269531 0.463542 0.26875 0.4625 0.26875 0.461458 0.267969 0.460417 0.267969 0.458333 0.266406 0.457292 0.266406 0.455208 0.264844 0.454167 0.264844 0.451042 0.2625 0.45 0.2625 0.438542 0.253906 0.438542 0.253125 0.436458 0.251563 0.436458 0.250781 0.434375 0.249219 0.434375 0.248437 0.43125 0.246094 0.43125 0.245312 0.430208 0.244531 0.430208 0.24375 0.429167 0.242969 0.429167 0.241406 0.428125 0.240625 0.428125 0.239062 0.427083 0.238281 0.427083 0.235156 0.426042 0.234375 0.426042 0.23125 0.425 0.230469 0.950868
0 0.41875 0.276562 0.417708 0.277344 0.417708 0.278125 0.416667 0.278906 0.416667 0.279687 0.415625 0.280469 0.415625 0.28125 0.413542 0.282812 0.413542 0.283594 0.4125 0.284375 0.4125 0.308594 0.413542 0.309375 0.413542 0.310156 0.414583 0.310937 0.414583 0.311719 0.415625 0.3125 0.415625 0.314062 0.416667 0.314844 0.416667 0.315625 0.417708 0.316406 0.417708 0.317187 0.41875 0.317969 0.41875 0.31875 0.419792 0.319531 0.419792 0.320312 0.420833 0.321094 0.420833 0.321875 0.422917 0.323437 0.422917 0.324219 0.426042 0.326562 0.426042 0.327344 0.435417 0.334375 0.436458 0.334375 0.439583 0.336719 0.440625 0.336719 0.44375 0.339062 0.444792 0.339062 0.445833 0.339844 0.446875 0.339844 0.448958 0.341406 0.45 0.341406 0.451042 0.342187 0.452083 0.342187 0.453125 0.342969 0.454167 0.342969 0.455208 0.34375 0.457292 0.34375 0.458333 0.344531 0.459375 0.344531 0.460417 0.345312 0.4625 0.345312 0.463542 0.346094 0.465625 0.346094 0.466667 0.346875 0.467708 0.346875 0.46875 0.347656 0.471875 0.347656 0.472917 0.348437 0.475 0.348437 0.476042 0.349219 0.478125 0.349219 0.479167 0.35 0.483333 0.35 0.484375 0.350781 0.489583 0.350781 0.490625 0.351562 0.496875 0.351562 0.497917 0.352344 0.527083 0.352344 0.528125 0.351562 0.534375 0.351562 0.535417 0.350781 0.540625 0.350781 0.541667 0.35 0.544792 0.35 0.545833 0.349219 0.548958 0.349219 0.55 0.348437 0.552083 0.348437 0.553125 0.347656 0.555208 0.347656 0.55625 0.346875 0.557292 0.346875 0.558333 0.346094 0.560417 0.346094 0.561458 0.345312 0.5625 0.345312 0.563542 0.344531 0.564583 0.344531 0.565625 0.34375 0.566667 0.34375 0.567708 0.342969 0.56875 0.342969 0.569792 0.342187 0.570833 0.342187 0.571875 0.341406 0.572917 0.341406 0.575 0.339844 0.576042 0.339844 0.577083 0.339062 0.578125 0.339062 0.580208 0.3375 0.58125 0.3375 0.5875 0.332812 0.588542 0.332812 0.59375 0.328906 0.59375 0.328125 0.601042 0.322656 0.601042 0.321875 0.602083 0.321094 0.602083 0.320312 0.603125 0.319531 0.603125 0.31875 0.604167 0.317969 0.604167 0.317187 0.605208 0.316406 0.605208 0.314844 0.60625 0.314062 0.60625 0.300781 0.605208 0.301562 0.605208 0.303125 0.604167 0.303906 0.604167 0.305469 0.603125 0.30625 0.603125 0.307031 0.602083 0.307812 0.602083 0.308594 0.601042 0.309375 0.601042 0.310937 0.6 0.311719 0.6 0.3125 0.596875 0.314844 0.596875 0.315625 0.594792 0.317187 0.594792 0.317969 0.588542 0.322656 0.5875 0.322656 0.583333 0.325781 0.582292 0.325781 0.580208 0.327344 0.579167 0.327344 0.577083 0.328906 0.576042 0.328906 0.575 0.329687 0.573958 0.329687 0.572917 0.330469 0.571875 0.330469 0.570833 0.33125 0.569792 0.33125 0.56875 0.332031 0.567708 0.332031 0.566667 0.332812 0.565625 0.332812 0.564583 0.333594 0.5625 0.333594 0.561458 0.334375 0.559375 0.334375 0.558333 0.335156 0.55625 0.335156 0.555208 0.335938 0.552083 0.335938 0.551042 0.336719 0.547917 0.336719 0.546875 0.3375 0.544792 0.3375 0.54375 0.338281 0.5375 0.338281 0.536458 0.339062 0.526042 0.339062 0.525 0.339844 0.509375 0.339844 0.508333 0.339062 0.497917 0.339062 0.496875 0.338281 0.492708 0.338281 0.491667 0.3375 0.488542 0.3375 0.4875 0.336719 0.484375 0.336719 0.483333 0.335938 0.480208 0.335938 0.479167 0.335156 0.476042 0.335156 0.475 0.334375 0.473958 0.334375 0.472917 0.333594 0.470833 0.333594 0.469792 0.332812 0.467708 0.332812 0.466667 0.332031 0.465625 0.332031 0.464583 0.33125 0.463542 0.33125 0.4625 0.330469 0.461458 0.330469 0.460417 0.329687 0.459375 0.329687 0.458333 0.328906 0.457292 0.328906 0.45625 0.328125 0.455208 0.328125 0.454167 0.327344 0.453125 0.327344 0.448958 0.324219 0.447917 0.324219 0.444792 0.321875 0.44375 0.321875 0.434375 0.314844 0.434375 0.314062 0.43125 0.311719 0.43125 0.310937 0.429167 0.309375 0.429167 0.308594 0.427083 0.307031 0.427083 0.305469 0.426042 0.304688 0.426042 0.303906 0.425 0.303125 0.425 0.301562 0.423958 0.300781 0.423958 0.294531 0.422917 0.29375 0.422917 0.291406 0.421875 0.290625 0.421875 0.279687 0.420833 0.278906 0.420833 0.277344 0.419792 0.277344 0.818536
0 0.41875 0.276562 0.417708 0.277344 0.417708 0.278125 0.416667 0.278906 0.416667 0.279687 0.415625 0.280469 0.415625 0.28125 0.413542 0.282812 0.413542 0.283594 0.4125 0.284375 0.4125 0.285156 0.411458 0.285937 0.411458 0.307031 0.4125 0.307812 0.4125 0.308594 0.413542 0.309375 0.413542 0.310156 0.414583 0.310937 0.414583 0.311719 0.415625 0.3125 0.415625 0.314062 0.416667 0.314844 0.416667 0.315625 0.417708 0.316406 0.417708 0.317187 0.41875 0.317969 0.41875 0.319531 0.420833 0.321094 0.420833 0.321875 0.422917 0.323437 0.422917 0.324219 0.426042 0.326562 0.426042 0.327344 0.435417 0.334375 0.436458 0.334375 0.439583 0.336719 0.440625 0.336719 0.44375 0.339062 0.444792 0.339062 0.445833 0.339844 0.446875 0.339844 0.448958 0.341406 0.45 0.341406 0.451042 0.342187 0.452083 0.342187 0.453125 0.342969 0.454167 0.342969 0.455208 0.34375 0.457292 0.34375 0.458333 0.344531 0.459375 0.344531 0.460417 0.345312 0.4625 0.345312 0.463542 0.346094 0.465625 0.346094 0.466667 0.346875 0.467708 0.346875 0.46875 0.347656 0.471875 0.347656 0.472917 0.348437 0.475 0.348437 0.476042 0.349219 0.478125 0.349219 0.479167 0.35 0.482292 0.35 0.483333 0.350781 0.489583 0.350781 0.490625 0.351562 0.496875 0.351562 0.497917 0.352344 0.527083 0.352344 0.528125 0.351562 0.534375 0.351562 0.535417 0.350781 0.540625 0.350781 0.541667 0.35 0.544792 0.35 0.545833 0.349219 0.548958 0.349219 0.55 0.348437 0.552083 0.348437 0.553125 0.347656 0.555208 0.347656 0.55625 0.346875 0.557292 0.346875 0.558333 0.346094 0.560417 0.346094 0.561458 0.345312 0.5625 0.345312 0.563542 0.344531 0.564583 0.344531 0.565625 0.34375 0.567708 0.34375 0.569792 0.342187 0.570833 0.342187 0.571875 0.341406 0.572917 0.341406 0.575 0.339844 0.576042 0.339844 0.577083 0.339062 0.578125 0.339062 0.580208 0.3375 0.58125 0.3375 0.586458 0.333594 0.5875 0.333594 0.59375 0.328906 0.59375 0.328125 0.601042 0.322656 0.601042 0.321875 0.602083 0.321094 0.602083 0.320312 0.603125 0.319531 0.603125 0.31875 0.604167 0.317969 0.604167 0.317187 0.605208 0.316406 0.605208 0.314844 0.60625 0.314062 0.60625 0.309375 0.607292 0.308594 0.607292 0.305469 0.60625 0.304688 0.60625 0.300781 0.605208 0.301562 0.605208 0.303125 0.604167 0.303906 0.604167 0.305469 0.603125 0.30625 0.603125 0.307031 0.602083 0.307812 0.602083 0.308594 0.601042 0.309375 0.601042 0.310937 0.598958 0.3125 0.598958 0.313281 0.596875 0.314844 0.596875 0.315625 0.594792 0.317187 0.594792 0.317969 0.588542 0.322656 0.5875 0.322656 0.583333 0.325781 0.582292 0.325781 0.580208 0.327344 0.579167 0.327344 0.577083 0.328906 0.576042 0.328906 0.575 0.329687 0.573958 0.329687 0.572917 0.330469 0.571875 0.330469 0.570833 0.33125 0.569792 0.33125 0.56875 0.332031 0.567708 0.332031 0.566667 0.332812 0.565625 0.332812 0.564583 0.333594 0.5625 0.333594 0.561458 0.334375 0.560417 0.334375 0.559375 0.335156 0.55625 0.335156 0.555208 0.335938 0.552083 0.335938 0.551042 0.336719 0.547917 0.336719 0.546875 0.3375 0.544792 0.3375 0.54375 0.338281 0.538542 0.338281 0.5375 0.339062 0.527083 0.339062 0.526042 0.339844 0.508333 0.339844 0.507292 0.339062 0.497917 0.339062 0.496875 0.338281 0.492708 0.338281 0.491667 0.3375 0.4875 0.3375 0.486458 0.336719 0.483333 0.336719 0.482292 0.335938 0.480208 0.335938 0.479167 0.335156 0.476042 0.335156 0.475 0.334375 0.472917 0.334375 0.471875 0.333594 0.470833 0.333594 0.469792 0.332812 0.467708 0.332812 0.466667 0.332031 0.465625 0.332031 0.464583 0.33125 0.463542 0.33125 0.4625 0.330469 0.461458 0.330469 0.460417 0.329687 0.459375 0.329687 0.458333 0.328906 0.457292 0.328906 0.45625 0.328125 0.455208 0.328125 0.454167 0.327344 0.453125 0.327344 0.45 0.325 0.448958 0.325 0.444792 0.321875 0.44375 0.321875 0.434375 0.314844 0.434375 0.314062 0.43125 0.311719 0.43125 0.310937 0.428125 0.308594 0.428125 0.307812 0.427083 0.307031 0.427083 0.305469 0.426042 0.304688 0.426042 0.303906 0.425 0.303125 0.425 0.301562 0.423958 0.300781 0.423958 0.294531 0.422917 0.29375 0.422917 0.291406 0.421875 0.290625 0.421875 0.278906 0.420833 0.278125 0.420833 0.277344 0.419792 0.277344 0.117885
