0 0.448958 0.388281 0.447917 0.389062 0.44375 0.389062 0.442708 0.389844 0.438542 0.389844 0.4375 0.390625 0.433333 0.390625 0.432292 0.391406 0.43125 0.391406 0.430208 0.392188 0.428125 0.392188 0.427083 0.392969 0.426042 0.392969 0.425 0.39375 0.423958 0.39375 0.422917 0.394531 0.421875 0.394531 0.416667 0.398438 0.416667 0.399219 0.415625 0.4 0.415625 0.410937 0.416667 0.411719 0.417708 0.411719 0.420833 0.414062 0.421875 0.414062 0.422917 0.414844 0.423958 0.414844 0.425 0.415625 0.426042 0.415625 0.427083 0.416406 0.428125 0.416406 0.430208 0.417969 0.434375 0.417969 0.435417 0.41875 0.4375 0.41875 0.438542 0.419531 0.440625 0.419531 0.441667 0.420312 0.444792 0.420312 0.445833 0.421094 0.453125 0.421094 0.454167 0.421875 0.461458 0.421875 0.4625 0.422656 0.467708 0.422656 0.46875 0.423438 0.485417 0.423438 0.486458 0.422656 0.497917 0.422656 0.498958 0.421875 0.511458 0.421875 0.5125 0.421094 0.516667 0.421094 0.517708 0.420312 0.520833 0.420312 0.521875 0.419531 0.523958 0.419531 0.525 0.41875 0.527083 0.41875 0.528125 0.417969 0.529167 0.417969 0.530208 0.417188 0.532292 0.417188 0.533333 0.416406 0.534375 0.416406 0.535417 0.415625 0.536458 0.415625 0.5375 0.414844 0.538542 0.414844 0.545833 0.409375 0.545833 0.408594 0.546875 0.407813 0.546875 0.407031 0.547917 0.40625 0.547917 0.400781 0.545833 0.399219 0.545833 0.398438 0.542708 0.396094 0.541667 0.396094 0.539583 0.394531 0.538542 0.394531 0.536458 0.392969 0.534375 0.392969 0.533333 0.392188 0.53125 0.392188 0.530208 0.391406 0.528125 0.391406 0.527083 0.390625 0.523958 0.390625 0.522917 0.389844 0.519792 0.389844 0.51875 0.389062 0.514583 0.389062 0.513542 0.388281 0.956597
0 0.413542 0.45625 0.413542 0.463281 0.414583 0.464063 0.415625 0.464063 0.417708 0.465625 0.417708 0.466406 0.41875 0.466406 0.421875 0.46875 0.422917 0.46875 0.426042 0.471094 0.427083 0.471094 0.428125 0.471875 0.429167 0.471875 0.430208 0.472656 0.432292 0.472656 0.433333 0.473437 0.435417 0.473437 0.436458 0.474219 0.438542 0.474219 0.439583 0.475 0.441667 0.475 0.442708 0.475781 0.445833 0.475781 0.446875 0.476562 0.452083 0.476562 0.453125 0.477344 0.45625 0.477344 0.457292 0.478125 0.495833 0.478125 0.496875 0.477344 0.501042 0.477344 0.502083 0.476562 0.507292 0.476562 0.508333 0.475781 0.511458 0.475781 0.5125 0.475 0.514583 0.475 0.515625 0.474219 0.517708 0.474219 0.51875 0.473437 0.520833 0.473437 0.521875 0.472656 0.522917 0.472656 0.523958 0.471875 0.525 0.471875 0.526042 0.471094 0.527083 0.471094 0.528125 0.470313 0.530208 0.470313 0.532292 0.46875 0.533333 0.46875 0.539583 0.464063 0.539583 0.45625 0.538542 0.45625 0.538542 0.457031 0.5375 0.457812 0.5375 0.458594 0.535417 0.460156 0.534375 0.460156 0.53125 0.4625 0.530208 0.4625 0.529167 0.463281 0.528125 0.463281 0.527083 0.464063 0.526042 0.464063 0.525 0.464844 0.522917 0.464844 0.521875 0.465625 0.519792 0.465625 0.51875 0.466406 0.515625 0.466406 0.514583 0.467187 0.510417 0.467187 0.509375 0.467969 0.507292 0.467969 0.50625 0.46875 0.504167 0.46875 0.503125 0.469531 0.498958 0.469531 0.497917 0.470313 0.48125 0.470313 0.480208 0.471094 0.470833 0.471094 0.469792 0.470313 0.454167 0.470313 0.453125 0.469531 0.446875 0.469531 0.445833 0.46875 0.44375 0.46875 0.442708 0.467969 0.440625 0.467969 0.439583 0.467187 0.4375 0.467187 0.436458 0.466406 0.434375 0.466406 0.433333 0.465625 0.43125 0.465625 0.430208 0.464844 0.429167 0.464844 0.428125 0.464063 0.427083 0.464063 0.426042 0.463281 0.423958 0.463281 0.421875 0.461719 0.420833 0.461719 0.415625 0.457812 0.415625 0.45625 0.9394
0 0.413542 0.461719 0.4125 0.4625 0.4125 0.472656 0.417708 0.476562 0.41875 0.476562 0.422917 0.479688 0.425 0.479688 0.426042 0.480469 0.427083 0.480469 0.428125 0.48125 0.429167 0.48125 0.43125 0.482812 0.433333 0.482812 0.434375 0.483594 0.4375 0.483594 0.438542 0.484375 0.440625 0.484375 0.441667 0.485156 0.444792 0.485156 0.445833 0.485938 0.45 0.485938 0.451042 0.486719 0.496875 0.486719 0.497917 0.485938 0.503125 0.485938 0.504167 0.485156 0.507292 0.485156 0.508333 0.484375 0.5125 0.484375 0.513542 0.483594 0.516667 0.483594 0.517708 0.482812 0.519792 0.482812 0.521875 0.48125 0.522917 0.48125 0.523958 0.480469 0.526042 0.480469 0.527083 0.479688 0.528125 0.479688 0.530208 0.478125 0.53125 0.478125 0.534375 0.475781 0.535417 0.475781 0.535417 0.475 0.538542 0.472656 0.538542 0.471094 0.539583 0.470313 0.539583 0.466406 0.538542 0.467187 0.538542 0.46875 0.5375 0.469531 0.535417 0.469531 0.534375 0.470313 0.533333 0.470313 0.530208 0.472656 0.528125 0.472656 0.527083 0.473437 0.523958 0.473437 0.522917 0.474219 0.521875 0.474219 0.520833 0.475 0.51875 0.475 0.517708 0.475781 0.515625 0.475781 0.514583 0.476562 0.510417 0.476562 0.509375 0.477344 0.50625 0.477344 0.505208 0.478125 0.503125 0.478125 0.502083 0.478906 0.496875 0.478906 0.495833 0.479688 0.482292 0.479688 0.48125 0.480469 0.469792 0.480469 0.46875 0.479688 0.457292 0.479688 0.45625 0.478906 0.452083 0.478906 0.451042 0.478125 0.447917 0.478125 0.446875 0.477344 0.44375 0.477344 0.442708 0.476562 0.438542 0.476562 0.4375 0.475781 0.435417 0.475781 0.434375 0.475 0.432292 0.475 0.43125 0.474219 0.430208 0.474219 0.429167 0.473437 0.428125 0.473437 0.427083 0.472656 0.425 0.472656 0.420833 0.469531 0.419792 0.469531 0.415625 0.466406 0.415625 0.465625 0.414583 0.464844 0.414583 0.464063 0.413542 0.463281 0.916234
0 0.414583 0.433594 0.414583 0.440625 0.416667 0.442187 0.417708 0.442187 0.420833 0.444531 0.421875 0.444531 0.422917 0.445312 0.425 0.445312 0.427083 0.446875 0.428125 0.446875 0.429167 0.447656 0.430208 0.447656 0.43125 0.448438 0.433333 0.448438 0.434375 0.449219 0.436458 0.449219 0.4375 0.45 0.438542 0.45 0.439583 0.450781 0.440625 0.450781 0.441667 0.451562 0.445833 0.451562 0.446875 0.452344 0.451042 0.452344 0.452083 0.453125 0.458333 0.453125 0.459375 0.453906 0.496875 0.453906 0.497917 0.453125 0.503125 0.453125 0.504167 0.452344 0.507292 0.452344 0.508333 0.451562 0.5125 0.451562 0.513542 0.450781 0.515625 0.450781 0.516667 0.45 0.51875 0.45 0.519792 0.449219 0.520833 0.449219 0.521875 0.448438 0.526042 0.448438 0.527083 0.447656 0.528125 0.447656 0.530208 0.446094 0.53125 0.446094 0.532292 0.445312 0.533333 0.445312 0.535417 0.44375 0.535417 0.442969 0.538542 0.440625 0.538542 0.439844 0.539583 0.439063 0.539583 0.435937 0.536458 0.438281 0.535417 0.438281 0.53125 0.441406 0.529167 0.441406 0.528125 0.442187 0.526042 0.442187 0.523958 0.44375 0.521875 0.44375 0.520833 0.444531 0.516667 0.444531 0.515625 0.445312 0.5125 0.445312 0.511458 0.446094 0.509375 0.446094 0.508333 0.446875 0.503125 0.446875 0.502083 0.447656 0.45625 0.447656 0.455208 0.446875 0.447917 0.446875 0.446875 0.446094 0.445833 0.446094 0.444792 0.445312 0.440625 0.445312 0.439583 0.444531 0.435417 0.444531 0.434375 0.44375 0.432292 0.44375 0.43125 0.442969 0.430208 0.442969 0.429167 0.442187 0.427083 0.442187 0.426042 0.441406 0.423958 0.441406 0.422917 0.440625 0.421875 0.440625 0.415625 0.435937 0.415625 0.435156 0.414583 0.434375 0.822803
0 0.4125 0.413281 0.4125 0.423438 0.413542 0.424219 0.413542 0.425 0.414583 0.425781 0.415625 0.425781 0.417708 0.427344 0.41875 0.427344 0.421875 0.429688 0.425 0.429688 0.426042 0.430469 0.427083 0.430469 0.429167 0.432031 0.43125 0.432031 0.432292 0.432813 0.436458 0.432813 0.4375 0.433594 0.438542 0.433594 0.439583 0.434375 0.440625 0.434375 0.441667 0.435156 0.44375 0.435156 0.444792 0.435937 0.451042 0.435937 0.452083 0.436719 0.458333 0.436719 0.459375 0.4375 0.46875 0.4375 0.469792 0.438281 0.492708 0.438281 0.49375 0.4375 0.501042 0.4375 0.502083 0.436719 0.50625 0.436719 0.507292 0.435937 0.513542 0.435937 0.514583 0.435156 0.516667 0.435156 0.51875 0.433594 0.519792 0.433594 0.520833 0.432813 0.523958 0.432813 0.525 0.432031 0.527083 0.432031 0.527083 0.43125 0.528125 0.430469 0.529167 0.430469 0.530208 0.429688 0.53125 0.429688 0.532292 0.428906 0.534375 0.428906 0.534375 0.428125 0.5375 0.425781 0.538542 0.425781 0.538542 0.425 0.540625 0.423438 0.541667 0.423438 0.542708 0.422656 0.538542 0.422656 0.5375 0.423438 0.5375 0.424219 0.536458 0.425 0.535417 0.425 0.534375 0.425781 0.533333 0.425781 0.532292 0.426562 0.53125 0.426562 0.529167 0.428125 0.528125 0.428125 0.527083 0.428906 0.521875 0.428906 0.520833 0.429688 0.517708 0.429688 0.516667 0.430469 0.515625 0.430469 0.514583 0.43125 0.509375 0.43125 0.508333 0.432031 0.466667 0.432031 0.465625 0.43125 0.459375 0.43125 0.458333 0.430469 0.453125 0.430469 0.452083 0.429688 0.445833 0.429688 0.444792 0.428906 0.438542 0.428906 0.4375 0.428125 0.434375 0.428125 0.432292 0.426562 0.43125 0.426562 0.430208 0.425781 0.427083 0.425781 0.426042 0.425 0.425 0.425 0.421875 0.422656 0.420833 0.422656 0.419792 0.421875 0.41875 0.421875 0.417708 0.421094 0.417708 0.420312 0.416667 0.419531 0.416667 0.41875 0.415625 0.417969 0.415625 0.414062 0.414583 0.413281 0.715247
0 0.4125 0.425781 0.4125 0.432031 0.414583 0.433594 0.415625 0.433594 0.416667 0.434375 0.416667 0.435156 0.41875 0.436719 0.419792 0.436719 0.422917 0.439063 0.423958 0.439063 0.425 0.439844 0.427083 0.439844 0.428125 0.440625 0.429167 0.440625 0.430208 0.441406 0.43125 0.441406 0.432292 0.442187 0.434375 0.442187 0.435417 0.442969 0.438542 0.442969 0.439583 0.44375 0.44375 0.44375 0.444792 0.444531 0.45 0.444531 0.451042 0.445312 0.458333 0.445312 0.459375 0.446094 0.470833 0.446094 0.471875 0.446875 0.486458 0.446875 0.4875 0.446094 0.497917 0.446094 0.498958 0.445312 0.50625 0.445312 0.507292 0.444531 0.511458 0.444531 0.5125 0.44375 0.515625 0.44375 0.516667 0.442969 0.51875 0.442969 0.519792 0.442187 0.522917 0.442187 0.523958 0.441406 0.525 0.441406 0.526042 0.440625 0.527083 0.440625 0.528125 0.439844 0.529167 0.439844 0.530208 0.439063 0.53125 0.439063 0.532292 0.438281 0.533333 0.438281 0.536458 0.435937 0.5375 0.435937 0.538542 0.435156 0.538542 0.434375 0.539583 0.433594 0.539583 0.432813 0.540625 0.432031 0.540625 0.428906 0.539583 0.428125 0.538542 0.428125 0.5375 0.428906 0.536458 0.428906 0.535417 0.429688 0.534375 0.429688 0.53125 0.432031 0.529167 0.432031 0.528125 0.432813 0.527083 0.432813 0.526042 0.433594 0.525 0.433594 0.523958 0.434375 0.522917 0.434375 0.521875 0.435156 0.51875 0.435156 0.516667 0.436719 0.515625 0.436719 0.514583 0.4375 0.510417 0.4375 0.509375 0.438281 0.498958 0.438281 0.497917 0.439063 0.464583 0.439063 0.463542 0.438281 0.453125 0.438281 0.452083 0.4375 0.446875 0.4375 0.445833 0.436719 0.442708 0.436719 0.441667 0.435937 0.438542 0.435937 0.4375 0.435156 0.434375 0.435156 0.433333 0.434375 0.43125 0.434375 0.430208 0.433594 0.429167 0.433594 0.427083 0.432031 0.425 0.432031 0.423958 0.43125 0.421875 0.43125 0.419792 0.429688 0.41875 0.429688 0.413542 0.425781 0.700765
0 0.413542 0.426562 0.413542 0.434375 0.414583 0.434375 0.417708 0.436719 0.417708 0.4375 0.422917 0.441406 0.425 0.441406 0.426042 0.442187 0.428125 0.442187 0.429167 0.442969 0.433333 0.442969 0.434375 0.44375 0.438542 0.44375 0.439583 0.444531 0.442708 0.444531 0.44375 0.445312 0.452083 0.445312 0.453125 0.446094 0.460417 0.446094 0.461458 0.446875 0.479167 0.446875 0.480208 0.447656 0.479167 0.448438 0.465625 0.448438 0.492708 0.448438 0.482292 0.448438 0.48125 0.447656 0.482292 0.446875 0.496875 0.446875 0.497917 0.446094 0.507292 0.446094 0.508333 0.445312 0.513542 0.445312 0.514583 0.444531 0.515625 0.444531 0.516667 0.44375 0.519792 0.44375 0.520833 0.442969 0.523958 0.442969 0.525 0.442187 0.526042 0.442187 0.528125 0.440625 0.529167 0.440625 0.530208 0.439844 0.53125 0.439844 0.532292 0.439063 0.533333 0.439063 0.536458 0.436719 0.5375 0.436719 0.539583 0.435156 0.539583 0.433594 0.540625 0.432813 0.540625 0.428906 0.538542 0.428906 0.5375 0.429688 0.536458 0.429688 0.533333 0.432031 0.532292 0.432031 0.53125 0.432813 0.530208 0.432813 0.529167 0.433594 0.528125 0.433594 0.527083 0.434375 0.526042 0.434375 0.525 0.435156 0.522917 0.435156 0.521875 0.435937 0.519792 0.435937 0.517708 0.4375 0.515625 0.4375 0.514583 0.438281 0.509375 0.438281 0.508333 0.439063 0.497917 0.439063 0.496875 0.439844 0.466667 0.439844 0.465625 0.439063 0.455208 0.439063 0.454167 0.438281 0.446875 0.438281 0.445833 0.4375 0.441667 0.4375 0.440625 0.436719 0.439583 0.436719 0.438542 0.435937 0.435417 0.435937 0.434375 0.435156 0.430208 0.435156 0.429167 0.434375 0.428125 0.434375 0.427083 0.433594 0.426042 0.433594 0.425 0.432813 0.423958 0.432813 0.422917 0.432031 0.419792 0.432031 0.413542 0.427344 0.507829
0 0.414583 0.404687 0.414583 0.417969 0.415625 0.41875 0.416667 0.41875 0.417708 0.419531 0.41875 0.419531 0.419792 0.420312 0.420833 0.420312 0.422917 0.421875 0.423958 0.421875 0.426042 0.423438 0.428125 0.423438 0.429167 0.424219 0.430208 0.424219 0.43125 0.425 0.432292 0.425 0.433333 0.425781 0.436458 0.425781 0.4375 0.426562 0.440625 0.426562 0.441667 0.427344 0.444792 0.427344 0.445833 0.428125 0.451042 0.428125 0.452083 0.428906 0.461458 0.428906 0.4625 0.429688 0.510417 0.429688 0.511458 0.428906 0.514583 0.428906 0.515625 0.428125 0.51875 0.428125 0.519792 0.427344 0.521875 0.427344 0.522917 0.426562 0.525 0.426562 0.526042 0.425781 0.527083 0.425781 0.528125 0.425 0.53125 0.425 0.532292 0.424219 0.533333 0.424219 0.535417 0.422656 0.536458 0.422656 0.538542 0.421094 0.539583 0.421094 0.540625 0.420312 0.541667 0.420312 0.545833 0.417188 0.545833 0.411719 0.544792 0.4125 0.54375 0.4125 0.540625 0.414844 0.539583 0.414844 0.538542 0.415625 0.5375 0.415625 0.536458 0.416406 0.535417 0.416406 0.533333 0.417969 0.532292 0.417969 0.53125 0.41875 0.529167 0.41875 0.528125 0.419531 0.525 0.419531 0.523958 0.420312 0.522917 0.420312 0.521875 0.421094 0.519792 0.421094 0.51875 0.421875 0.514583 0.421875 0.513542 0.422656 0.502083 0.422656 0.501042 0.423438 0.4875 0.423438 0.486458 0.424219 0.469792 0.424219 0.46875 0.423438 0.463542 0.423438 0.4625 0.422656 0.454167 0.422656 0.453125 0.421875 0.444792 0.421875 0.44375 0.421094 0.441667 0.421094 0.440625 0.420312 0.438542 0.420312 0.4375 0.419531 0.435417 0.419531 0.434375 0.41875 0.43125 0.41875 0.430208 0.417969 0.429167 0.417969 0.428125 0.417188 0.427083 0.417188 0.426042 0.416406 0.425 0.416406 0.423958 0.415625 0.422917 0.415625 0.421875 0.414844 0.420833 0.414844 0.415625 0.410937 0.415625 0.409375 0.414583 0.408594 0.448744
0 0.411458 0.447656 0.411458 0.454688 0.4125 0.455469 0.413542 0.455469 0.415625 0.457031 0.416667 0.457031 0.417708 0.457812 0.41875 0.457812 0.421875 0.460156 0.422917 0.460156 0.426042 0.4625 0.427083 0.4625 0.428125 0.463281 0.430208 0.463281 0.43125 0.464063 0.434375 0.464063 0.435417 0.464844 0.4375 0.464844 0.438542 0.465625 0.439583 0.465625 0.440625 0.466406 0.441667 0.466406 0.442708 0.467187 0.445833 0.467187 0.446875 0.467969 0.45 0.467969 0.451042 0.46875 0.460417 0.46875 0.461458 0.469531 0.490625 0.469531 0.491667 0.46875 0.5 0.46875 0.501042 0.467969 0.505208 0.467969 0.50625 0.467187 0.508333 0.467187 0.509375 0.466406 0.511458 0.466406 0.5125 0.465625 0.514583 0.465625 0.515625 0.464844 0.51875 0.464844 0.519792 0.464063 0.522917 0.464063 0.523958 0.463281 0.525 0.463281 0.526042 0.4625 0.527083 0.4625 0.528125 0.461719 0.529167 0.461719 0.530208 0.460938 0.53125 0.460938 0.534375 0.458594 0.535417 0.458594 0.5375 0.457031 0.5375 0.45625 0.538542 0.455469 0.538542 0.454688 0.539583 0.453906 0.539583 0.447656 0.538542 0.447656 0.5375 0.448438 0.5375 0.45 0.532292 0.453906 0.53125 0.453906 0.529167 0.455469 0.528125 0.455469 0.527083 0.45625 0.526042 0.45625 0.525 0.457031 0.521875 0.457031 0.520833 0.457812 0.519792 0.457812 0.51875 0.458594 0.517708 0.458594 0.516667 0.459375 0.515625 0.459375 0.514583 0.460156 0.508333 0.460156 0.507292 0.460938 0.502083 0.460938 0.501042 0.461719 0.497917 0.461719 0.496875 0.4625 0.492708 0.4625 0.491667 0.463281 0.463542 0.463281 0.4625 0.4625 0.457292 0.4625 0.45625 0.461719 0.453125 0.461719 0.452083 0.460938 0.445833 0.460938 0.444792 0.460156 0.440625 0.460156 0.439583 0.459375 0.4375 0.459375 0.435417 0.457812 0.433333 0.457812 0.432292 0.457031 0.430208 0.457031 0.429167 0.45625 0.427083 0.45625 0.425 0.454688 0.423958 0.454688 0.422917 0.453906 0.421875 0.453906 0.416667 0.45 0.416667 0.449219 0.415625 0.448438 0.415625 0.447656 0.425345
0 0.413542 0.414844 0.413542 0.425781 0.414583 0.426562 0.415625 0.426562 0.417708 0.428125 0.417708 0.428906 0.41875 0.429688 0.420833 0.429688 0.421875 0.430469 0.423958 0.430469 0.426042 0.432031 0.427083 0.432031 0.428125 0.432813 0.433333 0.432813 0.434375 0.433594 0.436458 0.433594 0.4375 0.434375 0.438542 0.434375 0.439583 0.435156 0.440625 0.435156 0.441667 0.435937 0.446875 0.435937 0.447917 0.436719 0.453125 0.436719 0.454167 0.4375 0.459375 0.4375 0.460417 0.438281 0.464583 0.438281 0.465625 0.439063 0.5 0.439063 0.502083 0.4375 0.504167 0.4375 0.505208 0.436719 0.510417 0.436719 0.511458 0.435937 0.517708 0.435937 0.51875 0.435156 0.519792 0.435156 0.521875 0.433594 0.523958 0.433594 0.525 0.432813 0.528125 0.432813 0.532292 0.429688 0.534375 0.429688 0.535417 0.428906 0.535417 0.427344 0.536458 0.426562 0.538542 0.426562 0.539583 0.425781 0.538542 0.425 0.536458 0.426562 0.535417 0.426562 0.533333 0.428125 0.532292 0.428125 0.53125 0.428906 0.530208 0.428906 0.529167 0.429688 0.522917 0.429688 0.521875 0.430469 0.51875 0.430469 0.517708 0.43125 0.514583 0.43125 0.513542 0.432031 0.491667 0.432031 0.490625 0.432813 0.476042 0.432813 0.475 0.432031 0.463542 0.432031 0.4625 0.43125 0.455208 0.43125 0.454167 0.430469 0.448958 0.430469 0.447917 0.429688 0.44375 0.429688 0.442708 0.428906 0.435417 0.428906 0.434375 0.428125 0.432292 0.428125 0.43125 0.427344 0.430208 0.427344 0.429167 0.426562 0.428125 0.426562 0.427083 0.425781 0.425 0.425781 0.423958 0.425 0.422917 0.425 0.420833 0.423438 0.41875 0.423438 0.416667 0.421875 0.416667 0.421094 0.415625 0.420312 0.415625 0.419531 0.414583 0.41875 0.414583 0.417188 0.413542 0.416406 0.413542 0.415625 0.414583 0.414844 0.411427
0 0.414583 0.440625 0.414583 0.447656 0.415625 0.448438 0.416667 0.448438 0.420833 0.451562 0.421875 0.451562 0.422917 0.452344 0.423958 0.452344 0.425 0.453125 0.425 0.453906 0.426042 0.453906 0.427083 0.454688 0.430208 0.454688 0.43125 0.455469 0.433333 0.455469 0.435417 0.457031 0.4375 0.457031 0.438542 0.457812 0.44375 0.457812 0.444792 0.458594 0.446875 0.458594 0.447917 0.459375 0.451042 0.459375 0.452083 0.460156 0.454167 0.460156 0.455208 0.460938 0.4625 0.460938 0.463542 0.461719 0.491667 0.461719 0.492708 0.460938 0.5 0.460938 0.501042 0.460156 0.505208 0.460156 0.50625 0.459375 0.507292 0.459375 0.508333 0.458594 0.511458 0.458594 0.5125 0.457812 0.516667 0.457812 0.517708 0.457031 0.51875 0.457031 0.520833 0.455469 0.521875 0.455469 0.522917 0.454688 0.527083 0.454688 0.530208 0.452344 0.53125 0.452344 0.532292 0.451562 0.533333 0.451562 0.535417 0.45 0.535417 0.449219 0.5375 0.447656 0.5375 0.446875 0.538542 0.446094 0.538542 0.445312 0.539583 0.444531 0.539583 0.440625 0.538542 0.440625 0.538542 0.442969 0.533333 0.446875 0.532292 0.446875 0.53125 0.447656 0.529167 0.447656 0.526042 0.45 0.523958 0.45 0.522917 0.450781 0.517708 0.450781 0.515625 0.452344 0.514583 0.452344 0.513542 0.453125 0.510417 0.453125 0.509375 0.453906 0.501042 0.453906 0.5 0.454688 0.490625 0.454688 0.489583 0.455469 0.464583 0.455469 0.463542 0.454688 0.454167 0.454688 0.453125 0.453906 0.44375 0.453906 0.442708 0.453125 0.441667 0.453125 0.439583 0.451562 0.438542 0.451562 0.4375 0.450781 0.434375 0.450781 0.433333 0.45 0.43125 0.45 0.430208 0.449219 0.429167 0.449219 0.427083 0.447656 0.425 0.447656 0.423958 0.446875 0.422917 0.446875 0.421875 0.446094 0.421875 0.445312 0.420833 0.445312 0.419792 0.444531 0.41875 0.444531 0.415625 0.442187 0.415625 0.441406 0.315637
0 0.414583 0.407031 0.414583 0.41875 0.415625 0.419531 0.416667 0.419531 0.417708 0.420312 0.41875 0.420312 0.419792 0.421094 0.420833 0.421094 0.421875 0.421875 0.422917 0.421875 0.425 0.423438 0.426042 0.423438 0.427083 0.424219 0.429167 0.424219 0.430208 0.425 0.43125 0.425 0.432292 0.425781 0.435417 0.425781 0.436458 0.426562 0.440625 0.426562 0.441667 0.427344 0.44375 0.427344 0.444792 0.428125 0.448958 0.428125 0.45 0.428906 0.460417 0.428906 0.461458 0.429688 0.467708 0.429688 0.46875 0.430469 0.477083 0.430469 0.478125 0.43125 0.4875 0.43125 0.488542 0.430469 0.498958 0.430469 0.5 0.429688 0.511458 0.429688 0.5125 0.428906 0.516667 0.428906 0.517708 0.428125 0.520833 0.428125 0.521875 0.427344 0.523958 0.427344 0.525 0.426562 0.527083 0.426562 0.528125 0.425781 0.530208 0.425781 0.53125 0.425 0.533333 0.425 0.535417 0.423438 0.536458 0.423438 0.538542 0.421875 0.540625 0.421875 0.544792 0.41875 0.544792 0.4125 0.54375 0.4125 0.539583 0.415625 0.538542 0.415625 0.5375 0.416406 0.536458 0.416406 0.535417 0.417188 0.534375 0.417188 0.533333 0.417969 0.532292 0.417969 0.53125 0.41875 0.530208 0.41875 0.529167 0.419531 0.526042 0.419531 0.525 0.420312 0.522917 0.420312 0.521875 0.421094 0.520833 0.421094 0.519792 0.421875 0.516667 0.421875 0.515625 0.422656 0.504167 0.422656 0.503125 0.423438 0.489583 0.423438 0.488542 0.424219 0.467708 0.424219 0.466667 0.423438 0.4625 0.423438 0.461458 0.422656 0.451042 0.422656 0.45 0.421875 0.44375 0.421875 0.442708 0.421094 0.440625 0.421094 0.439583 0.420312 0.4375 0.420312 0.436458 0.419531 0.432292 0.419531 0.43125 0.41875 0.429167 0.41875 0.427083 0.417188 0.426042 0.417188 0.425 0.416406 0.423958 0.416406 0.422917 0.415625 0.421875 0.415625 0.414583 0.410156 0.306902
