0 0.259375 0.361719 0.258333 0.3625 0.254167 0.3625 0.253125 0.363281 0.247917 0.363281 0.246875 0.364062 0.239583 0.364062 0.238542 0.364844 0.233333 0.364844 0.232292 0.365625 0.229167 0.365625 0.228125 0.366406 0.225 0.366406 0.223958 0.367188 0.220833 0.367188 0.219792 0.367969 0.217708 0.367969 0.216667 0.36875 0.214583 0.36875 0.213542 0.369531 0.2125 0.369531 0.211458 0.370313 0.210417 0.370313 0.209375 0.371094 0.207292 0.371094 0.20625 0.371875 0.204167 0.371875 0.203125 0.372656 0.202083 0.372656 0.2 0.374219 0.198958 0.374219 0.197917 0.375 0.196875 0.375 0.189583 0.380469 0.189583 0.392969 0.192708 0.395312 0.19375 0.395312 0.196875 0.397656 0.197917 0.397656 0.198958 0.398438 0.2 0.398438 0.201042 0.399219 0.202083 0.399219 0.203125 0.4 0.20625 0.4 0.207292 0.400781 0.209375 0.400781 0.210417 0.401563 0.2125 0.401563 0.213542 0.402344 0.217708 0.402344 0.21875 0.403125 0.225 0.403125 0.226042 0.403906 0.289583 0.403906 0.290625 0.403125 0.3 0.403125 0.301042 0.402344 0.307292 0.402344 0.308333 0.401563 0.3125 0.401563 0.313542 0.400781 0.317708 0.400781 0.31875 0.4 0.325 0.4 0.326042 0.399219 0.33125 0.399219 0.332292 0.398438 0.335417 0.398438 0.336458 0.397656 0.3375 0.397656 0.338542 0.396875 0.340625 0.396875 0.341667 0.396094 0.34375 0.396094 0.344792 0.395312 0.346875 0.395312 0.347917 0.394531 0.348958 0.394531 0.35 0.39375 0.351042 0.39375 0.352083 0.392969 0.353125 0.392969 0.355208 0.391406 0.35625 0.391406 0.360417 0.388281 0.361458 0.388281 0.361458 0.3875 0.363542 0.385938 0.364583 0.385938 0.364583 0.371094 0.360417 0.367969 0.359375 0.367969 0.358333 0.367188 0.357292 0.367188 0.35625 0.366406 0.355208 0.366406 0.354167 0.365625 0.352083 0.365625 0.351042 0.364844 0.347917 0.364844 0.346875 0.364062 0.34375 0.364062 0.342708 0.363281 0.338542 0.363281 0.3375 0.3625 0.329167 0.3625 0.328125 0.361719 0.987966
6 0.555208 0.360938 0.552083 0.363281 0.551042 0.363281 0.548958 0.364844 0.547917 0.364844 0.546875 0.365625 0.545833 0.365625 0.544792 0.366406 0.542708 0.366406 0.541667 0.367188 0.538542 0.367188 0.5375 0.367969 0.536458 0.367969 0.535417 0.36875 0.533333 0.36875 0.532292 0.369531 0.529167 0.369531 0.528125 0.370313 0.523958 0.370313 0.522917 0.371094 0.520833 0.371094 0.519792 0.371875 0.515625 0.371875 0.514583 0.372656 0.507292 0.372656 0.50625 0.373437 0.496875 0.373437 0.495833 0.374219 0.489583 0.374219 0.488542 0.375 0.472917 0.375 0.471875 0.375781 0.436458 0.375781 0.435417 0.375 0.427083 0.375 0.426042 0.374219 0.422917 0.374219 0.421875 0.373437 0.416667 0.373437 0.415625 0.372656 0.408333 0.372656 0.407292 0.371875 0.404167 0.371875 0.403125 0.371094 0.402083 0.371094 0.401042 0.370313 0.396875 0.370313 0.395833 0.369531 0.39375 0.369531 0.392708 0.36875 0.391667 0.36875 0.391667 0.376563 0.39375 0.378125 0.394792 0.378125 0.395833 0.378906 0.396875 0.378906 0.397917 0.379687 0.398958 0.379687 0.401042 0.38125 0.403125 0.38125 0.404167 0.382031 0.407292 0.382031 0.408333 0.382812 0.410417 0.382812 0.411458 0.383594 0.413542 0.383594 0.414583 0.384375 0.419792 0.384375 0.420833 0.385156 0.433333 0.385156 0.434375 0.385938 0.442708 0.385938 0.44375 0.386719 0.452083 0.386719 0.453125 0.3875 0.478125 0.3875 0.479167 0.386719 0.488542 0.386719 0.489583 0.385938 0.498958 0.385938 0.5 0.385156 0.514583 0.385156 0.515625 0.384375 0.520833 0.384375 0.521875 0.383594 0.525 0.383594 0.526042 0.382812 0.529167 0.382812 0.530208 0.382031 0.535417 0.382031 0.536458 0.38125 0.538542 0.38125 0.539583 0.380469 0.540625 0.380469 0.541667 0.379687 0.542708 0.379687 0.54375 0.378906 0.546875 0.378906 0.547917 0.378125 0.548958 0.378125 0.55 0.377344 0.551042 0.377344 0.552083 0.376563 0.553125 0.376563 0.554167 0.375781 0.555208 0.375781 0.558333 0.373437 0.559375 0.373437 0.5625 0.371094 0.5625 0.370313 0.563542 0.369531 0.563542 0.364844 0.5625 0.364062 0.5625 0.360938 0.969172
1 0.752083 0.359375 0.75 0.360938 0.75 0.361719 0.748958 0.3625 0.747917 0.3625 0.745833 0.364062 0.744792 0.364062 0.742708 0.365625 0.741667 0.365625 0.740625 0.366406 0.738542 0.366406 0.7375 0.367188 0.735417 0.367188 0.734375 0.367969 0.733333 0.367969 0.732292 0.36875 0.730208 0.36875 0.729167 0.369531 0.726042 0.369531 0.725 0.370313 0.71875 0.370313 0.717708 0.371094 0.713542 0.371094 0.7125 0.371875 0.708333 0.371875 0.707292 0.372656 0.698958 0.372656 0.697917 0.373437 0.673958 0.373437 0.672917 0.374219 0.651042 0.374219 0.65 0.373437 0.622917 0.373437 0.621875 0.372656 0.614583 0.372656 0.613542 0.371875 0.609375 0.371875 0.608333 0.371094 0.604167 0.371094 0.603125 0.370313 0.597917 0.370313 0.596875 0.369531 0.59375 0.369531 0.592708 0.36875 0.589583 0.36875 0.588542 0.367969 0.5875 0.367969 0.586458 0.367188 0.585417 0.367188 0.584375 0.366406 0.582292 0.366406 0.58125 0.365625 0.580208 0.365625 0.576042 0.3625 0.575 0.3625 0.575 0.373437 0.578125 0.373437 0.579167 0.374219 0.580208 0.374219 0.58125 0.375 0.582292 0.375 0.583333 0.375781 0.584375 0.375781 0.585417 0.376563 0.586458 0.376563 0.5875 0.377344 0.589583 0.377344 0.590625 0.378125 0.592708 0.378125 0.59375 0.378906 0.596875 0.378906 0.597917 0.379687 0.6 0.379687 0.601042 0.380469 0.605208 0.380469 0.60625 0.38125 0.610417 0.38125 0.611458 0.382031 0.61875 0.382031 0.619792 0.382812 0.625 0.382812 0.626042 0.383594 0.636458 0.383594 0.6375 0.384375 0.69375 0.384375 0.694792 0.383594 0.702083 0.383594 0.703125 0.382812 0.710417 0.382812 0.711458 0.382031 0.71875 0.382031 0.719792 0.38125 0.722917 0.38125 0.723958 0.380469 0.726042 0.380469 0.727083 0.379687 0.729167 0.379687 0.730208 0.378906 0.73125 0.378906 0.732292 0.378125 0.734375 0.378125 0.735417 0.377344 0.7375 0.377344 0.738542 0.376563 0.739583 0.376563 0.740625 0.375781 0.742708 0.375781 0.74375 0.375 0.745833 0.375 0.746875 0.374219 0.747917 0.374219 0.752083 0.371094 0.752083 0.369531 0.753125 0.36875 0.753125 0.360156 0.942095
1 0.577083 0.373437 0.577083 0.383594 0.580208 0.385938 0.582292 0.385938 0.583333 0.386719 0.584375 0.386719 0.585417 0.3875 0.586458 0.3875 0.5875 0.388281 0.589583 0.388281 0.590625 0.389062 0.592708 0.389062 0.59375 0.389844 0.594792 0.389844 0.595833 0.390625 0.598958 0.390625 0.6 0.391406 0.602083 0.391406 0.603125 0.392188 0.60625 0.392188 0.607292 0.392969 0.611458 0.392969 0.6125 0.39375 0.619792 0.39375 0.620833 0.394531 0.628125 0.394531 0.629167 0.395312 0.6375 0.395312 0.638542 0.396094 0.670833 0.396094 0.671875 0.396875 0.672917 0.396875 0.673958 0.396094 0.689583 0.396094 0.690625 0.395312 0.697917 0.395312 0.698958 0.394531 0.704167 0.394531 0.705208 0.39375 0.711458 0.39375 0.7125 0.392969 0.716667 0.392969 0.717708 0.392188 0.720833 0.392188 0.721875 0.391406 0.725 0.391406 0.726042 0.390625 0.728125 0.390625 0.729167 0.389844 0.73125 0.389844 0.732292 0.389062 0.734375 0.389062 0.735417 0.388281 0.736458 0.388281 0.7375 0.3875 0.738542 0.3875 0.739583 0.386719 0.740625 0.386719 0.742708 0.385156 0.74375 0.385156 0.746875 0.382812 0.746875 0.380469 0.747917 0.379687 0.747917 0.375781 0.746875 0.375781 0.745833 0.376563 0.741667 0.376563 0.740625 0.377344 0.739583 0.377344 0.738542 0.378125 0.7375 0.378125 0.736458 0.378906 0.734375 0.378906 0.733333 0.379687 0.730208 0.379687 0.729167 0.380469 0.727083 0.380469 0.726042 0.38125 0.725 0.38125 0.723958 0.382031 0.721875 0.382031 0.720833 0.382812 0.710417 0.382812 0.709375 0.383594 0.703125 0.383594 0.702083 0.384375 0.696875 0.384375 0.695833 0.385156 0.682292 0.385156 0.68125 0.385938 0.65 0.385938 0.648958 0.385156 0.633333 0.385156 0.632292 0.384375 0.626042 0.384375 0.625 0.383594 0.61875 0.383594 0.617708 0.382812 0.608333 0.382812 0.607292 0.382031 0.604167 0.382031 0.603125 0.38125 0.602083 0.38125 0.601042 0.380469 0.597917 0.380469 0.596875 0.379687 0.592708 0.379687 0.591667 0.378906 0.589583 0.378906 0.588542 0.378125 0.5875 0.378125 0.586458 0.377344 0.585417 0.377344 0.584375 0.376563 0.583333 0.376563 0.582292 0.375781 0.58125 0.375781 0.579167 0.374219 0.578125 0.374219 0.867111
1 0.615625 0.303906 0.614583 0.304688 0.610417 0.304688 0.609375 0.305469 0.604167 0.305469 0.603125 0.30625 0.597917 0.30625 0.596875 0.307031 0.59375 0.307031 0.592708 0.307813 0.589583 0.307813 0.588542 0.308594 0.586458 0.308594 0.585417 0.309375 0.584375 0.309375 0.583333 0.310156 0.582292 0.310156 0.580208 0.311719 0.579167 0.311719 0.576042 0.314063 0.576042 0.325781 0.578125 0.327344 0.579167 0.327344 0.580208 0.328125 0.58125 0.328125 0.583333 0.329688 0.584375 0.329688 0.585417 0.330469 0.586458 0.330469 0.5875 0.33125 0.589583 0.33125 0.590625 0.332031 0.592708 0.332031 0.59375 0.332812 0.596875 0.332812 0.597917 0.333594 0.602083 0.333594 0.603125 0.334375 0.608333 0.334375 0.609375 0.335156 0.615625 0.335156 0.616667 0.335938 0.623958 0.335938 0.625 0.336719 0.633333 0.336719 0.634375 0.3375 0.685417 0.3375 0.686458 0.336719 0.698958 0.336719 0.7 0.335938 0.707292 0.335938 0.708333 0.335156 0.717708 0.335156 0.71875 0.334375 0.726042 0.334375 0.727083 0.333594 0.73125 0.333594 0.732292 0.332812 0.736458 0.332812 0.7375 0.332031 0.740625 0.332031 0.741667 0.33125 0.742708 0.33125 0.74375 0.330469 0.745833 0.330469 0.746875 0.329688 0.748958 0.329688 0.75 0.328906 0.751042 0.328906 0.752083 0.328125 0.753125 0.328125 0.754167 0.327344 0.754167 0.326562 0.755208 0.325781 0.755208 0.325 0.75625 0.324219 0.75625 0.314844 0.755208 0.314063 0.755208 0.313281 0.753125 0.311719 0.752083 0.311719 0.751042 0.310937 0.75 0.310937 0.748958 0.310156 0.747917 0.310156 0.746875 0.309375 0.745833 0.309375 0.744792 0.308594 0.742708 0.308594 0.741667 0.307813 0.738542 0.307813 0.7375 0.307031 0.735417 0.307031 0.734375 0.30625 0.73125 0.30625 0.730208 0.305469 0.727083 0.305469 0.726042 0.304688 0.721875 0.304688 0.720833 0.303906 0.841682
1 0.751042 0.349219 0.747917 0.351562 0.746875 0.351562 0.744792 0.353125 0.74375 0.353125 0.742708 0.353906 0.740625 0.353906 0.739583 0.354688 0.738542 0.354688 0.7375 0.355469 0.736458 0.355469 0.735417 0.35625 0.734375 0.35625 0.733333 0.357031 0.73125 0.357031 0.730208 0.357812 0.726042 0.357812 0.725 0.358594 0.721875 0.358594 0.720833 0.359375 0.715625 0.359375 0.714583 0.360156 0.708333 0.360156 0.707292 0.360938 0.691667 0.360938 0.690625 0.361719 0.661458 0.361719 0.660417 0.3625 0.657292 0.3625 0.65625 0.361719 0.636458 0.361719 0.635417 0.360938 0.61875 0.360938 0.617708 0.360156 0.6125 0.360156 0.611458 0.359375 0.607292 0.359375 0.60625 0.358594 0.602083 0.358594 0.601042 0.357812 0.596875 0.357812 0.595833 0.357031 0.591667 0.357031 0.590625 0.35625 0.588542 0.35625 0.5875 0.355469 0.586458 0.355469 0.585417 0.354688 0.584375 0.354688 0.583333 0.353906 0.58125 0.353906 0.580208 0.353125 0.579167 0.353125 0.576042 0.350781 0.575 0.350781 0.575 0.361719 0.576042 0.3625 0.577083 0.3625 0.578125 0.363281 0.579167 0.363281 0.580208 0.364062 0.58125 0.364062 0.582292 0.364844 0.583333 0.364844 0.585417 0.366406 0.588542 0.366406 0.589583 0.367188 0.591667 0.367188 0.592708 0.367969 0.594792 0.367969 0.595833 0.36875 0.598958 0.36875 0.6 0.369531 0.60625 0.369531 0.607292 0.370313 0.611458 0.370313 0.6125 0.371094 0.616667 0.371094 0.617708 0.371875 0.626042 0.371875 0.627083 0.372656 0.69375 0.372656 0.694792 0.371875 0.704167 0.371875 0.705208 0.371094 0.709375 0.371094 0.710417 0.370313 0.714583 0.370313 0.715625 0.369531 0.722917 0.369531 0.723958 0.36875 0.727083 0.36875 0.728125 0.367969 0.730208 0.367969 0.73125 0.367188 0.733333 0.367188 0.734375 0.366406 0.735417 0.366406 0.736458 0.365625 0.738542 0.365625 0.739583 0.364844 0.740625 0.364844 0.741667 0.364062 0.742708 0.364062 0.745833 0.361719 0.746875 0.361719 0.747917 0.360938 0.747917 0.360156 0.752083 0.357031 0.752083 0.349219 0.834202
1 0.576042 0.327344 0.576042 0.338281 0.577083 0.338281 0.579167 0.339844 0.580208 0.339844 0.58125 0.340625 0.582292 0.340625 0.583333 0.341406 0.584375 0.341406 0.585417 0.342187 0.5875 0.342187 0.588542 0.342969 0.589583 0.342969 0.590625 0.34375 0.592708 0.34375 0.59375 0.344531 0.597917 0.344531 0.598958 0.345313 0.602083 0.345313 0.603125 0.346094 0.607292 0.346094 0.608333 0.346875 0.613542 0.346875 0.614583 0.347656 0.626042 0.347656 0.627083 0.348437 0.636458 0.348437 0.6375 0.349219 0.683333 0.349219 0.684375 0.348437 0.698958 0.348437 0.7 0.347656 0.711458 0.347656 0.7125 0.346875 0.716667 0.346875 0.717708 0.346094 0.720833 0.346094 0.721875 0.345313 0.727083 0.345313 0.728125 0.344531 0.733333 0.344531 0.734375 0.34375 0.736458 0.34375 0.7375 0.342969 0.738542 0.342969 0.739583 0.342187 0.742708 0.342187 0.74375 0.341406 0.744792 0.341406 0.745833 0.340625 0.746875 0.340625 0.747917 0.339844 0.748958 0.339844 0.75 0.339063 0.751042 0.339063 0.752083 0.338281 0.752083 0.3375 0.753125 0.336719 0.753125 0.328906 0.751042 0.328906 0.75 0.329688 0.748958 0.329688 0.747917 0.330469 0.746875 0.330469 0.745833 0.33125 0.744792 0.33125 0.74375 0.332031 0.740625 0.332031 0.739583 0.332812 0.736458 0.332812 0.735417 0.333594 0.732292 0.333594 0.73125 0.334375 0.727083 0.334375 0.726042 0.335156 0.716667 0.335156 0.715625 0.335938 0.709375 0.335938 0.708333 0.336719 0.701042 0.336719 0.7 0.3375 0.682292 0.3375 0.68125 0.338281 0.636458 0.338281 0.635417 0.3375 0.623958 0.3375 0.622917 0.336719 0.616667 0.336719 0.615625 0.335938 0.610417 0.335938 0.609375 0.335156 0.603125 0.335156 0.602083 0.334375 0.597917 0.334375 0.596875 0.333594 0.594792 0.333594 0.59375 0.332812 0.590625 0.332812 0.589583 0.332031 0.5875 0.332031 0.586458 0.33125 0.585417 0.33125 0.584375 0.330469 0.583333 0.330469 0.580208 0.328125 0.579167 0.328125 0.578125 0.327344 0.819146
6 0.426042 0.3375 0.425 0.338281 0.420833 0.338281 0.419792 0.339063 0.416667 0.339063 0.415625 0.339844 0.411458 0.339844 0.410417 0.340625 0.407292 0.340625 0.40625 0.341406 0.404167 0.341406 0.403125 0.342187 0.401042 0.342187 0.4 0.342969 0.397917 0.342969 0.396875 0.34375 0.394792 0.34375 0.39375 0.344531 0.392708 0.344531 0.390625 0.346094 0.389583 0.346094 0.385417 0.349219 0.384375 0.349219 0.383333 0.35 0.383333 0.350781 0.382292 0.351562 0.382292 0.363281 0.385417 0.365625 0.386458 0.365625 0.3875 0.366406 0.388542 0.366406 0.389583 0.367188 0.390625 0.367188 0.391667 0.367969 0.39375 0.367969 0.394792 0.36875 0.396875 0.36875 0.397917 0.369531 0.401042 0.369531 0.402083 0.370313 0.405208 0.370313 0.40625 0.371094 0.410417 0.371094 0.411458 0.371875 0.416667 0.371875 0.417708 0.372656 0.422917 0.372656 0.423958 0.373437 0.43125 0.373437 0.432292 0.374219 0.480208 0.374219 0.48125 0.373437 0.49375 0.373437 0.494792 0.372656 0.503125 0.372656 0.504167 0.371875 0.511458 0.371875 0.5125 0.371094 0.517708 0.371094 0.51875 0.370313 0.522917 0.370313 0.523958 0.369531 0.527083 0.369531 0.528125 0.36875 0.53125 0.36875 0.532292 0.367969 0.534375 0.367969 0.535417 0.367188 0.5375 0.367188 0.538542 0.366406 0.541667 0.366406 0.542708 0.365625 0.544792 0.365625 0.545833 0.364844 0.546875 0.364844 0.547917 0.364062 0.548958 0.364062 0.555208 0.359375 0.555208 0.358594 0.557292 0.357031 0.557292 0.355469 0.558333 0.354688 0.558333 0.347656 0.557292 0.346875 0.55625 0.346875 0.554167 0.345313 0.554167 0.344531 0.553125 0.34375 0.552083 0.34375 0.551042 0.342969 0.55 0.342969 0.548958 0.342187 0.547917 0.342187 0.546875 0.341406 0.544792 0.341406 0.54375 0.340625 0.541667 0.340625 0.540625 0.339844 0.538542 0.339844 0.5375 0.339063 0.534375 0.339063 0.533333 0.338281 0.527083 0.338281 0.526042 0.3375 0.790637
1 0.576042 0.372656 0.576042 0.383594 0.577083 0.384375 0.578125 0.384375 0.580208 0.385938 0.58125 0.385938 0.582292 0.386719 0.584375 0.386719 0.585417 0.3875 0.586458 0.3875 0.5875 0.388281 0.588542 0.388281 0.589583 0.389062 0.591667 0.389062 0.592708 0.389844 0.594792 0.389844 0.595833 0.390625 0.598958 0.390625 0.6 0.391406 0.602083 0.391406 0.603125 0.392188 0.60625 0.392188 0.607292 0.392969 0.611458 0.392969 0.6125 0.39375 0.619792 0.39375 0.620833 0.394531 0.628125 0.394531 0.629167 0.395312 0.697917 0.395312 0.698958 0.394531 0.704167 0.394531 0.705208 0.39375 0.711458 0.39375 0.7125 0.392969 0.716667 0.392969 0.717708 0.392188 0.721875 0.392188 0.722917 0.391406 0.725 0.391406 0.726042 0.390625 0.728125 0.390625 0.729167 0.389844 0.73125 0.389844 0.732292 0.389062 0.734375 0.389062 0.735417 0.388281 0.736458 0.388281 0.7375 0.3875 0.738542 0.3875 0.739583 0.386719 0.740625 0.386719 0.741667 0.385938 0.742708 0.385938 0.74375 0.385156 0.744792 0.385156 0.747917 0.382812 0.747917 0.375781 0.745833 0.375781 0.744792 0.376563 0.741667 0.376563 0.740625 0.377344 0.738542 0.377344 0.7375 0.378125 0.736458 0.378125 0.735417 0.378906 0.733333 0.378906 0.732292 0.379687 0.730208 0.379687 0.729167 0.380469 0.727083 0.380469 0.726042 0.38125 0.723958 0.38125 0.722917 0.382031 0.720833 0.382031 0.719792 0.382812 0.709375 0.382812 0.708333 0.383594 0.701042 0.383594 0.7 0.384375 0.694792 0.384375 0.69375 0.385156 0.678125 0.385156 0.677083 0.385938 0.658333 0.385938 0.657292 0.385156 0.636458 0.385156 0.635417 0.384375 0.627083 0.384375 0.626042 0.383594 0.619792 0.383594 0.61875 0.382812 0.608333 0.382812 0.607292 0.382031 0.604167 0.382031 0.603125 0.38125 0.602083 0.38125 0.601042 0.380469 0.597917 0.380469 0.596875 0.379687 0.592708 0.379687 0.591667 0.378906 0.589583 0.378906 0.588542 0.378125 0.5875 0.378125 0.586458 0.377344 0.585417 0.377344 0.584375 0.376563 0.583333 0.376563 0.582292 0.375781 0.58125 0.375781 0.578125 0.373437 0.577083 0.373437 0.311636
1 0.575 0.338281 0.575 0.350781 0.576042 0.350781 0.577083 0.351562 0.578125 0.351562 0.579167 0.352344 0.58125 0.352344 0.582292 0.353125 0.583333 0.353125 0.584375 0.353906 0.586458 0.353906 0.5875 0.354688 0.589583 0.354688 0.590625 0.355469 0.592708 0.355469 0.59375 0.35625 0.596875 0.35625 0.597917 0.357031 0.603125 0.357031 0.604167 0.357812 0.609375 0.357812 0.610417 0.358594 0.614583 0.358594 0.615625 0.359375 0.621875 0.359375 0.622917 0.360156 0.641667 0.360156 0.642708 0.360938 0.679167 0.360938 0.680208 0.360156 0.704167 0.360156 0.705208 0.359375 0.711458 0.359375 0.7125 0.358594 0.716667 0.358594 0.717708 0.357812 0.721875 0.357812 0.722917 0.357031 0.728125 0.357031 0.729167 0.35625 0.73125 0.35625 0.732292 0.355469 0.734375 0.355469 0.735417 0.354688 0.7375 0.354688 0.738542 0.353906 0.739583 0.353906 0.741667 0.352344 0.74375 0.352344 0.744792 0.351562 0.745833 0.351562 0.746875 0.350781 0.747917 0.350781 0.747917 0.35 0.75 0.348437 0.751042 0.348437 0.751042 0.347656 0.752083 0.346875 0.752083 0.344531 0.753125 0.34375 0.753125 0.341406 0.752083 0.340625 0.752083 0.339063 0.751042 0.339063 0.751042 0.339844 0.75 0.340625 0.748958 0.340625 0.747917 0.341406 0.746875 0.341406 0.745833 0.342187 0.744792 0.342187 0.74375 0.342969 0.742708 0.342969 0.741667 0.34375 0.740625 0.34375 0.739583 0.344531 0.736458 0.344531 0.735417 0.345313 0.73125 0.345313 0.730208 0.346094 0.727083 0.346094 0.726042 0.346875 0.723958 0.346875 0.722917 0.347656 0.715625 0.347656 0.714583 0.348437 0.708333 0.348437 0.707292 0.349219 0.7 0.349219 0.698958 0.35 0.685417 0.35 0.684375 0.350781 0.6375 0.350781 0.636458 0.35 0.629167 0.35 0.628125 0.349219 0.621875 0.349219 0.620833 0.348437 0.611458 0.348437 0.610417 0.347656 0.603125 0.347656 0.602083 0.346875 0.598958 0.346875 0.597917 0.346094 0.595833 0.346094 0.594792 0.345313 0.591667 0.345313 0.590625 0.344531 0.588542 0.344531 0.5875 0.34375 0.586458 0.34375 0.585417 0.342969 0.584375 0.342969 0.583333 0.342187 0.582292 0.342187 0.58125 0.341406 0.580208 0.341406 0.579167 0.340625 0.578125 0.340625 0.303632
