2 0.427083 0.4 0.427083 0.409375 0.428125 0.410156 0.429167 0.410156 0.430208 0.410937 0.432292 0.410937 0.433333 0.411719 0.435417 0.411719 0.4375 0.413281 0.438542 0.413281 0.439583 0.414062 0.446875 0.414062 0.447917 0.414844 0.457292 0.414844 0.458333 0.415625 0.4625 0.415625 0.463542 0.416406 0.467708 0.416406 0.46875 0.417188 0.477083 0.417188 0.478125 0.417969 0.482292 0.417969 0.483333 0.417188 0.492708 0.417188 0.49375 0.416406 0.496875 0.416406 0.497917 0.415625 0.5 0.415625 0.501042 0.414844 0.507292 0.414844 0.508333 0.414062 0.51875 0.414062 0.519792 0.413281 0.520833 0.413281 0.522917 0.411719 0.523958 0.411719 0.525 0.410937 0.528125 0.410937 0.529167 0.410156 0.530208 0.410156 0.53125 0.409375 0.53125 0.408594 0.532292 0.407813 0.533333 0.407813 0.534375 0.407031 0.534375 0.405469 0.535417 0.404687 0.535417 0.403906 0.534375 0.403906 0.534375 0.405469 0.533333 0.40625 0.532292 0.40625 0.53125 0.407031 0.523958 0.407031 0.520833 0.409375 0.51875 0.409375 0.517708 0.410156 0.501042 0.410156 0.5 0.410937 0.458333 0.410937 0.457292 0.410156 0.448958 0.410156 0.447917 0.409375 0.446875 0.409375 0.444792 0.407813 0.44375 0.407813 0.442708 0.407031 0.435417 0.407031 0.434375 0.40625 0.433333 0.40625 0.432292 0.405469 0.432292 0.404687 0.427083 0.400781 0.967384
2 0.43125 0.3625 0.43125 0.366406 0.433333 0.366406 0.436458 0.36875 0.436458 0.369531 0.4375 0.369531 0.438542 0.370313 0.441667 0.370313 0.442708 0.371094 0.44375 0.371094 0.445833 0.372656 0.447917 0.372656 0.448958 0.373437 0.454167 0.373437 0.455208 0.374219 0.461458 0.374219 0.4625 0.375 0.467708 0.375 0.46875 0.375781 0.482292 0.375781 0.483333 0.376563 0.504167 0.376563 0.505208 0.375781 0.510417 0.375781 0.511458 0.375 0.515625 0.375 0.516667 0.374219 0.520833 0.374219 0.521875 0.373437 0.528125 0.373437 0.529167 0.372656 0.534375 0.372656 0.535417 0.371875 0.536458 0.371875 0.5375 0.371094 0.538542 0.371094 0.539583 0.370313 0.541667 0.370313 0.542708 0.369531 0.542708 0.3625 0.540625 0.3625 0.541667 0.363281 0.541667 0.364062 0.540625 0.364844 0.536458 0.364844 0.535417 0.364062 0.526042 0.364062 0.53125 0.364062 0.533333 0.365625 0.533333 0.366406 0.530208 0.36875 0.528125 0.36875 0.527083 0.369531 0.511458 0.369531 0.510417 0.370313 0.501042 0.370313 0.5 0.371094 0.478125 0.371094 0.477083 0.370313 0.467708 0.370313 0.466667 0.369531 0.45 0.369531 0.448958 0.36875 0.447917 0.36875 0.444792 0.366406 0.44375 0.366406 0.442708 0.365625 0.440625 0.365625 0.4375 0.363281 0.4375 0.3625 0.960319
2 0.430208 0.375781 0.430208 0.384375 0.435417 0.384375 0.438542 0.386719 0.442708 0.386719 0.44375 0.3875 0.447917 0.3875 0.448958 0.388281 0.448958 0.389062 0.447917 0.389844 0.446875 0.389844 0.444792 0.391406 0.461458 0.391406 0.4625 0.390625 0.504167 0.390625 0.505208 0.391406 0.522917 0.391406 0.523958 0.390625 0.523958 0.389844 0.526042 0.388281 0.528125 0.388281 0.529167 0.3875 0.533333 0.3875 0.534375 0.386719 0.536458 0.386719 0.5375 0.385938 0.538542 0.385938 0.542708 0.382812 0.542708 0.375781 0.539583 0.378125 0.538542 0.378125 0.5375 0.378906 0.536458 0.378906 0.534375 0.380469 0.533333 0.380469 0.532292 0.38125 0.530208 0.38125 0.529167 0.382031 0.521875 0.382031 0.520833 0.382812 0.514583 0.382812 0.513542 0.383594 0.511458 0.383594 0.510417 0.384375 0.504167 0.384375 0.503125 0.385156 0.477083 0.385156 0.476042 0.384375 0.466667 0.384375 0.465625 0.383594 0.461458 0.383594 0.460417 0.382812 0.454167 0.382812 0.453125 0.382031 0.446875 0.382031 0.445833 0.38125 0.44375 0.38125 0.442708 0.380469 0.441667 0.380469 0.439583 0.378906 0.438542 0.378906 0.4375 0.378125 0.435417 0.378125 0.434375 0.377344 0.433333 0.377344 0.432292 0.376563 0.432292 0.375781 0.9325
2 0.534375 0.434375 0.534375 0.435156 0.533333 0.435937 0.533333 0.438281 0.530208 0.440625 0.529167 0.440625 0.528125 0.441406 0.527083 0.441406 0.526042 0.442187 0.523958 0.442187 0.522917 0.442969 0.520833 0.442969 0.519792 0.44375 0.516667 0.44375 0.515625 0.444531 0.511458 0.444531 0.510417 0.445312 0.503125 0.445312 0.502083 0.446094 0.466667 0.446094 0.465625 0.445312 0.457292 0.445312 0.45625 0.444531 0.448958 0.444531 0.447917 0.44375 0.44375 0.44375 0.442708 0.442969 0.441667 0.442969 0.440625 0.442187 0.439583 0.442187 0.438542 0.441406 0.436458 0.441406 0.435417 0.440625 0.434375 0.440625 0.43125 0.438281 0.43125 0.436719 0.429167 0.435156 0.429167 0.442187 0.430208 0.442187 0.435417 0.446094 0.436458 0.446094 0.4375 0.446875 0.438542 0.446875 0.440625 0.448438 0.44375 0.448438 0.444792 0.449219 0.446875 0.449219 0.447917 0.45 0.448958 0.45 0.45 0.450781 0.452083 0.450781 0.453125 0.451562 0.460417 0.451562 0.461458 0.452344 0.469792 0.452344 0.470833 0.453125 0.49375 0.453125 0.494792 0.452344 0.505208 0.452344 0.50625 0.451562 0.5125 0.451562 0.513542 0.450781 0.515625 0.450781 0.516667 0.45 0.517708 0.45 0.51875 0.449219 0.521875 0.449219 0.522917 0.448438 0.526042 0.448438 0.527083 0.447656 0.528125 0.447656 0.530208 0.446094 0.53125 0.446094 0.532292 0.445312 0.533333 0.445312 0.536458 0.442969 0.536458 0.442187 0.5375 0.441406 0.5375 0.434375 0.886463
2 0.429167 0.388281 0.429167 0.396094 0.43125 0.396094 0.433333 0.397656 0.434375 0.397656 0.435417 0.398438 0.438542 0.398438 0.439583 0.399219 0.441667 0.399219 0.442708 0.4 0.446875 0.4 0.447917 0.400781 0.452083 0.400781 0.453125 0.401563 0.459375 0.401563 0.460417 0.402344 0.475 0.402344 0.476042 0.403125 0.488542 0.403125 0.489583 0.402344 0.50625 0.402344 0.507292 0.401563 0.515625 0.401563 0.516667 0.400781 0.519792 0.400781 0.520833 0.4 0.521875 0.4 0.522917 0.399219 0.526042 0.399219 0.527083 0.398438 0.530208 0.398438 0.53125 0.397656 0.532292 0.397656 0.532292 0.396875 0.533333 0.396094 0.534375 0.396094 0.535417 0.395312 0.535417 0.392969 0.536458 0.392188 0.534375 0.392188 0.532292 0.39375 0.53125 0.39375 0.530208 0.394531 0.521875 0.394531 0.520833 0.395312 0.51875 0.395312 0.517708 0.396094 0.515625 0.396094 0.514583 0.396875 0.509375 0.396875 0.508333 0.397656 0.4625 0.397656 0.461458 0.396875 0.45625 0.396875 0.455208 0.396094 0.452083 0.396094 0.451042 0.395312 0.446875 0.395312 0.445833 0.394531 0.441667 0.394531 0.440625 0.39375 0.438542 0.39375 0.436458 0.392188 0.435417 0.392188 0.434375 0.391406 0.433333 0.391406 0.884589
2 0.429167 0.349219 0.429167 0.355469 0.430208 0.355469 0.432292 0.357031 0.433333 0.357031 0.434375 0.357812 0.436458 0.357812 0.4375 0.358594 0.439583 0.358594 0.440625 0.359375 0.44375 0.359375 0.444792 0.360156 0.445833 0.360156 0.446875 0.360938 0.452083 0.360938 0.453125 0.361719 0.45625 0.361719 0.457292 0.3625 0.464583 0.3625 0.465625 0.363281 0.505208 0.363281 0.50625 0.3625 0.511458 0.3625 0.5125 0.361719 0.51875 0.361719 0.519792 0.360938 0.527083 0.360938 0.528125 0.360156 0.53125 0.360156 0.532292 0.359375 0.533333 0.359375 0.534375 0.358594 0.536458 0.358594 0.5375 0.357812 0.538542 0.357812 0.540625 0.35625 0.540625 0.349219 0.5375 0.349219 0.5375 0.351562 0.536458 0.352344 0.534375 0.352344 0.533333 0.353125 0.530208 0.353125 0.529167 0.353906 0.523958 0.353906 0.522917 0.354688 0.519792 0.354688 0.51875 0.355469 0.515625 0.355469 0.514583 0.35625 0.45625 0.35625 0.455208 0.355469 0.453125 0.355469 0.452083 0.354688 0.45 0.354688 0.448958 0.353906 0.446875 0.353906 0.445833 0.353125 0.44375 0.353125 0.442708 0.352344 0.440625 0.352344 0.439583 0.351562 0.438542 0.351562 0.4375 0.350781 0.435417 0.350781 0.434375 0.35 0.433333 0.35 0.432292 0.349219 0.858427
2 0.434375 0.329688 0.433333 0.330469 0.430208 0.330469 0.429167 0.33125 0.428125 0.33125 0.427083 0.332031 0.426042 0.332031 0.425 0.332812 0.423958 0.332812 0.423958 0.342969 0.426042 0.342969 0.427083 0.34375 0.433333 0.34375 0.434375 0.344531 0.438542 0.344531 0.439583 0.345313 0.44375 0.345313 0.444792 0.346094 0.451042 0.346094 0.452083 0.346875 0.4625 0.346875 0.463542 0.347656 0.473958 0.347656 0.475 0.348437 0.477083 0.348437 0.478125 0.347656 0.5 0.347656 0.501042 0.346875 0.509375 0.346875 0.510417 0.346094 0.519792 0.346094 0.520833 0.345313 0.528125 0.345313 0.529167 0.344531 0.532292 0.344531 0.534375 0.342969 0.535417 0.342969 0.536458 0.342187 0.5375 0.342187 0.5375 0.335156 0.536458 0.334375 0.536458 0.333594 0.535417 0.332812 0.534375 0.332812 0.532292 0.33125 0.529167 0.33125 0.528125 0.330469 0.523958 0.330469 0.522917 0.329688 0.857365
2 0.427083 0.39375 0.427083 0.402344 0.428125 0.402344 0.43125 0.404687 0.433333 0.404687 0.434375 0.405469 0.439583 0.405469 0.440625 0.40625 0.441667 0.40625 0.442708 0.407031 0.444792 0.407031 0.445833 0.407813 0.452083 0.407813 0.453125 0.408594 0.460417 0.408594 0.461458 0.409375 0.472917 0.409375 0.473958 0.410156 0.483333 0.410156 0.484375 0.409375 0.502083 0.409375 0.503125 0.408594 0.514583 0.408594 0.515625 0.407813 0.520833 0.407813 0.521875 0.407031 0.522917 0.407031 0.523958 0.40625 0.525 0.40625 0.526042 0.405469 0.528125 0.405469 0.529167 0.404687 0.53125 0.404687 0.536458 0.400781 0.536458 0.396875 0.535417 0.396875 0.534375 0.397656 0.533333 0.397656 0.530208 0.4 0.528125 0.4 0.527083 0.400781 0.521875 0.400781 0.520833 0.401563 0.519792 0.401563 0.51875 0.402344 0.517708 0.402344 0.516667 0.403125 0.511458 0.403125 0.510417 0.403906 0.492708 0.403906 0.491667 0.404687 0.467708 0.404687 0.466667 0.403906 0.45625 0.403906 0.455208 0.403125 0.452083 0.403125 0.451042 0.402344 0.45 0.402344 0.448958 0.401563 0.446875 0.401563 0.445833 0.400781 0.440625 0.400781 0.439583 0.4 0.4375 0.4 0.435417 0.398438 0.434375 0.398438 0.433333 0.397656 0.432292 0.397656 0.428125 0.394531 0.428125 0.39375 0.849382
2 0.427083 0.332031 0.427083 0.348437 0.428125 0.348437 0.429167 0.349219 0.432292 0.349219 0.433333 0.35 0.538542 0.35 0.538542 0.3375 0.5375 0.336719 0.5375 0.335156 0.533333 0.332031 0.841543
2 0.427083 0.427344 0.427083 0.438281 0.429167 0.438281 0.430208 0.439063 0.432292 0.439063 0.433333 0.439844 0.435417 0.439844 0.4375 0.441406 0.438542 0.441406 0.439583 0.442187 0.444792 0.442187 0.445833 0.442969 0.448958 0.442969 0.45 0.44375 0.451042 0.44375 0.453125 0.445312 0.452083 0.446094 0.451042 0.446094 0.461458 0.446094 0.4625 0.445312 0.471875 0.445312 0.472917 0.446094 0.495833 0.446094 0.496875 0.445312 0.509375 0.445312 0.510417 0.444531 0.513542 0.444531 0.514583 0.44375 0.515625 0.44375 0.516667 0.442969 0.51875 0.442969 0.519792 0.442187 0.525 0.442187 0.526042 0.441406 0.527083 0.441406 0.529167 0.439844 0.530208 0.439844 0.53125 0.439063 0.532292 0.439063 0.536458 0.435937 0.536458 0.427344 0.532292 0.427344 0.533333 0.428125 0.533333 0.429688 0.532292 0.430469 0.532292 0.43125 0.528125 0.434375 0.526042 0.434375 0.525 0.435156 0.521875 0.435156 0.520833 0.435937 0.519792 0.435937 0.51875 0.436719 0.516667 0.436719 0.515625 0.4375 0.510417 0.4375 0.509375 0.438281 0.5 0.438281 0.498958 0.439063 0.464583 0.439063 0.463542 0.438281 0.447917 0.438281 0.446875 0.4375 0.44375 0.4375 0.442708 0.436719 0.441667 0.436719 0.440625 0.435937 0.438542 0.435937 0.4375 0.435156 0.435417 0.435156 0.434375 0.434375 0.433333 0.434375 0.430208 0.432031 0.430208 0.43125 0.428125 0.429688 0.428125 0.428906 0.427083 0.428125 0.830803
2 0.429167 0.367969 0.429167 0.373437 0.430208 0.373437 0.43125 0.374219 0.432292 0.374219 0.434375 0.375781 0.435417 0.375781 0.436458 0.376563 0.439583 0.376563 0.442708 0.378906 0.44375 0.378906 0.444792 0.379687 0.448958 0.379687 0.45 0.380469 0.455208 0.380469 0.45625 0.38125 0.4625 0.38125 0.463542 0.382031 0.466667 0.382031 0.467708 0.382812 0.479167 0.382812 0.480208 0.383594 0.496875 0.383594 0.497917 0.382812 0.510417 0.382812 0.511458 0.382031 0.5125 0.382031 0.513542 0.38125 0.516667 0.38125 0.517708 0.380469 0.527083 0.380469 0.528125 0.379687 0.532292 0.379687 0.533333 0.378906 0.534375 0.378906 0.5375 0.376563 0.538542 0.376563 0.542708 0.373437 0.54375 0.373437 0.54375 0.367969 0.538542 0.367969 0.536458 0.369531 0.534375 0.369531 0.533333 0.370313 0.530208 0.370313 0.532292 0.371875 0.532292 0.373437 0.53125 0.374219 0.528125 0.374219 0.527083 0.375 0.520833 0.375 0.519792 0.375781 0.509375 0.375781 0.508333 0.376563 0.504167 0.376563 0.503125 0.377344 0.480208 0.377344 0.479167 0.376563 0.469792 0.376563 0.46875 0.375781 0.452083 0.375781 0.451042 0.375 0.448958 0.375 0.447917 0.374219 0.446875 0.374219 0.44375 0.371875 0.442708 0.371875 0.441667 0.371094 0.440625 0.371094 0.438542 0.369531 0.438542 0.367969 0.781708
2 0.426042 0.407031 0.426042 0.414844 0.427083 0.414844 0.428125 0.415625 0.429167 0.415625 0.430208 0.416406 0.43125 0.416406 0.432292 0.417188 0.433333 0.417188 0.434375 0.417969 0.434375 0.41875 0.435417 0.419531 0.436458 0.419531 0.4375 0.420312 0.440625 0.420312 0.441667 0.421094 0.444792 0.421094 0.445833 0.421875 0.446875 0.421875 0.447917 0.422656 0.45 0.422656 0.451042 0.423438 0.457292 0.423438 0.458333 0.424219 0.502083 0.424219 0.503125 0.423438 0.507292 0.423438 0.508333 0.422656 0.509375 0.422656 0.510417 0.421875 0.5125 0.421875 0.513542 0.421094 0.515625 0.421094 0.516667 0.420312 0.520833 0.420312 0.521875 0.419531 0.522917 0.419531 0.525 0.417969 0.526042 0.417969 0.527083 0.417188 0.528125 0.417188 0.529167 0.416406 0.530208 0.416406 0.530208 0.415625 0.53125 0.414844 0.53125 0.413281 0.534375 0.410937 0.534375 0.407813 0.533333 0.407813 0.532292 0.408594 0.53125 0.408594 0.53125 0.409375 0.530208 0.410156 0.530208 0.410937 0.528125 0.4125 0.526042 0.4125 0.525 0.413281 0.522917 0.413281 0.519792 0.415625 0.51875 0.415625 0.517708 0.416406 0.509375 0.416406 0.508333 0.417188 0.498958 0.417188 0.497917 0.417969 0.489583 0.417969 0.488542 0.41875 0.467708 0.41875 0.466667 0.417969 0.4625 0.417969 0.461458 0.417188 0.448958 0.417188 0.447917 0.416406 0.440625 0.416406 0.4375 0.414062 0.435417 0.414062 0.434375 0.413281 0.432292 0.413281 0.43125 0.4125 0.430208 0.4125 0.428125 0.410937 0.428125 0.410156 0.427083 0.409375 0.427083 0.408594 0.426042 0.407813 0.739367
2 0.534375 0.410937 0.534375 0.410937 0.532292 0.4125 0.530208 0.4125 0.529167 0.413281 0.526042 0.413281 0.525 0.414062 0.523958 0.414062 0.521875 0.415625 0.520833 0.415625 0.519792 0.416406 0.5125 0.416406 0.511458 0.417188 0.50625 0.417188 0.505208 0.417969 0.501042 0.417969 0.5 0.41875 0.491667 0.41875 0.490625 0.419531 0.466667 0.419531 0.465625 0.41875 0.460417 0.41875 0.459375 0.417969 0.455208 0.417969 0.454167 0.417188 0.445833 0.417188 0.444792 0.416406 0.439583 0.416406 0.438542 0.415625 0.4375 0.415625 0.435417 0.414062 0.433333 0.414062 0.432292 0.413281 0.430208 0.413281 0.429167 0.4125 0.428125 0.4125 0.427083 0.411719 0.427083 0.410937 0.427083 0.417188 0.428125 0.417188 0.429167 0.417969 0.430208 0.417969 0.433333 0.420312 0.435417 0.420312 0.436458 0.421094 0.438542 0.421094 0.439583 0.421875 0.441667 0.421875 0.444792 0.424219 0.445833 0.424219 0.446875 0.425 0.453125 0.425 0.454167 0.425781 0.457292 0.425781 0.458333 0.425 0.461458 0.425 0.4625 0.425781 0.498958 0.425781 0.5 0.425 0.509375 0.425 0.510417 0.424219 0.511458 0.424219 0.514583 0.421875 0.516667 0.421875 0.517708 0.421094 0.522917 0.421094 0.523958 0.420312 0.525 0.420312 0.528125 0.417969 0.530208 0.417969 0.53125 0.417188 0.53125 0.416406 0.532292 0.415625 0.532292 0.414062 0.533333 0.413281 0.532292 0.4125 0.738007
2 0.428125 0.353906 0.428125 0.355469 0.430208 0.357031 0.43125 0.357031 0.432292 0.357812 0.433333 0.357812 0.435417 0.359375 0.436458 0.359375 0.441667 0.363281 0.442708 0.363281 0.44375 0.364062 0.445833 0.364062 0.447917 0.365625 0.448958 0.365625 0.45 0.366406 0.452083 0.366406 0.453125 0.367188 0.459375 0.367188 0.460417 0.367969 0.466667 0.367969 0.467708 0.36875 0.4875 0.36875 0.488542 0.369531 0.489583 0.36875 0.50625 0.36875 0.507292 0.367969 0.515625 0.367969 0.516667 0.367188 0.522917 0.367188 0.523958 0.366406 0.528125 0.366406 0.528125 0.365625 0.53125 0.363281 0.539583 0.363281 0.539583 0.361719 0.542708 0.359375 0.542708 0.358594 0.54375 0.357812 0.54375 0.353906 0.53125 0.353906 0.530208 0.354688 0.526042 0.354688 0.525 0.355469 0.523958 0.355469 0.522917 0.35625 0.517708 0.35625 0.516667 0.357031 0.45625 0.357031 0.455208 0.357812 0.451042 0.357812 0.451042 0.358594 0.45 0.359375 0.445833 0.359375 0.444792 0.358594 0.442708 0.358594 0.441667 0.357812 0.444792 0.355469 0.444792 0.354688 0.44375 0.353906 0.719818
2 0.498958 0.385938 0.496875 0.385938 0.498958 0.385938 0.504167 0.385938 0.505208 0.386719 0.505208 0.388281 0.503125 0.389844 0.49375 0.389844 0.492708 0.390625 0.473958 0.390625 0.472917 0.389844 0.466667 0.389844 0.465625 0.389062 0.4625 0.389062 0.461458 0.388281 0.455208 0.388281 0.454167 0.3875 0.446875 0.3875 0.445833 0.386719 0.442708 0.386719 0.441667 0.385938 0.441667 0.385156 0.440625 0.384375 0.440625 0.383594 0.4375 0.383594 0.436458 0.382812 0.435417 0.382812 0.434375 0.382031 0.434375 0.379687 0.429167 0.379687 0.429167 0.389062 0.430208 0.389844 0.43125 0.389844 0.432292 0.390625 0.433333 0.390625 0.434375 0.391406 0.435417 0.391406 0.436458 0.392188 0.438542 0.392188 0.439583 0.392969 0.44375 0.392969 0.444792 0.39375 0.448958 0.39375 0.45 0.394531 0.452083 0.394531 0.453125 0.395312 0.461458 0.395312 0.4625 0.396094 0.502083 0.396094 0.503125 0.395312 0.513542 0.395312 0.514583 0.394531 0.517708 0.394531 0.51875 0.39375 0.521875 0.39375 0.522917 0.392969 0.530208 0.392969 0.53125 0.392188 0.534375 0.392188 0.539583 0.388281 0.539583 0.3875 0.542708 0.385156 0.542708 0.379687 0.539583 0.379687 0.539583 0.380469 0.536458 0.382812 0.534375 0.382812 0.533333 0.383594 0.532292 0.383594 0.532292 0.384375 0.53125 0.385156 0.530208 0.385156 0.529167 0.385938 0.527083 0.385938 0.526042 0.386719 0.519792 0.386719 0.51875 0.3875 0.516667 0.3875 0.515625 0.386719 0.507292 0.386719 0.50625 0.385938 0.504167 0.385938 0.651035
2 0.425 0.414062 0.425 0.421875 0.426042 0.421875 0.427083 0.422656 0.429167 0.422656 0.430208 0.423438 0.432292 0.423438 0.434375 0.425 0.434375 0.425781 0.4375 0.425781 0.438542 0.426562 0.44375 0.426562 0.444792 0.427344 0.444792 0.428125 0.445833 0.428906 0.446875 0.428906 0.447917 0.429688 0.453125 0.429688 0.454167 0.430469 0.463542 0.430469 0.464583 0.43125 0.497917 0.43125 0.498958 0.430469 0.507292 0.430469 0.508333 0.429688 0.511458 0.429688 0.5125 0.428906 0.514583 0.428906 0.516667 0.427344 0.517708 0.427344 0.51875 0.426562 0.522917 0.426562 0.523958 0.425781 0.525 0.425781 0.528125 0.423438 0.529167 0.423438 0.530208 0.422656 0.530208 0.421875 0.53125 0.421094 0.53125 0.419531 0.527083 0.419531 0.526042 0.420312 0.525 0.420312 0.525 0.421094 0.523958 0.421875 0.522917 0.421875 0.521875 0.422656 0.51875 0.422656 0.517708 0.423438 0.5125 0.423438 0.511458 0.424219 0.510417 0.424219 0.509375 0.425 0.507292 0.425 0.50625 0.425781 0.495833 0.425781 0.494792 0.426562 0.465625 0.426562 0.464583 0.425781 0.446875 0.425781 0.445833 0.425 0.444792 0.425 0.442708 0.423438 0.436458 0.423438 0.435417 0.422656 0.433333 0.422656 0.43125 0.421094 0.43125 0.420312 0.427083 0.417188 0.427083 0.415625 0.649583
2 0.43125 0.445312 0.43125 0.451562 0.432292 0.451562 0.435417 0.453906 0.436458 0.453906 0.438542 0.455469 0.440625 0.455469 0.442708 0.457031 0.44375 0.457031 0.444792 0.457812 0.446875 0.457812 0.447917 0.458594 0.452083 0.458594 0.453125 0.459375 0.45625 0.459375 0.457292 0.460156 0.460417 0.460156 0.461458 0.460938 0.50625 0.460938 0.507292 0.460156 0.5125 0.460156 0.513542 0.459375 0.517708 0.459375 0.51875 0.458594 0.521875 0.458594 0.522917 0.457812 0.525 0.457812 0.526042 0.457031 0.527083 0.457031 0.529167 0.455469 0.530208 0.455469 0.53125 0.454688 0.532292 0.454688 0.533333 0.453906 0.533333 0.453125 0.5375 0.45 0.5375 0.449219 0.538542 0.448438 0.539583 0.448438 0.539583 0.445312 0.538542 0.445312 0.5375 0.446094 0.535417 0.446094 0.533333 0.447656 0.532292 0.447656 0.53125 0.448438 0.530208 0.448438 0.528125 0.45 0.526042 0.45 0.525 0.450781 0.521875 0.450781 0.520833 0.451562 0.515625 0.451562 0.514583 0.452344 0.511458 0.452344 0.510417 0.453125 0.50625 0.453125 0.505208 0.453906 0.496875 0.453906 0.495833 0.454688 0.467708 0.454688 0.466667 0.453906 0.458333 0.453906 0.457292 0.453125 0.454167 0.453125 0.453125 0.452344 0.451042 0.452344 0.45 0.451562 0.445833 0.451562 0.444792 0.450781 0.440625 0.450781 0.439583 0.45 0.438542 0.45 0.435417 0.447656 0.434375 0.447656 0.433333 0.446875 0.432292 0.446875 0.43125 0.446094 0.640876
2 0.53125 0.421094 0.53125 0.421875 0.530208 0.422656 0.530208 0.423438 0.527083 0.425781 0.526042 0.425781 0.522917 0.428125 0.520833 0.428125 0.519792 0.428906 0.515625 0.428906 0.514583 0.429688 0.5125 0.429688 0.511458 0.430469 0.508333 0.430469 0.507292 0.43125 0.504167 0.43125 0.503125 0.432031 0.485417 0.432031 0.484375 0.432813 0.483333 0.432031 0.458333 0.432031 0.457292 0.43125 0.45 0.43125 0.448958 0.430469 0.446875 0.430469 0.445833 0.429688 0.44375 0.429688 0.442708 0.428906 0.438542 0.428906 0.4375 0.428125 0.436458 0.428125 0.434375 0.426562 0.433333 0.426562 0.429167 0.423438 0.429167 0.422656 0.428125 0.421875 0.428125 0.429688 0.432292 0.432813 0.434375 0.432813 0.435417 0.433594 0.4375 0.433594 0.438542 0.434375 0.439583 0.434375 0.440625 0.435156 0.442708 0.435156 0.44375 0.435937 0.447917 0.435937 0.448958 0.436719 0.454167 0.436719 0.455208 0.4375 0.4625 0.4375 0.463542 0.438281 0.498958 0.438281 0.5 0.4375 0.507292 0.4375 0.508333 0.436719 0.5125 0.436719 0.513542 0.435937 0.517708 0.435937 0.51875 0.435156 0.520833 0.435156 0.521875 0.434375 0.522917 0.434375 0.523958 0.433594 0.525 0.433594 0.526042 0.432813 0.528125 0.432813 0.529167 0.432031 0.530208 0.432031 0.530208 0.43125 0.53125 0.430469 0.53125 0.429688 0.532292 0.428906 0.532292 0.428125 0.534375 0.426562 0.534375 0.423438 0.628809
2 0.535417 0.424219 0.534375 0.425 0.533333 0.425 0.532292 0.425781 0.53125 0.425781 0.527083 0.428906 0.522917 0.428906 0.521875 0.429688 0.519792 0.429688 0.519792 0.43125 0.520833 0.432031 0.519792 0.432813 0.517708 0.432813 0.516667 0.432031 0.5125 0.432031 0.511458 0.432813 0.503125 0.432813 0.50625 0.432813 0.507292 0.433594 0.511458 0.433594 0.5125 0.434375 0.513542 0.434375 0.514583 0.435156 0.513542 0.435937 0.5125 0.435937 0.511458 0.436719 0.505208 0.436719 0.504167 0.4375 0.479167 0.4375 0.478125 0.438281 0.466667 0.438281 0.465625 0.4375 0.451042 0.4375 0.45 0.436719 0.446875 0.436719 0.445833 0.435937 0.444792 0.435937 0.44375 0.435156 0.441667 0.435156 0.440625 0.434375 0.438542 0.434375 0.4375 0.433594 0.436458 0.433594 0.434375 0.432031 0.434375 0.429688 0.433333 0.429688 0.428125 0.425781 0.428125 0.435937 0.43125 0.438281 0.432292 0.438281 0.433333 0.439063 0.436458 0.439063 0.4375 0.439844 0.438542 0.439844 0.439583 0.440625 0.440625 0.440625 0.441667 0.441406 0.44375 0.441406 0.444792 0.442187 0.448958 0.442187 0.45 0.442969 0.453125 0.442969 0.454167 0.44375 0.457292 0.44375 0.458333 0.444531 0.508333 0.444531 0.509375 0.44375 0.5125 0.44375 0.513542 0.442969 0.515625 0.442969 0.516667 0.442187 0.520833 0.442187 0.521875 0.441406 0.523958 0.441406 0.525 0.440625 0.526042 0.440625 0.528125 0.439063 0.530208 0.439063 0.53125 0.438281 0.53125 0.4375 0.533333 0.435937 0.534375 0.435937 0.535417 0.435156 0.597769
2 0.425 0.342187 0.425 0.350781 0.426042 0.350781 0.427083 0.351562 0.43125 0.351562 0.432292 0.352344 0.436458 0.352344 0.4375 0.353125 0.444792 0.353125 0.447917 0.355469 0.452083 0.355469 0.453125 0.35625 0.470833 0.35625 0.471875 0.357031 0.473958 0.357031 0.475 0.35625 0.477083 0.35625 0.478125 0.357031 0.489583 0.357031 0.490625 0.35625 0.50625 0.35625 0.507292 0.355469 0.51875 0.355469 0.519792 0.354688 0.523958 0.354688 0.525 0.353906 0.53125 0.353906 0.532292 0.353125 0.534375 0.353125 0.535417 0.352344 0.5375 0.352344 0.538542 0.351562 0.539583 0.351562 0.542708 0.349219 0.542708 0.342187 0.5375 0.342187 0.536458 0.342969 0.535417 0.342969 0.534375 0.34375 0.533333 0.34375 0.53125 0.345313 0.530208 0.345313 0.529167 0.346094 0.525 0.346094 0.523958 0.346875 0.516667 0.346875 0.515625 0.347656 0.503125 0.347656 0.502083 0.348437 0.484375 0.348437 0.483333 0.349219 0.471875 0.349219 0.470833 0.348437 0.4625 0.348437 0.461458 0.347656 0.45 0.347656 0.448958 0.346875 0.442708 0.346875 0.441667 0.346094 0.438542 0.346094 0.4375 0.345313 0.435417 0.345313 0.434375 0.344531 0.433333 0.344531 0.432292 0.34375 0.430208 0.34375 0.428125 0.342187 0.560853
2 0.428125 0.423438 0.428125 0.43125 0.430208 0.432813 0.43125 0.432813 0.432292 0.433594 0.433333 0.433594 0.434375 0.434375 0.435417 0.434375 0.436458 0.435156 0.4375 0.435156 0.438542 0.435937 0.44375 0.435937 0.444792 0.436719 0.448958 0.436719 0.45 0.4375 0.454167 0.4375 0.45625 0.439063 0.50625 0.439063 0.50625 0.438281 0.507292 0.4375 0.510417 0.4375 0.511458 0.436719 0.515625 0.436719 0.516667 0.435937 0.520833 0.435937 0.521875 0.435156 0.522917 0.435156 0.523958 0.434375 0.525 0.434375 0.526042 0.433594 0.527083 0.433594 0.528125 0.432813 0.530208 0.432813 0.53125 0.432031 0.532292 0.432031 0.532292 0.43125 0.534375 0.429688 0.534375 0.428906 0.535417 0.428125 0.535417 0.427344 0.536458 0.426562 0.536458 0.425781 0.535417 0.425 0.535417 0.423438 0.53125 0.423438 0.528125 0.425781 0.527083 0.425781 0.523958 0.428125 0.521875 0.428125 0.520833 0.428906 0.517708 0.428906 0.516667 0.429688 0.513542 0.429688 0.5125 0.430469 0.510417 0.430469 0.509375 0.43125 0.505208 0.43125 0.504167 0.432031 0.49375 0.432031 0.492708 0.432813 0.475 0.432813 0.473958 0.432031 0.45625 0.432031 0.455208 0.43125 0.448958 0.43125 0.447917 0.430469 0.445833 0.430469 0.444792 0.429688 0.441667 0.429688 0.440625 0.428906 0.4375 0.428906 0.436458 0.428125 0.435417 0.428125 0.434375 0.427344 0.433333 0.427344 0.463625
2 0.430208 0.444531 0.430208 0.45 0.432292 0.451562 0.433333 0.451562 0.4375 0.454688 0.438542 0.454688 0.439583 0.455469 0.440625 0.455469 0.441667 0.45625 0.442708 0.45625 0.444792 0.457812 0.446875 0.457812 0.447917 0.458594 0.453125 0.458594 0.454167 0.459375 0.457292 0.459375 0.458333 0.460156 0.461458 0.460156 0.4625 0.460938 0.50625 0.460938 0.507292 0.460156 0.511458 0.460156 0.5125 0.459375 0.516667 0.459375 0.517708 0.458594 0.520833 0.458594 0.521875 0.457812 0.523958 0.457812 0.525 0.457031 0.526042 0.457031 0.527083 0.45625 0.528125 0.45625 0.529167 0.455469 0.530208 0.455469 0.536458 0.450781 0.536458 0.45 0.538542 0.448438 0.538542 0.444531 0.536458 0.446094 0.535417 0.446094 0.533333 0.447656 0.532292 0.447656 0.53125 0.448438 0.530208 0.448438 0.528125 0.45 0.526042 0.45 0.525 0.450781 0.521875 0.450781 0.520833 0.451562 0.515625 0.451562 0.514583 0.452344 0.511458 0.452344 0.510417 0.453125 0.505208 0.453125 0.504167 0.453906 0.495833 0.453906 0.494792 0.454688 0.46875 0.454688 0.467708 0.453906 0.458333 0.453906 0.457292 0.453125 0.454167 0.453125 0.453125 0.452344 0.451042 0.452344 0.45 0.451562 0.445833 0.451562 0.444792 0.450781 0.440625 0.450781 0.439583 0.45 0.438542 0.45 0.435417 0.447656 0.434375 0.447656 0.43125 0.445312 0.43125 0.444531 0.446881
2 0.427083 0.339063 0.427083 0.35 0.43125 0.35 0.432292 0.350781 0.435417 0.350781 0.436458 0.351562 0.439583 0.351562 0.440625 0.352344 0.444792 0.352344 0.445833 0.353125 0.447917 0.353125 0.448958 0.353906 0.45 0.353906 0.451042 0.354688 0.520833 0.354688 0.521875 0.353906 0.525 0.353906 0.526042 0.353125 0.53125 0.353125 0.532292 0.352344 0.535417 0.352344 0.536458 0.351562 0.5375 0.351562 0.538542 0.350781 0.539583 0.350781 0.539583 0.339063 0.538542 0.339063 0.5375 0.339844 0.5375 0.341406 0.535417 0.342969 0.533333 0.342969 0.53125 0.344531 0.530208 0.344531 0.529167 0.345313 0.528125 0.345313 0.527083 0.346094 0.519792 0.346094 0.51875 0.346875 0.507292 0.346875 0.50625 0.347656 0.495833 0.347656 0.494792 0.348437 0.471875 0.348437 0.470833 0.347656 0.459375 0.347656 0.458333 0.346875 0.447917 0.346875 0.446875 0.346094 0.441667 0.346094 0.440625 0.345313 0.438542 0.345313 0.4375 0.344531 0.436458 0.344531 0.435417 0.34375 0.434375 0.34375 0.433333 0.342969 0.432292 0.342969 0.43125 0.342187 0.43125 0.341406 0.432292 0.340625 0.435417 0.340625 0.436458 0.339844 0.490625 0.339844 0.491667 0.339063 0.504167 0.339063 0.442884
2 0.425 0.400781 0.425 0.409375 0.426042 0.409375 0.428125 0.410937 0.429167 0.410937 0.430208 0.411719 0.433333 0.411719 0.434375 0.4125 0.435417 0.4125 0.436458 0.413281 0.4375 0.413281 0.438542 0.414062 0.442708 0.414062 0.44375 0.414844 0.452083 0.414844 0.453125 0.415625 0.459375 0.415625 0.460417 0.416406 0.463542 0.416406 0.464583 0.417188 0.469792 0.417188 0.470833 0.417969 0.491667 0.417969 0.492708 0.417188 0.495833 0.417188 0.496875 0.416406 0.5 0.416406 0.501042 0.415625 0.50625 0.415625 0.507292 0.414844 0.514583 0.414844 0.515625 0.414062 0.520833 0.414062 0.521875 0.413281 0.522917 0.413281 0.525 0.411719 0.528125 0.411719 0.529167 0.410937 0.53125 0.410937 0.532292 0.410156 0.532292 0.409375 0.535417 0.407031 0.535417 0.403906 0.534375 0.403906 0.534375 0.404687 0.532292 0.40625 0.530208 0.40625 0.529167 0.407031 0.525 0.407031 0.523958 0.407813 0.522917 0.407813 0.520833 0.409375 0.517708 0.409375 0.516667 0.410156 0.505208 0.410156 0.504167 0.410937 0.457292 0.410937 0.45625 0.410156 0.448958 0.410156 0.447917 0.409375 0.445833 0.409375 0.44375 0.407813 0.441667 0.407813 0.440625 0.407031 0.435417 0.407031 0.434375 0.40625 0.433333 0.40625 0.432292 0.405469 0.432292 0.404687 0.427083 0.400781 0.392456
2 0.429167 0.38125 0.429167 0.389844 0.430208 0.390625 0.432292 0.390625 0.433333 0.391406 0.434375 0.391406 0.435417 0.392188 0.436458 0.392188 0.4375 0.392969 0.441667 0.392969 0.442708 0.39375 0.446875 0.39375 0.447917 0.394531 0.448958 0.394531 0.45 0.395312 0.448958 0.396094 0.447917 0.396094 0.446875 0.396875 0.444792 0.396875 0.44375 0.397656 0.442708 0.397656 0.452083 0.397656 0.452083 0.396875 0.454167 0.395312 0.458333 0.395312 0.459375 0.396094 0.502083 0.396094 0.503125 0.395312 0.515625 0.395312 0.516667 0.394531 0.51875 0.394531 0.519792 0.39375 0.522917 0.39375 0.523958 0.392969 0.53125 0.392969 0.532292 0.392188 0.534375 0.392188 0.5375 0.389844 0.538542 0.389844 0.539583 0.389062 0.539583 0.3875 0.541667 0.385938 0.541667 0.38125 0.541667 0.382812 0.539583 0.384375 0.5375 0.384375 0.536458 0.385156 0.535417 0.385156 0.533333 0.386719 0.532292 0.386719 0.53125 0.3875 0.526042 0.3875 0.525 0.388281 0.517708 0.388281 0.516667 0.389062 0.513542 0.389062 0.5125 0.389844 0.509375 0.389844 0.508333 0.390625 0.497917 0.390625 0.496875 0.391406 0.471875 0.391406 0.470833 0.390625 0.463542 0.390625 0.4625 0.389844 0.460417 0.389844 0.459375 0.389062 0.455208 0.389062 0.454167 0.388281 0.445833 0.388281 0.444792 0.3875 0.441667 0.3875 0.4375 0.384375 0.435417 0.384375 0.432292 0.382031 0.432292 0.38125 0.382906
2 0.429167 0.435937 0.429167 0.442187 0.434375 0.446094 0.436458 0.446094 0.438542 0.447656 0.439583 0.447656 0.440625 0.448438 0.442708 0.448438 0.44375 0.449219 0.445833 0.449219 0.446875 0.45 0.448958 0.45 0.451042 0.451562 0.458333 0.451562 0.459375 0.452344 0.466667 0.452344 0.467708 0.453125 0.498958 0.453125 0.5 0.452344 0.507292 0.452344 0.508333 0.451562 0.513542 0.451562 0.514583 0.450781 0.516667 0.450781 0.517708 0.45 0.51875 0.45 0.519792 0.449219 0.522917 0.449219 0.523958 0.448438 0.527083 0.448438 0.529167 0.446875 0.530208 0.446875 0.53125 0.446094 0.532292 0.446094 0.533333 0.445312 0.534375 0.445312 0.535417 0.444531 0.535417 0.44375 0.5375 0.442187 0.5375 0.435937 0.535417 0.435937 0.534375 0.436719 0.534375 0.438281 0.53125 0.440625 0.530208 0.440625 0.529167 0.441406 0.528125 0.441406 0.526042 0.442969 0.522917 0.442969 0.521875 0.44375 0.51875 0.44375 0.517708 0.444531 0.513542 0.444531 0.5125 0.445312 0.508333 0.445312 0.507292 0.446094 0.496875 0.446094 0.495833 0.446875 0.475 0.446875 0.473958 0.446094 0.460417 0.446094 0.459375 0.445312 0.453125 0.445312 0.452083 0.444531 0.446875 0.444531 0.445833 0.44375 0.441667 0.44375 0.439583 0.442187 0.438542 0.442187 0.4375 0.441406 0.435417 0.441406 0.434375 0.440625 0.433333 0.440625 0.43125 0.439063 0.43125 0.438281 0.430208 0.4375 0.430208 0.436719 0.37276
2 0.522917 0.357812 0.521875 0.357812 0.520833 0.357031 0.5 0.357031 0.498958 0.357812 0.485417 0.357812 0.522917 0.357812 0.527083 0.360156 0.523958 0.3625 0.51875 0.3625 0.517708 0.363281 0.494792 0.363281 0.49375 0.364062 0.482292 0.364062 0.48125 0.363281 0.459375 0.363281 0.458333 0.3625 0.451042 0.3625 0.45 0.361719 0.448958 0.361719 0.447917 0.360938 0.446875 0.360938 0.445833 0.360156 0.44375 0.360156 0.442708 0.359375 0.439583 0.359375 0.438542 0.358594 0.4375 0.358594 0.43125 0.353906 0.429167 0.353906 0.429167 0.357031 0.430208 0.357812 0.43125 0.357812 0.432292 0.358594 0.433333 0.358594 0.434375 0.359375 0.434375 0.360156 0.435417 0.360156 0.438542 0.3625 0.438542 0.363281 0.440625 0.363281 0.441667 0.364062 0.44375 0.364062 0.444792 0.364844 0.445833 0.364844 0.447917 0.366406 0.452083 0.366406 0.453125 0.367188 0.459375 0.367188 0.460417 0.367969 0.465625 0.367969 0.466667 0.36875 0.473958 0.36875 0.475 0.369531 0.494792 0.369531 0.495833 0.36875 0.509375 0.36875 0.510417 0.367969 0.516667 0.367969 0.517708 0.367188 0.523958 0.367188 0.525 0.366406 0.530208 0.366406 0.53125 0.365625 0.532292 0.365625 0.533333 0.364844 0.535417 0.364844 0.536458 0.364062 0.538542 0.364062 0.539583 0.363281 0.539583 0.353906 0.534375 0.353906 0.533333 0.354688 0.532292 0.354688 0.533333 0.355469 0.535417 0.355469 0.536458 0.35625 0.5375 0.35625 0.538542 0.357031 0.538542 0.357812 0.5375 0.358594 0.535417 0.358594 0.534375 0.359375 0.53125 0.359375 0.530208 0.360156 0.527083 0.360156 0.288357
2 0.534375 0.425781 0.533333 0.426562 0.532292 0.426562 0.533333 0.427344 0.533333 0.430469 0.53125 0.432031 0.53125 0.432813 0.529167 0.434375 0.527083 0.434375 0.526042 0.435156 0.522917 0.435156 0.521875 0.435937 0.520833 0.435937 0.519792 0.436719 0.51875 0.436719 0.517708 0.4375 0.513542 0.4375 0.5125 0.438281 0.504167 0.438281 0.503125 0.439063 0.458333 0.439063 0.457292 0.438281 0.445833 0.438281 0.444792 0.4375 0.441667 0.4375 0.440625 0.436719 0.439583 0.436719 0.438542 0.435937 0.4375 0.435937 0.436458 0.435156 0.434375 0.435156 0.433333 0.434375 0.432292 0.434375 0.430208 0.432813 0.430208 0.432031 0.429167 0.43125 0.429167 0.438281 0.430208 0.439063 0.433333 0.439063 0.434375 0.439844 0.436458 0.439844 0.438542 0.441406 0.439583 0.441406 0.440625 0.442187 0.445833 0.442187 0.446875 0.442969 0.45 0.442969 0.451042 0.44375 0.452083 0.44375 0.454167 0.445312 0.453125 0.446094 0.451042 0.446094 0.45 0.446875 0.446875 0.446875 0.459375 0.446875 0.460417 0.446094 0.4625 0.446094 0.463542 0.445312 0.469792 0.445312 0.470833 0.446094 0.496875 0.446094 0.497917 0.445312 0.508333 0.445312 0.509375 0.444531 0.511458 0.444531 0.5125 0.44375 0.514583 0.44375 0.515625 0.442969 0.517708 0.442969 0.51875 0.442187 0.523958 0.442187 0.525 0.441406 0.527083 0.441406 0.529167 0.439844 0.530208 0.439844 0.53125 0.439063 0.532292 0.439063 0.536458 0.435937 0.536458 0.434375 0.5375 0.433594 0.5375 0.43125 0.536458 0.430469 0.536458 0.426562 0.535417 0.425781 0.278371
