1 0.409375 0.339063 0.409375 0.348437 0.4125 0.350781 0.413542 0.350781 0.414583 0.351562 0.416667 0.351562 0.417708 0.352344 0.41875 0.352344 0.420833 0.353906 0.421875 0.353906 0.422917 0.354688 0.425 0.354688 0.426042 0.355469 0.428125 0.355469 0.429167 0.35625 0.430208 0.35625 0.43125 0.357031 0.432292 0.357031 0.433333 0.357812 0.435417 0.357812 0.436458 0.358594 0.44375 0.358594 0.444792 0.359375 0.454167 0.359375 0.455208 0.360156 0.461458 0.360156 0.4625 0.360938 0.46875 0.360938 0.469792 0.361719 0.50625 0.361719 0.505208 0.361719 0.504167 0.360938 0.505208 0.360156 0.508333 0.360156 0.509375 0.359375 0.514583 0.359375 0.515625 0.358594 0.526042 0.358594 0.527083 0.357812 0.529167 0.357812 0.530208 0.357031 0.53125 0.357031 0.532292 0.35625 0.534375 0.35625 0.535417 0.355469 0.538542 0.355469 0.539583 0.354688 0.54375 0.354688 0.544792 0.353906 0.546875 0.353906 0.547917 0.353125 0.548958 0.353125 0.55 0.352344 0.551042 0.352344 0.554167 0.35 0.555208 0.35 0.558333 0.347656 0.558333 0.346875 0.559375 0.346094 0.559375 0.339063 0.558333 0.339063 0.55625 0.340625 0.55625 0.341406 0.553125 0.34375 0.551042 0.34375 0.547917 0.346094 0.546875 0.346094 0.545833 0.346875 0.544792 0.346875 0.54375 0.347656 0.539583 0.347656 0.538542 0.348437 0.536458 0.348437 0.535417 0.349219 0.534375 0.349219 0.533333 0.35 0.530208 0.35 0.529167 0.350781 0.520833 0.350781 0.519792 0.351562 0.508333 0.351562 0.507292 0.352344 0.502083 0.352344 0.501042 0.353125 0.49375 0.353125 0.492708 0.353906 0.479167 0.353906 0.478125 0.353125 0.460417 0.353125 0.459375 0.352344 0.455208 0.352344 0.454167 0.351562 0.447917 0.351562 0.446875 0.350781 0.438542 0.350781 0.4375 0.35 0.435417 0.35 0.434375 0.349219 0.433333 0.349219 0.432292 0.348437 0.43125 0.348437 0.430208 0.347656 0.426042 0.347656 0.425 0.346875 0.422917 0.346875 0.421875 0.346094 0.420833 0.346094 0.41875 0.344531 0.417708 0.344531 0.411458 0.339844 0.410417 0.339844 0.970014
1 0.555208 0.373437 0.547917 0.378906 0.546875 0.378906 0.544792 0.380469 0.54375 0.380469 0.542708 0.38125 0.541667 0.38125 0.540625 0.382031 0.538542 0.382031 0.535417 0.384375 0.534375 0.384375 0.533333 0.385156 0.527083 0.385156 0.526042 0.385938 0.521875 0.385938 0.520833 0.386719 0.51875 0.386719 0.517708 0.3875 0.514583 0.3875 0.513542 0.388281 0.5 0.388281 0.498958 0.389062 0.455208 0.389062 0.454167 0.388281 0.442708 0.388281 0.441667 0.3875 0.438542 0.3875 0.4375 0.386719 0.435417 0.386719 0.434375 0.385938 0.432292 0.385938 0.43125 0.385156 0.426042 0.385156 0.425 0.384375 0.423958 0.384375 0.421875 0.382812 0.420833 0.382812 0.419792 0.382031 0.417708 0.382031 0.413542 0.378906 0.4125 0.378906 0.411458 0.378125 0.411458 0.385156 0.4125 0.385938 0.413542 0.385938 0.414583 0.386719 0.415625 0.386719 0.41875 0.389062 0.419792 0.389062 0.420833 0.389844 0.421875 0.389844 0.423958 0.391406 0.425 0.391406 0.426042 0.392188 0.427083 0.392188 0.428125 0.392969 0.432292 0.392969 0.433333 0.39375 0.436458 0.39375 0.4375 0.394531 0.439583 0.394531 0.440625 0.395312 0.44375 0.395312 0.444792 0.396094 0.45 0.396094 0.451042 0.396875 0.464583 0.396875 0.465625 0.397656 0.491667 0.397656 0.492708 0.396875 0.505208 0.396875 0.50625 0.396094 0.511458 0.396094 0.5125 0.395312 0.515625 0.395312 0.516667 0.394531 0.519792 0.394531 0.520833 0.39375 0.526042 0.39375 0.527083 0.392969 0.530208 0.392969 0.53125 0.392188 0.534375 0.392188 0.535417 0.391406 0.536458 0.391406 0.538542 0.389844 0.539583 0.389844 0.540625 0.389062 0.54375 0.389062 0.546875 0.386719 0.547917 0.386719 0.548958 0.385938 0.55 0.385938 0.552083 0.384375 0.552083 0.383594 0.555208 0.38125 0.555208 0.380469 0.55625 0.379687 0.55625 0.373437 0.967147
1 0.414583 0.409375 0.414583 0.421094 0.421875 0.426562 0.423958 0.426562 0.425 0.427344 0.426042 0.427344 0.427083 0.428125 0.428125 0.428125 0.429167 0.428906 0.430208 0.428906 0.43125 0.429688 0.434375 0.429688 0.435417 0.430469 0.438542 0.430469 0.439583 0.43125 0.440625 0.43125 0.441667 0.432031 0.444792 0.432031 0.445833 0.432813 0.451042 0.432813 0.452083 0.433594 0.455208 0.433594 0.45625 0.434375 0.461458 0.434375 0.4625 0.435156 0.475 0.435156 0.476042 0.435937 0.477083 0.435937 0.478125 0.435156 0.496875 0.435156 0.497917 0.434375 0.505208 0.434375 0.50625 0.433594 0.511458 0.433594 0.5125 0.432813 0.51875 0.432813 0.519792 0.432031 0.522917 0.432031 0.523958 0.43125 0.527083 0.43125 0.528125 0.430469 0.530208 0.430469 0.53125 0.429688 0.533333 0.429688 0.534375 0.428906 0.536458 0.428906 0.538542 0.427344 0.540625 0.427344 0.541667 0.426562 0.542708 0.426562 0.54375 0.425781 0.544792 0.425781 0.547917 0.423438 0.548958 0.423438 0.554167 0.419531 0.554167 0.41875 0.55625 0.417188 0.55625 0.415625 0.557292 0.414844 0.557292 0.410156 0.55625 0.409375 0.555208 0.409375 0.555208 0.411719 0.553125 0.413281 0.552083 0.413281 0.548958 0.415625 0.547917 0.415625 0.546875 0.416406 0.545833 0.416406 0.544792 0.417188 0.54375 0.417188 0.542708 0.417969 0.541667 0.417969 0.540625 0.41875 0.539583 0.41875 0.538542 0.419531 0.5375 0.419531 0.536458 0.420312 0.534375 0.420312 0.533333 0.421094 0.532292 0.421094 0.53125 0.421875 0.529167 0.421875 0.528125 0.422656 0.522917 0.422656 0.521875 0.423438 0.517708 0.423438 0.516667 0.424219 0.513542 0.424219 0.5125 0.425 0.508333 0.425 0.507292 0.425781 0.495833 0.425781 0.494792 0.426562 0.461458 0.426562 0.460417 0.425781 0.451042 0.425781 0.45 0.425 0.446875 0.425 0.445833 0.424219 0.44375 0.424219 0.442708 0.423438 0.439583 0.423438 0.438542 0.422656 0.435417 0.422656 0.434375 0.421875 0.432292 0.421875 0.430208 0.420312 0.429167 0.420312 0.428125 0.419531 0.426042 0.419531 0.425 0.41875 0.423958 0.41875 0.422917 0.417969 0.421875 0.417969 0.41875 0.415625 0.417708 0.415625 0.415625 0.414062 0.415625 0.4125 0.414583 0.411719 0.964383
1 0.409375 0.367969 0.409375 0.376563 0.410417 0.376563 0.411458 0.377344 0.4125 0.377344 0.413542 0.378125 0.413542 0.378906 0.414583 0.379687 0.416667 0.379687 0.417708 0.380469 0.41875 0.380469 0.420833 0.382031 0.421875 0.382031 0.422917 0.382812 0.425 0.382812 0.426042 0.383594 0.429167 0.383594 0.430208 0.384375 0.432292 0.384375 0.433333 0.385156 0.435417 0.385156 0.436458 0.385938 0.440625 0.385938 0.441667 0.386719 0.446875 0.386719 0.447917 0.3875 0.45625 0.3875 0.457292 0.388281 0.5 0.388281 0.501042 0.3875 0.509375 0.3875 0.510417 0.386719 0.514583 0.386719 0.515625 0.385938 0.51875 0.385938 0.519792 0.385156 0.523958 0.385156 0.525 0.384375 0.528125 0.384375 0.529167 0.383594 0.53125 0.383594 0.532292 0.382812 0.534375 0.382812 0.535417 0.382031 0.5375 0.382031 0.539583 0.380469 0.540625 0.380469 0.541667 0.379687 0.54375 0.379687 0.546875 0.377344 0.547917 0.377344 0.554167 0.372656 0.554167 0.371875 0.555208 0.371094 0.555208 0.364844 0.554167 0.365625 0.553125 0.365625 0.552083 0.366406 0.551042 0.366406 0.551042 0.367188 0.548958 0.36875 0.547917 0.36875 0.546875 0.369531 0.545833 0.369531 0.542708 0.371875 0.541667 0.371875 0.540625 0.372656 0.5375 0.372656 0.536458 0.373437 0.535417 0.373437 0.534375 0.374219 0.533333 0.374219 0.532292 0.375 0.530208 0.375 0.529167 0.375781 0.525 0.375781 0.523958 0.376563 0.519792 0.376563 0.51875 0.377344 0.513542 0.377344 0.5125 0.378125 0.507292 0.378125 0.50625 0.378906 0.497917 0.378906 0.496875 0.379687 0.454167 0.379687 0.453125 0.378906 0.44375 0.378906 0.442708 0.378125 0.439583 0.378125 0.438542 0.377344 0.435417 0.377344 0.434375 0.376563 0.43125 0.376563 0.430208 0.375781 0.426042 0.375781 0.425 0.375 0.422917 0.375 0.421875 0.374219 0.420833 0.374219 0.41875 0.372656 0.416667 0.372656 0.415625 0.371875 0.414583 0.371875 0.409375 0.367969 0.409375 0.364062 0.409375 0.364062 0.96176
1 0.451042 0.291406 0.45 0.292188 0.445833 0.292188 0.444792 0.292969 0.440625 0.292969 0.439583 0.29375 0.4375 0.29375 0.436458 0.294531 0.434375 0.294531 0.433333 0.295312 0.430208 0.295312 0.429167 0.296094 0.427083 0.296094 0.426042 0.296875 0.423958 0.296875 0.422917 0.297656 0.421875 0.297656 0.420833 0.298438 0.419792 0.298438 0.41875 0.299219 0.416667 0.299219 0.414583 0.300781 0.413542 0.300781 0.4125 0.301562 0.4125 0.313281 0.413542 0.314063 0.414583 0.314063 0.416667 0.315625 0.417708 0.315625 0.41875 0.316406 0.419792 0.316406 0.420833 0.317187 0.422917 0.317187 0.423958 0.317969 0.428125 0.317969 0.429167 0.31875 0.433333 0.31875 0.434375 0.319531 0.4375 0.319531 0.438542 0.320312 0.44375 0.320312 0.444792 0.321094 0.454167 0.321094 0.455208 0.321875 0.469792 0.321875 0.470833 0.322656 0.486458 0.322656 0.4875 0.321875 0.510417 0.321875 0.511458 0.321094 0.522917 0.321094 0.523958 0.320312 0.530208 0.320312 0.53125 0.319531 0.535417 0.319531 0.536458 0.31875 0.539583 0.31875 0.540625 0.317969 0.544792 0.317969 0.545833 0.317187 0.547917 0.317187 0.548958 0.316406 0.55 0.316406 0.551042 0.315625 0.553125 0.315625 0.554167 0.314844 0.55625 0.314844 0.557292 0.314063 0.558333 0.314063 0.560417 0.3125 0.561458 0.3125 0.564583 0.310156 0.564583 0.307813 0.565625 0.307031 0.565625 0.301562 0.564583 0.300781 0.564583 0.3 0.560417 0.296875 0.559375 0.296875 0.558333 0.296094 0.557292 0.296094 0.55625 0.295312 0.554167 0.295312 0.553125 0.294531 0.551042 0.294531 0.55 0.29375 0.546875 0.29375 0.545833 0.292969 0.542708 0.292969 0.541667 0.292188 0.5375 0.292188 0.536458 0.291406 0.95709
1 0.555208 0.357031 0.554167 0.357812 0.552083 0.357812 0.548958 0.360156 0.546875 0.360156 0.54375 0.3625 0.541667 0.3625 0.540625 0.363281 0.538542 0.363281 0.5375 0.364062 0.535417 0.364062 0.534375 0.364844 0.533333 0.364844 0.532292 0.365625 0.529167 0.365625 0.528125 0.366406 0.522917 0.366406 0.521875 0.367188 0.51875 0.367188 0.517708 0.367969 0.516667 0.367969 0.515625 0.36875 0.513542 0.36875 0.5125 0.369531 0.503125 0.369531 0.502083 0.370313 0.485417 0.370313 0.484375 0.371094 0.477083 0.371094 0.476042 0.370313 0.454167 0.370313 0.453125 0.369531 0.445833 0.369531 0.444792 0.36875 0.441667 0.36875 0.440625 0.367969 0.438542 0.367969 0.4375 0.367188 0.43125 0.367188 0.430208 0.366406 0.426042 0.366406 0.425 0.365625 0.422917 0.365625 0.421875 0.364844 0.420833 0.364844 0.41875 0.363281 0.416667 0.363281 0.415625 0.3625 0.414583 0.3625 0.4125 0.360938 0.411458 0.360938 0.408333 0.358594 0.408333 0.367188 0.410417 0.36875 0.411458 0.36875 0.413542 0.370313 0.415625 0.370313 0.416667 0.371094 0.417708 0.371094 0.41875 0.371875 0.419792 0.371875 0.420833 0.372656 0.421875 0.372656 0.422917 0.373437 0.425 0.373437 0.426042 0.374219 0.428125 0.374219 0.429167 0.375 0.432292 0.375 0.433333 0.375781 0.436458 0.375781 0.4375 0.376563 0.442708 0.376563 0.44375 0.377344 0.45 0.377344 0.451042 0.378125 0.459375 0.378125 0.460417 0.378906 0.49375 0.378906 0.494792 0.378125 0.502083 0.378125 0.503125 0.377344 0.508333 0.377344 0.509375 0.376563 0.514583 0.376563 0.515625 0.375781 0.519792 0.375781 0.520833 0.375 0.523958 0.375 0.525 0.374219 0.528125 0.374219 0.529167 0.373437 0.532292 0.373437 0.533333 0.372656 0.535417 0.372656 0.536458 0.371875 0.5375 0.371875 0.538542 0.371094 0.539583 0.371094 0.540625 0.370313 0.541667 0.370313 0.542708 0.369531 0.54375 0.369531 0.546875 0.367188 0.547917 0.367188 0.553125 0.363281 0.553125 0.3625 0.554167 0.361719 0.554167 0.360938 0.555208 0.360156 0.944241
1 0.555208 0.401563 0.555208 0.402344 0.553125 0.403906 0.552083 0.403906 0.547917 0.407031 0.546875 0.407031 0.545833 0.407813 0.545833 0.408594 0.544792 0.409375 0.542708 0.409375 0.541667 0.410156 0.538542 0.410156 0.5375 0.410937 0.536458 0.410937 0.535417 0.411719 0.534375 0.411719 0.533333 0.4125 0.532292 0.4125 0.53125 0.413281 0.528125 0.413281 0.527083 0.414062 0.522917 0.414062 0.521875 0.414844 0.519792 0.414844 0.51875 0.415625 0.515625 0.415625 0.514583 0.416406 0.503125 0.416406 0.502083 0.417188 0.45625 0.417188 0.455208 0.416406 0.445833 0.416406 0.444792 0.415625 0.442708 0.415625 0.441667 0.414844 0.440625 0.414844 0.439583 0.414062 0.4375 0.414062 0.436458 0.413281 0.433333 0.413281 0.432292 0.4125 0.43125 0.4125 0.430208 0.411719 0.429167 0.411719 0.428125 0.410937 0.427083 0.410937 0.426042 0.410156 0.425 0.410156 0.423958 0.409375 0.422917 0.409375 0.420833 0.407813 0.419792 0.407813 0.41875 0.407031 0.417708 0.407031 0.415625 0.405469 0.415625 0.404687 0.413542 0.403125 0.413542 0.411719 0.415625 0.413281 0.416667 0.413281 0.417708 0.414062 0.41875 0.414062 0.421875 0.416406 0.422917 0.416406 0.423958 0.417188 0.425 0.417188 0.426042 0.417969 0.428125 0.417969 0.430208 0.419531 0.432292 0.419531 0.433333 0.420312 0.435417 0.420312 0.436458 0.421094 0.438542 0.421094 0.439583 0.421875 0.441667 0.421875 0.442708 0.422656 0.445833 0.422656 0.446875 0.423438 0.451042 0.423438 0.452083 0.424219 0.45625 0.424219 0.457292 0.425 0.463542 0.425 0.464583 0.425781 0.492708 0.425781 0.49375 0.425 0.501042 0.425 0.502083 0.424219 0.508333 0.424219 0.509375 0.423438 0.513542 0.423438 0.514583 0.422656 0.51875 0.422656 0.519792 0.421875 0.522917 0.421875 0.523958 0.421094 0.528125 0.421094 0.529167 0.420312 0.532292 0.420312 0.533333 0.419531 0.534375 0.419531 0.535417 0.41875 0.536458 0.41875 0.5375 0.417969 0.538542 0.417969 0.539583 0.417188 0.540625 0.417188 0.541667 0.416406 0.542708 0.416406 0.544792 0.414844 0.545833 0.414844 0.546875 0.414062 0.547917 0.414062 0.554167 0.409375 0.554167 0.408594 0.55625 0.407031 0.55625 0.401563 0.944136
1 0.411458 0.33125 0.411458 0.339063 0.414583 0.341406 0.415625 0.341406 0.417708 0.342969 0.41875 0.342969 0.420833 0.344531 0.422917 0.344531 0.423958 0.345313 0.427083 0.345313 0.428125 0.346094 0.429167 0.346094 0.430208 0.346875 0.432292 0.346875 0.433333 0.347656 0.436458 0.347656 0.4375 0.348437 0.442708 0.348437 0.44375 0.349219 0.447917 0.349219 0.448958 0.35 0.452083 0.35 0.453125 0.350781 0.461458 0.350781 0.4625 0.351562 0.501042 0.351562 0.502083 0.350781 0.510417 0.350781 0.511458 0.35 0.516667 0.35 0.517708 0.349219 0.523958 0.349219 0.525 0.348437 0.53125 0.348437 0.532292 0.347656 0.535417 0.347656 0.536458 0.346875 0.5375 0.346875 0.538542 0.346094 0.540625 0.346094 0.541667 0.345313 0.545833 0.345313 0.546875 0.344531 0.547917 0.344531 0.551042 0.342187 0.553125 0.342187 0.557292 0.339063 0.558333 0.339063 0.559375 0.338281 0.559375 0.3375 0.560417 0.336719 0.560417 0.334375 0.561458 0.333594 0.561458 0.332031 0.560417 0.33125 0.559375 0.33125 0.55625 0.333594 0.555208 0.333594 0.554167 0.334375 0.552083 0.334375 0.551042 0.335156 0.55 0.335156 0.548958 0.335938 0.547917 0.335938 0.545833 0.3375 0.542708 0.3375 0.541667 0.338281 0.538542 0.338281 0.5375 0.339063 0.534375 0.339063 0.533333 0.339844 0.532292 0.339844 0.53125 0.340625 0.528125 0.340625 0.527083 0.341406 0.520833 0.341406 0.519792 0.342187 0.504167 0.342187 0.503125 0.342969 0.491667 0.342969 0.490625 0.34375 0.48125 0.34375 0.480208 0.342969 0.460417 0.342969 0.459375 0.342187 0.447917 0.342187 0.446875 0.341406 0.441667 0.341406 0.440625 0.340625 0.4375 0.340625 0.436458 0.339844 0.434375 0.339844 0.433333 0.339063 0.43125 0.339063 0.430208 0.338281 0.426042 0.338281 0.425 0.3375 0.422917 0.3375 0.420833 0.335938 0.419792 0.335938 0.417708 0.334375 0.416667 0.334375 0.413542 0.332031 0.4125 0.332031 0.926808
1 0.4125 0.321875 0.4125 0.330469 0.414583 0.332031 0.415625 0.332031 0.416667 0.332812 0.417708 0.332812 0.420833 0.335156 0.421875 0.335156 0.422917 0.335938 0.425 0.335938 0.426042 0.336719 0.428125 0.336719 0.429167 0.3375 0.430208 0.3375 0.43125 0.338281 0.435417 0.338281 0.436458 0.339063 0.440625 0.339063 0.441667 0.339844 0.444792 0.339844 0.445833 0.340625 0.448958 0.340625 0.45 0.341406 0.463542 0.341406 0.464583 0.342187 0.502083 0.342187 0.503125 0.341406 0.516667 0.341406 0.517708 0.340625 0.522917 0.340625 0.523958 0.339844 0.527083 0.339844 0.528125 0.339063 0.53125 0.339063 0.532292 0.338281 0.535417 0.338281 0.536458 0.3375 0.538542 0.3375 0.539583 0.336719 0.541667 0.336719 0.542708 0.335938 0.544792 0.335938 0.545833 0.335156 0.547917 0.335156 0.55 0.333594 0.552083 0.333594 0.553125 0.332812 0.554167 0.332812 0.555208 0.332031 0.55625 0.332031 0.558333 0.330469 0.559375 0.330469 0.561458 0.328906 0.561458 0.321875 0.55625 0.321875 0.55625 0.322656 0.554167 0.324219 0.553125 0.324219 0.552083 0.325 0.551042 0.325 0.547917 0.327344 0.545833 0.327344 0.544792 0.328125 0.541667 0.328125 0.540625 0.328906 0.5375 0.328906 0.536458 0.329688 0.534375 0.329688 0.533333 0.330469 0.532292 0.330469 0.53125 0.33125 0.523958 0.33125 0.522917 0.332031 0.5125 0.332031 0.511458 0.332812 0.497917 0.332812 0.496875 0.333594 0.477083 0.333594 0.476042 0.332812 0.463542 0.332812 0.4625 0.332031 0.444792 0.332031 0.44375 0.33125 0.438542 0.33125 0.4375 0.330469 0.434375 0.330469 0.433333 0.329688 0.432292 0.329688 0.43125 0.328906 0.428125 0.328906 0.427083 0.328125 0.425 0.328125 0.423958 0.327344 0.422917 0.327344 0.420833 0.325781 0.419792 0.325781 0.41875 0.325 0.417708 0.325 0.414583 0.322656 0.414583 0.321875 0.759312
1 0.5625 0.3125 0.561458 0.313281 0.559375 0.313281 0.557292 0.314844 0.55625 0.314844 0.555208 0.315625 0.554167 0.315625 0.553125 0.316406 0.552083 0.316406 0.551042 0.317187 0.55 0.317187 0.548958 0.317969 0.547917 0.317969 0.546875 0.31875 0.542708 0.31875 0.541667 0.319531 0.536458 0.319531 0.535417 0.320312 0.532292 0.320312 0.53125 0.321094 0.527083 0.321094 0.526042 0.321875 0.515625 0.321875 0.514583 0.322656 0.486458 0.322656 0.485417 0.323438 0.471875 0.323438 0.470833 0.322656 0.452083 0.322656 0.451042 0.321875 0.44375 0.321875 0.442708 0.321094 0.438542 0.321094 0.4375 0.320312 0.434375 0.320312 0.433333 0.319531 0.429167 0.319531 0.428125 0.31875 0.425 0.31875 0.423958 0.317969 0.421875 0.317969 0.420833 0.317187 0.419792 0.317187 0.41875 0.316406 0.417708 0.316406 0.416667 0.315625 0.415625 0.315625 0.4125 0.313281 0.4125 0.322656 0.413542 0.323438 0.414583 0.323438 0.415625 0.324219 0.416667 0.324219 0.417708 0.325 0.41875 0.325 0.419792 0.325781 0.421875 0.325781 0.422917 0.326562 0.425 0.326562 0.426042 0.327344 0.429167 0.327344 0.430208 0.328125 0.43125 0.328125 0.432292 0.328906 0.434375 0.328906 0.435417 0.329688 0.440625 0.329688 0.441667 0.330469 0.448958 0.330469 0.45 0.33125 0.459375 0.33125 0.460417 0.332031 0.469792 0.332031 0.470833 0.332812 0.502083 0.332812 0.503125 0.332031 0.5125 0.332031 0.513542 0.33125 0.519792 0.33125 0.520833 0.330469 0.527083 0.330469 0.528125 0.329688 0.532292 0.329688 0.533333 0.328906 0.536458 0.328906 0.5375 0.328125 0.539583 0.328125 0.540625 0.327344 0.54375 0.327344 0.544792 0.326562 0.547917 0.326562 0.548958 0.325781 0.55 0.325781 0.551042 0.325 0.553125 0.325 0.554167 0.324219 0.55625 0.324219 0.557292 0.323438 0.559375 0.323438 0.560417 0.322656 0.561458 0.322656 0.5625 0.321875 0.669371
1 0.555208 0.391406 0.555208 0.392188 0.552083 0.394531 0.552083 0.395312 0.548958 0.397656 0.546875 0.397656 0.54375 0.4 0.542708 0.4 0.541667 0.400781 0.539583 0.400781 0.538542 0.401563 0.5375 0.401563 0.536458 0.402344 0.535417 0.402344 0.533333 0.403906 0.529167 0.403906 0.528125 0.404687 0.522917 0.404687 0.521875 0.405469 0.519792 0.405469 0.51875 0.40625 0.516667 0.40625 0.515625 0.407031 0.508333 0.407031 0.507292 0.407813 0.494792 0.407813 0.49375 0.408594 0.46875 0.408594 0.467708 0.407813 0.453125 0.407813 0.452083 0.407031 0.445833 0.407031 0.444792 0.40625 0.441667 0.40625 0.440625 0.405469 0.439583 0.405469 0.438542 0.404687 0.434375 0.404687 0.433333 0.403906 0.429167 0.403906 0.428125 0.403125 0.427083 0.403125 0.425 0.401563 0.423958 0.401563 0.422917 0.400781 0.419792 0.400781 0.415625 0.397656 0.414583 0.397656 0.413542 0.396875 0.413542 0.401563 0.417708 0.404687 0.41875 0.404687 0.422917 0.407813 0.426042 0.407813 0.427083 0.408594 0.428125 0.408594 0.43125 0.410937 0.433333 0.410937 0.434375 0.411719 0.4375 0.411719 0.438542 0.4125 0.439583 0.4125 0.440625 0.413281 0.442708 0.413281 0.44375 0.414062 0.447917 0.414062 0.448958 0.414844 0.457292 0.414844 0.458333 0.415625 0.478125 0.415625 0.479167 0.416406 0.488542 0.416406 0.489583 0.415625 0.503125 0.415625 0.504167 0.414844 0.511458 0.414844 0.5125 0.414062 0.516667 0.414062 0.517708 0.413281 0.522917 0.413281 0.523958 0.4125 0.525 0.4125 0.526042 0.411719 0.529167 0.411719 0.530208 0.410937 0.533333 0.410937 0.534375 0.410156 0.535417 0.410156 0.5375 0.408594 0.539583 0.408594 0.540625 0.407813 0.542708 0.407813 0.544792 0.40625 0.545833 0.40625 0.546875 0.405469 0.547917 0.405469 0.555208 0.4 0.555208 0.399219 0.55625 0.398438 0.55625 0.396875 0.557292 0.396094 0.557292 0.391406 0.667948
1 0.411458 0.311719 0.411458 0.321875 0.4125 0.322656 0.413542 0.322656 0.415625 0.324219 0.416667 0.324219 0.417708 0.325 0.419792 0.325 0.420833 0.325781 0.421875 0.325781 0.422917 0.326562 0.426042 0.326562 0.427083 0.327344 0.429167 0.327344 0.430208 0.328125 0.43125 0.328125 0.432292 0.328906 0.434375 0.328906 0.435417 0.329688 0.441667 0.329688 0.442708 0.330469 0.45 0.330469 0.451042 0.33125 0.461458 0.33125 0.4625 0.332031 0.471875 0.332031 0.472917 0.332812 0.5 0.332812 0.501042 0.332031 0.511458 0.332031 0.5125 0.33125 0.519792 0.33125 0.520833 0.330469 0.527083 0.330469 0.528125 0.329688 0.532292 0.329688 0.533333 0.328906 0.536458 0.328906 0.5375 0.328125 0.539583 0.328125 0.540625 0.327344 0.54375 0.327344 0.544792 0.326562 0.546875 0.326562 0.547917 0.325781 0.55 0.325781 0.551042 0.325 0.552083 0.325 0.553125 0.324219 0.555208 0.324219 0.55625 0.323438 0.558333 0.323438 0.559375 0.322656 0.560417 0.322656 0.561458 0.321875 0.5625 0.321875 0.5625 0.321094 0.563542 0.320312 0.563542 0.319531 0.564583 0.31875 0.564583 0.311719 0.563542 0.311719 0.561458 0.313281 0.559375 0.313281 0.557292 0.314844 0.55625 0.314844 0.555208 0.315625 0.554167 0.315625 0.553125 0.316406 0.552083 0.316406 0.551042 0.317187 0.55 0.317187 0.548958 0.317969 0.547917 0.317969 0.546875 0.31875 0.542708 0.31875 0.541667 0.319531 0.536458 0.319531 0.535417 0.320312 0.532292 0.320312 0.53125 0.321094 0.527083 0.321094 0.526042 0.321875 0.515625 0.321875 0.514583 0.322656 0.486458 0.322656 0.485417 0.323438 0.471875 0.323438 0.470833 0.322656 0.452083 0.322656 0.451042 0.321875 0.44375 0.321875 0.442708 0.321094 0.438542 0.321094 0.4375 0.320312 0.434375 0.320312 0.433333 0.319531 0.429167 0.319531 0.428125 0.31875 0.425 0.31875 0.423958 0.317969 0.421875 0.317969 0.420833 0.317187 0.419792 0.317187 0.41875 0.316406 0.417708 0.316406 0.416667 0.315625 0.415625 0.315625 0.413542 0.314063 0.413542 0.313281 0.4125 0.313281 0.411458 0.3125 0.628078
1 0.555208 0.383594 0.555208 0.384375 0.553125 0.385938 0.552083 0.385938 0.552083 0.386719 0.55 0.388281 0.548958 0.388281 0.547917 0.389062 0.546875 0.389062 0.544792 0.390625 0.54375 0.390625 0.542708 0.391406 0.541667 0.391406 0.540625 0.392188 0.538542 0.392188 0.5375 0.392969 0.536458 0.392969 0.535417 0.39375 0.534375 0.39375 0.533333 0.394531 0.530208 0.394531 0.529167 0.395312 0.522917 0.395312 0.521875 0.396094 0.519792 0.396094 0.51875 0.396875 0.516667 0.396875 0.515625 0.397656 0.504167 0.397656 0.503125 0.398438 0.45 0.398438 0.448958 0.397656 0.441667 0.397656 0.440625 0.396875 0.438542 0.396875 0.4375 0.396094 0.436458 0.396094 0.435417 0.395312 0.43125 0.395312 0.430208 0.394531 0.426042 0.394531 0.425 0.39375 0.423958 0.39375 0.421875 0.392188 0.420833 0.392188 0.419792 0.391406 0.41875 0.391406 0.414583 0.388281 0.413542 0.388281 0.4125 0.3875 0.4125 0.395312 0.413542 0.396094 0.414583 0.396094 0.417708 0.398438 0.41875 0.398438 0.419792 0.399219 0.420833 0.399219 0.421875 0.4 0.422917 0.4 0.423958 0.400781 0.425 0.400781 0.426042 0.401563 0.429167 0.401563 0.430208 0.402344 0.433333 0.402344 0.434375 0.403125 0.436458 0.403125 0.4375 0.403906 0.439583 0.403906 0.440625 0.404687 0.444792 0.404687 0.445833 0.405469 0.448958 0.405469 0.45 0.40625 0.45625 0.40625 0.457292 0.407031 0.503125 0.407031 0.504167 0.40625 0.511458 0.40625 0.5125 0.405469 0.515625 0.405469 0.516667 0.404687 0.520833 0.404687 0.521875 0.403906 0.526042 0.403906 0.527083 0.403125 0.529167 0.403125 0.530208 0.402344 0.532292 0.402344 0.533333 0.401563 0.536458 0.401563 0.5375 0.400781 0.538542 0.400781 0.539583 0.4 0.540625 0.4 0.541667 0.399219 0.54375 0.399219 0.545833 0.397656 0.546875 0.397656 0.55 0.395312 0.551042 0.395312 0.555208 0.392188 0.555208 0.390625 0.55625 0.389844 0.55625 0.383594 0.591042
1 0.414583 0.417188 0.414583 0.426562 0.417708 0.428906 0.417708 0.429688 0.41875 0.430469 0.419792 0.430469 0.420833 0.43125 0.420833 0.432031 0.421875 0.432813 0.422917 0.432813 0.423958 0.433594 0.425 0.433594 0.428125 0.435937 0.429167 0.435937 0.430208 0.436719 0.43125 0.436719 0.432292 0.4375 0.433333 0.4375 0.435417 0.439063 0.438542 0.439063 0.439583 0.439844 0.442708 0.439844 0.44375 0.440625 0.446875 0.440625 0.447917 0.441406 0.451042 0.441406 0.452083 0.442187 0.458333 0.442187 0.459375 0.442969 0.469792 0.442969 0.470833 0.44375 0.490625 0.44375 0.491667 0.442969 0.502083 0.442969 0.503125 0.442187 0.511458 0.442187 0.5125 0.441406 0.517708 0.441406 0.51875 0.440625 0.520833 0.440625 0.521875 0.439844 0.526042 0.439844 0.527083 0.439063 0.53125 0.439063 0.532292 0.438281 0.534375 0.438281 0.536458 0.436719 0.538542 0.436719 0.539583 0.435937 0.540625 0.435937 0.541667 0.435156 0.542708 0.435156 0.544792 0.433594 0.545833 0.433594 0.546875 0.432813 0.547917 0.432813 0.548958 0.432031 0.548958 0.43125 0.55 0.430469 0.551042 0.430469 0.552083 0.429688 0.552083 0.428906 0.55625 0.425781 0.55625 0.424219 0.557292 0.423438 0.557292 0.421094 0.558333 0.420312 0.558333 0.41875 0.557292 0.417969 0.557292 0.417188 0.554167 0.417188 0.554167 0.420312 0.546875 0.425781 0.545833 0.425781 0.544792 0.426562 0.54375 0.426562 0.541667 0.428125 0.540625 0.428125 0.539583 0.428906 0.5375 0.428906 0.536458 0.429688 0.534375 0.429688 0.532292 0.43125 0.530208 0.43125 0.529167 0.432031 0.525 0.432031 0.523958 0.432813 0.519792 0.432813 0.51875 0.433594 0.516667 0.433594 0.515625 0.434375 0.511458 0.434375 0.510417 0.435156 0.49375 0.435156 0.492708 0.435937 0.463542 0.435937 0.4625 0.435156 0.453125 0.435156 0.452083 0.434375 0.448958 0.434375 0.447917 0.433594 0.444792 0.433594 0.44375 0.432813 0.439583 0.432813 0.438542 0.432031 0.436458 0.432031 0.435417 0.43125 0.433333 0.43125 0.43125 0.429688 0.429167 0.429688 0.428125 0.428906 0.426042 0.428906 0.425 0.428125 0.423958 0.428125 0.420833 0.425781 0.419792 0.425781 0.416667 0.423438 0.416667 0.422656 0.415625 0.421875 0.415625 0.417188 0.445605
1 0.408333 0.346875 0.408333 0.358594 0.409375 0.358594 0.4125 0.360938 0.413542 0.360938 0.414583 0.361719 0.416667 0.361719 0.41875 0.363281 0.419792 0.363281 0.420833 0.364062 0.423958 0.364062 0.425 0.364844 0.427083 0.364844 0.428125 0.365625 0.43125 0.365625 0.432292 0.366406 0.435417 0.366406 0.436458 0.367188 0.440625 0.367188 0.441667 0.367969 0.446875 0.367969 0.447917 0.36875 0.453125 0.36875 0.454167 0.369531 0.45625 0.369531 0.457292 0.370313 0.498958 0.370313 0.5 0.369531 0.501042 0.369531 0.502083 0.36875 0.510417 0.36875 0.511458 0.367969 0.516667 0.367969 0.517708 0.367188 0.51875 0.367188 0.519792 0.366406 0.521875 0.366406 0.522917 0.365625 0.526042 0.365625 0.527083 0.364844 0.530208 0.364844 0.53125 0.364062 0.534375 0.364062 0.535417 0.363281 0.5375 0.363281 0.538542 0.3625 0.539583 0.3625 0.540625 0.361719 0.542708 0.361719 0.54375 0.360938 0.544792 0.360938 0.547917 0.358594 0.548958 0.358594 0.55 0.357812 0.551042 0.357812 0.552083 0.357031 0.552083 0.35625 0.555208 0.353906 0.555208 0.352344 0.55625 0.351562 0.555208 0.350781 0.553125 0.352344 0.552083 0.352344 0.551042 0.353125 0.55 0.353125 0.548958 0.353906 0.545833 0.353906 0.544792 0.354688 0.54375 0.354688 0.542708 0.355469 0.541667 0.355469 0.540625 0.35625 0.5375 0.35625 0.536458 0.357031 0.53125 0.357031 0.530208 0.357812 0.529167 0.357812 0.528125 0.358594 0.527083 0.358594 0.526042 0.359375 0.522917 0.359375 0.521875 0.360156 0.5125 0.360156 0.511458 0.360938 0.496875 0.360938 0.495833 0.361719 0.463542 0.361719 0.4625 0.360938 0.45 0.360938 0.448958 0.360156 0.439583 0.360156 0.438542 0.359375 0.435417 0.359375 0.434375 0.358594 0.433333 0.358594 0.432292 0.357812 0.43125 0.357812 0.430208 0.357031 0.428125 0.357031 0.427083 0.35625 0.425 0.35625 0.423958 0.355469 0.422917 0.355469 0.421875 0.354688 0.420833 0.354688 0.419792 0.353906 0.417708 0.353906 0.416667 0.353125 0.415625 0.353125 0.409375 0.348437 0.409375 0.346875 0.435649
1 0.410417 0.35 0.410417 0.360156 0.411458 0.360156 0.4125 0.360938 0.413542 0.360938 0.414583 0.361719 0.416667 0.361719 0.41875 0.363281 0.419792 0.363281 0.420833 0.364062 0.423958 0.364062 0.425 0.364844 0.428125 0.364844 0.429167 0.365625 0.432292 0.365625 0.433333 0.366406 0.436458 0.366406 0.4375 0.367188 0.441667 0.367188 0.442708 0.367969 0.446875 0.367969 0.447917 0.36875 0.453125 0.36875 0.454167 0.369531 0.457292 0.369531 0.458333 0.370313 0.457292 0.371094 0.45625 0.371094 0.509375 0.371094 0.5 0.371094 0.498958 0.370313 0.501042 0.36875 0.509375 0.36875 0.510417 0.367969 0.515625 0.367969 0.516667 0.367188 0.51875 0.367188 0.519792 0.366406 0.521875 0.366406 0.522917 0.365625 0.525 0.365625 0.526042 0.364844 0.530208 0.364844 0.53125 0.364062 0.534375 0.364062 0.535417 0.363281 0.5375 0.363281 0.538542 0.3625 0.540625 0.3625 0.541667 0.361719 0.542708 0.361719 0.54375 0.360938 0.544792 0.360938 0.547917 0.358594 0.548958 0.358594 0.55 0.357812 0.551042 0.357812 0.552083 0.357031 0.552083 0.35625 0.555208 0.353906 0.555208 0.351562 0.553125 0.353125 0.551042 0.353125 0.55 0.353906 0.546875 0.353906 0.545833 0.354688 0.544792 0.354688 0.54375 0.355469 0.542708 0.355469 0.541667 0.35625 0.539583 0.35625 0.538542 0.357031 0.532292 0.357031 0.53125 0.357812 0.529167 0.357812 0.527083 0.359375 0.523958 0.359375 0.522917 0.360156 0.514583 0.360156 0.513542 0.360938 0.5 0.360938 0.498958 0.361719 0.488542 0.361719 0.4875 0.3625 0.472917 0.3625 0.471875 0.361719 0.459375 0.361719 0.458333 0.360938 0.447917 0.360938 0.446875 0.360156 0.438542 0.360156 0.4375 0.359375 0.434375 0.359375 0.433333 0.358594 0.432292 0.358594 0.43125 0.357812 0.430208 0.357812 0.429167 0.357031 0.427083 0.357031 0.426042 0.35625 0.423958 0.35625 0.422917 0.355469 0.421875 0.355469 0.420833 0.354688 0.419792 0.354688 0.41875 0.353906 0.417708 0.353906 0.416667 0.353125 0.415625 0.353125 0.411458 0.35 0.381874
1 0.559375 0.425 0.555208 0.428125 0.555208 0.428906 0.554167 0.429688 0.554167 0.430469 0.552083 0.432031 0.551042 0.432031 0.55 0.432813 0.55 0.433594 0.548958 0.434375 0.547917 0.434375 0.546875 0.435156 0.545833 0.435156 0.544792 0.435937 0.54375 0.435937 0.542708 0.436719 0.541667 0.436719 0.540625 0.4375 0.539583 0.4375 0.538542 0.438281 0.536458 0.438281 0.535417 0.439063 0.534375 0.439063 0.533333 0.439844 0.53125 0.439844 0.530208 0.440625 0.528125 0.440625 0.527083 0.441406 0.520833 0.441406 0.519792 0.442187 0.516667 0.442187 0.515625 0.442969 0.511458 0.442969 0.510417 0.44375 0.503125 0.44375 0.502083 0.444531 0.485417 0.444531 0.484375 0.445312 0.476042 0.445312 0.475 0.444531 0.461458 0.444531 0.460417 0.44375 0.454167 0.44375 0.453125 0.442969 0.448958 0.442969 0.447917 0.442187 0.444792 0.442187 0.44375 0.441406 0.440625 0.441406 0.439583 0.440625 0.4375 0.440625 0.436458 0.439844 0.435417 0.439844 0.434375 0.439063 0.433333 0.439063 0.432292 0.438281 0.430208 0.438281 0.429167 0.4375 0.428125 0.4375 0.425 0.435156 0.423958 0.435156 0.422917 0.434375 0.421875 0.434375 0.419792 0.432813 0.419792 0.432031 0.415625 0.428906 0.415625 0.427344 0.414583 0.426562 0.414583 0.425781 0.414583 0.433594 0.415625 0.434375 0.415625 0.435156 0.417708 0.436719 0.417708 0.4375 0.41875 0.438281 0.41875 0.439063 0.423958 0.442969 0.425 0.442969 0.428125 0.445312 0.429167 0.445312 0.430208 0.446094 0.43125 0.446094 0.432292 0.446875 0.433333 0.446875 0.434375 0.447656 0.435417 0.447656 0.436458 0.448438 0.438542 0.448438 0.439583 0.449219 0.442708 0.449219 0.44375 0.45 0.446875 0.45 0.447917 0.450781 0.448958 0.450781 0.45 0.451562 0.453125 0.451562 0.454167 0.452344 0.458333 0.452344 0.459375 0.453125 0.507292 0.453125 0.508333 0.452344 0.514583 0.452344 0.515625 0.451562 0.51875 0.451562 0.519792 0.450781 0.522917 0.450781 0.523958 0.45 0.527083 0.45 0.528125 0.449219 0.53125 0.449219 0.532292 0.448438 0.535417 0.448438 0.536458 0.447656 0.5375 0.447656 0.538542 0.446875 0.540625 0.446875 0.541667 0.446094 0.54375 0.446094 0.544792 0.445312 0.545833 0.445312 0.547917 0.44375 0.548958 0.44375 0.551042 0.442187 0.552083 0.442187 0.557292 0.438281 0.557292 0.4375 0.558333 0.436719 0.558333 0.435937 0.559375 0.435156 0.559375 0.434375 0.560417 0.433594 0.560417 0.432031 0.561458 0.43125 0.561458 0.426562 0.560417 0.425781 0.560417 0.425 0.257446
