4 0.336458 0.307031 0.346875 0.307031 0.336458 0.307031 0.18125 0.303906 0.180208 0.303125 0.177083 0.303125 0.176042 0.302344 0.175 0.302344 0.173958 0.301562 0.170833 0.301562 0.169792 0.300781 0.16875 0.300781 0.167708 0.3 0.166667 0.3 0.165625 0.299219 0.164583 0.299219 0.163542 0.298438 0.1625 0.298438 0.160417 0.296875 0.160417 0.2875 0.1625 0.289062 0.163542 0.289062 0.164583 0.289844 0.165625 0.289844 0.166667 0.290625 0.170833 0.290625 0.171875 0.291406 0.18125 0.291406 0.182292 0.292188 0.194792 0.292188 0.195833 0.292969 0.251042 0.292969 0.252083 0.292188 0.267708 0.292188 0.26875 0.291406 0.28125 0.291406 0.282292 0.290625 0.290625 0.290625 0.291667 0.289844 0.298958 0.289844 0.3 0.289062 0.30625 0.289062 0.307292 0.288281 0.160417 0.282031 0.163542 0.279687 0.160417 0.279687 0.160417 0.282031 0.307292 0.288281 0.314583 0.288281 0.315625 0.2875 0.320833 0.2875 0.321875 0.286719 0.326042 0.286719 0.327083 0.285937 0.330208 0.285937 0.33125 0.285156 0.335417 0.285156 0.336458 0.284375 0.340625 0.284375 0.341667 0.283594 0.344792 0.283594 0.345833 0.282813 0.347917 0.282813 0.348958 0.282031 0.351042 0.282031 0.352083 0.28125 0.353125 0.28125 0.354167 0.280469 0.355208 0.280469 0.35625 0.279687 0.365625 0.279687 0.365625 0.288281 0.364583 0.289062 0.364583 0.289844 0.363542 0.290625 0.3625 0.290625 0.360417 0.292188 0.359375 0.292188 0.358333 0.292969 0.357292 0.292969 0.35625 0.29375 0.353125 0.29375 0.352083 0.294531 0.348958 0.294531 0.347917 0.295312 0.344792 0.295312 0.34375 0.296094 0.341667 0.296094 0.340625 0.296875 0.338542 0.296875 0.3375 0.297656 0.333333 0.297656 0.332292 0.298438 0.329167 0.298438 0.328125 0.299219 0.325 0.299219 0.323958 0.3 0.319792 0.3 0.31875 0.300781 0.310417 0.300781 0.309375 0.301562 0.304167 0.301562 0.303125 0.302344 0.297917 0.302344 0.296875 0.303125 0.2875 0.303125 0.286458 0.303906 0.270833 0.303906 0.269792 0.304688 0.261458 0.304688 0.260417 0.305469 0.20625 0.305469 0.205208 0.304688 0.19375 0.304688 0.192708 0.303906 0.18125 0.303906 0.990039
5 0.673958 0.375 0.672917 0.375781 0.666667 0.375781 0.665625 0.376563 0.659375 0.376563 0.658333 0.377344 0.653125 0.377344 0.652083 0.378125 0.647917 0.378125 0.646875 0.378906 0.64375 0.378906 0.642708 0.379687 0.639583 0.379687 0.638542 0.380469 0.635417 0.380469 0.634375 0.38125 0.632292 0.38125 0.63125 0.382031 0.629167 0.382031 0.628125 0.382812 0.627083 0.382812 0.626042 0.383594 0.625 0.383594 0.623958 0.384375 0.622917 0.384375 0.621875 0.385156 0.620833 0.385156 0.61875 0.386719 0.617708 0.386719 0.6125 0.390625 0.6125 0.410156 0.617708 0.414062 0.61875 0.414062 0.620833 0.415625 0.621875 0.415625 0.623958 0.417188 0.625 0.417188 0.626042 0.417969 0.627083 0.417969 0.628125 0.41875 0.629167 0.41875 0.630208 0.419531 0.63125 0.419531 0.632292 0.420312 0.634375 0.420312 0.635417 0.421094 0.6375 0.421094 0.638542 0.421875 0.640625 0.421875 0.641667 0.422656 0.64375 0.422656 0.644792 0.423438 0.646875 0.423438 0.647917 0.424219 0.653125 0.424219 0.654167 0.425 0.658333 0.425 0.659375 0.425781 0.663542 0.425781 0.664583 0.426562 0.66875 0.426562 0.669792 0.427344 0.675 0.427344 0.676042 0.428125 0.683333 0.428125 0.684375 0.428906 0.761458 0.428906 0.7625 0.428125 0.769792 0.428125 0.770833 0.427344 0.775 0.427344 0.776042 0.426562 0.779167 0.426562 0.780208 0.425781 0.783333 0.425781 0.784375 0.425 0.7875 0.425 0.788542 0.424219 0.791667 0.424219 0.792708 0.423438 0.794792 0.423438 0.795833 0.422656 0.796875 0.422656 0.797917 0.421875 0.798958 0.421875 0.8 0.421094 0.802083 0.421094 0.803125 0.420312 0.804167 0.420312 0.805208 0.419531 0.80625 0.419531 0.808333 0.417969 0.809375 0.417969 0.810417 0.417188 0.811458 0.417188 0.816667 0.413281 0.816667 0.4125 0.81875 0.410937 0.81875 0.4 0.817708 0.399219 0.817708 0.397656 0.816667 0.396875 0.816667 0.395312 0.815625 0.394531 0.815625 0.39375 0.814583 0.392969 0.814583 0.392188 0.8125 0.390625 0.811458 0.390625 0.809375 0.389062 0.808333 0.389062 0.80625 0.3875 0.805208 0.3875 0.802083 0.385156 0.801042 0.385156 0.8 0.384375 0.797917 0.384375 0.796875 0.383594 0.794792 0.383594 0.79375 0.382812 0.791667 0.382812 0.790625 0.382031 0.788542 0.382031 0.7875 0.38125 0.784375 0.38125 0.783333 0.380469 0.780208 0.380469 0.779167 0.379687 0.777083 0.379687 0.776042 0.378906 0.772917 0.378906 0.771875 0.378125 0.767708 0.378125 0.766667 0.377344 0.7625 0.377344 0.761458 0.376563 0.757292 0.376563 0.75625 0.375781 0.751042 0.375781 0.75 0.375 0.986899
4 0.360417 0.304688 0.358333 0.30625 0.357292 0.30625 0.35625 0.307031 0.354167 0.307031 0.352083 0.308594 0.351042 0.308594 0.35 0.309375 0.347917 0.309375 0.346875 0.310156 0.342708 0.310156 0.341667 0.310937 0.339583 0.310937 0.338542 0.311719 0.336458 0.311719 0.335417 0.3125 0.332292 0.3125 0.33125 0.313281 0.325 0.313281 0.323958 0.314063 0.319792 0.314063 0.31875 0.314844 0.315625 0.314844 0.314583 0.315625 0.309375 0.315625 0.308333 0.316406 0.296875 0.316406 0.295833 0.317187 0.2875 0.317187 0.286458 0.317969 0.280208 0.317969 0.279167 0.31875 0.269792 0.31875 0.26875 0.319531 0.203125 0.319531 0.202083 0.31875 0.189583 0.31875 0.188542 0.317969 0.183333 0.317969 0.182292 0.317187 0.178125 0.317187 0.177083 0.316406 0.172917 0.316406 0.171875 0.315625 0.16875 0.315625 0.167708 0.314844 0.166667 0.314844 0.166667 0.325781 0.167708 0.326562 0.16875 0.326562 0.169792 0.327344 0.171875 0.327344 0.172917 0.328125 0.175 0.328125 0.176042 0.328906 0.178125 0.328906 0.179167 0.329688 0.184375 0.329688 0.185417 0.330469 0.190625 0.330469 0.191667 0.33125 0.198958 0.33125 0.2 0.332031 0.211458 0.332031 0.2125 0.332812 0.259375 0.332812 0.260417 0.332031 0.276042 0.332031 0.277083 0.33125 0.284375 0.33125 0.285417 0.330469 0.292708 0.330469 0.29375 0.329688 0.302083 0.329688 0.303125 0.328906 0.309375 0.328906 0.310417 0.328125 0.314583 0.328125 0.315625 0.327344 0.320833 0.327344 0.321875 0.326562 0.330208 0.326562 0.33125 0.325781 0.334375 0.325781 0.335417 0.325 0.3375 0.325 0.338542 0.324219 0.341667 0.324219 0.342708 0.323438 0.347917 0.323438 0.351042 0.321094 0.355208 0.321094 0.35625 0.320312 0.357292 0.320312 0.360417 0.317969 0.361458 0.317969 0.3625 0.317187 0.363542 0.317187 0.365625 0.315625 0.365625 0.314844 0.367708 0.313281 0.367708 0.3125 0.36875 0.311719 0.36875 0.309375 0.367708 0.308594 0.367708 0.304688 0.979621
4 0.163542 0.299219 0.163542 0.3125 0.164583 0.3125 0.165625 0.313281 0.166667 0.313281 0.167708 0.314063 0.171875 0.314063 0.172917 0.314844 0.175 0.314844 0.176042 0.315625 0.179167 0.315625 0.180208 0.316406 0.188542 0.316406 0.189583 0.317187 0.202083 0.317187 0.203125 0.317969 0.214583 0.317969 0.215625 0.31875 0.254167 0.31875 0.255208 0.317969 0.267708 0.317969 0.26875 0.317187 0.279167 0.317187 0.280208 0.316406 0.29375 0.316406 0.294792 0.315625 0.301042 0.315625 0.302083 0.314844 0.305208 0.314844 0.30625 0.314063 0.3125 0.314063 0.313542 0.313281 0.321875 0.313281 0.322917 0.3125 0.326042 0.3125 0.327083 0.311719 0.329167 0.311719 0.330208 0.310937 0.333333 0.310937 0.334375 0.310156 0.340625 0.310156 0.341667 0.309375 0.34375 0.309375 0.344792 0.308594 0.345833 0.308594 0.346875 0.307813 0.348958 0.307813 0.35 0.307031 0.352083 0.307031 0.353125 0.30625 0.354167 0.30625 0.355208 0.305469 0.35625 0.305469 0.357292 0.304688 0.358333 0.304688 0.359375 0.303906 0.360417 0.303906 0.364583 0.300781 0.364583 0.292969 0.359375 0.292969 0.358333 0.29375 0.357292 0.29375 0.35625 0.294531 0.354167 0.294531 0.353125 0.295312 0.351042 0.295312 0.35 0.296094 0.347917 0.296094 0.346875 0.296875 0.34375 0.296875 0.342708 0.297656 0.339583 0.297656 0.338542 0.298438 0.335417 0.298438 0.334375 0.299219 0.332292 0.299219 0.33125 0.3 0.326042 0.3 0.325 0.300781 0.319792 0.300781 0.31875 0.301562 0.314583 0.301562 0.313542 0.302344 0.308333 0.302344 0.307292 0.303125 0.301042 0.303125 0.3 0.303906 0.290625 0.303906 0.289583 0.304688 0.277083 0.304688 0.276042 0.305469 0.266667 0.305469 0.265625 0.30625 0.251042 0.30625 0.25 0.307031 0.213542 0.307031 0.2125 0.30625 0.198958 0.30625 0.197917 0.305469 0.1875 0.305469 0.186458 0.304688 0.180208 0.304688 0.179167 0.303906 0.175 0.303906 0.173958 0.303125 0.172917 0.303125 0.171875 0.302344 0.169792 0.302344 0.167708 0.300781 0.166667 0.300781 0.165625 0.3 0.164583 0.3 0.163542 0.299219 0.163542 0.29375 0.164583 0.29375 0.165625 0.292969 0.166667 0.292969 0.163542 0.292969 0.163542 0.29375 0.977737
4 0.353125 0.275781 0.352083 0.276563 0.351042 0.276563 0.359375 0.276563 0.359375 0.275781 0.353125 0.275781 0.351042 0.266406 0.352083 0.265625 0.355208 0.265625 0.35625 0.264844 0.357292 0.264844 0.359375 0.263281 0.359375 0.253906 0.358333 0.253125 0.358333 0.251563 0.355208 0.249219 0.353125 0.249219 0.352083 0.248437 0.348958 0.248437 0.347917 0.247656 0.340625 0.247656 0.339583 0.246875 0.228125 0.246875 0.227083 0.247656 0.220833 0.247656 0.219792 0.248437 0.2125 0.248437 0.211458 0.249219 0.204167 0.249219 0.203125 0.25 0.196875 0.25 0.195833 0.250781 0.189583 0.250781 0.188542 0.251563 0.183333 0.251563 0.182292 0.252344 0.173958 0.252344 0.172917 0.253125 0.16875 0.253125 0.167708 0.253906 0.164583 0.253906 0.163542 0.254687 0.161458 0.254687 0.160417 0.255469 0.158333 0.255469 0.157292 0.25625 0.15625 0.25625 0.155208 0.257031 0.154167 0.257031 0.154167 0.271875 0.15625 0.271875 0.157292 0.272656 0.159375 0.272656 0.160417 0.273438 0.164583 0.273438 0.165625 0.274219 0.171875 0.274219 0.172917 0.275 0.178125 0.275 0.179167 0.275781 0.191667 0.275781 0.192708 0.276563 0.235417 0.276563 0.236458 0.275781 0.259375 0.275781 0.260417 0.275 0.267708 0.275 0.26875 0.274219 0.280208 0.274219 0.28125 0.273438 0.294792 0.273438 0.295833 0.272656 0.30625 0.272656 0.307292 0.271875 0.314583 0.271875 0.315625 0.271094 0.320833 0.271094 0.321875 0.270312 0.328125 0.270312 0.329167 0.269531 0.333333 0.269531 0.334375 0.26875 0.338542 0.26875 0.339583 0.267969 0.342708 0.267969 0.34375 0.267188 0.346875 0.267188 0.347917 0.266406 0.351042 0.266406 0.972716
4 0.352083 0.292188 0.351042 0.292188 0.352083 0.292188 0.354167 0.291406 0.348958 0.282031 0.35 0.28125 0.352083 0.28125 0.353125 0.280469 0.355208 0.280469 0.35625 0.279687 0.358333 0.279687 0.359375 0.278906 0.360417 0.278906 0.3625 0.277344 0.3625 0.266406 0.35 0.266406 0.348958 0.267188 0.346875 0.267188 0.345833 0.267969 0.342708 0.267969 0.341667 0.26875 0.338542 0.26875 0.3375 0.269531 0.335417 0.269531 0.334375 0.270312 0.330208 0.270312 0.329167 0.271094 0.322917 0.271094 0.321875 0.271875 0.313542 0.271875 0.3125 0.272656 0.305208 0.272656 0.304167 0.273438 0.297917 0.273438 0.296875 0.274219 0.285417 0.274219 0.284375 0.275 0.269792 0.275 0.26875 0.275781 0.259375 0.275781 0.258333 0.276563 0.240625 0.276563 0.239583 0.277344 0.188542 0.277344 0.1875 0.276563 0.179167 0.276563 0.178125 0.275781 0.170833 0.275781 0.169792 0.275 0.164583 0.275 0.163542 0.274219 0.161458 0.274219 0.160417 0.273438 0.159375 0.273438 0.158333 0.272656 0.157292 0.272656 0.15625 0.271875 0.15625 0.285937 0.158333 0.2875 0.160417 0.2875 0.161458 0.288281 0.164583 0.288281 0.165625 0.289062 0.16875 0.289062 0.169792 0.289844 0.173958 0.289844 0.175 0.290625 0.184375 0.290625 0.185417 0.291406 0.197917 0.291406 0.198958 0.292188 0.252083 0.292188 0.253125 0.291406 0.265625 0.291406 0.266667 0.290625 0.280208 0.290625 0.28125 0.289844 0.289583 0.289844 0.290625 0.289062 0.298958 0.289062 0.3 0.288281 0.308333 0.288281 0.309375 0.2875 0.316667 0.2875 0.317708 0.286719 0.320833 0.286719 0.321875 0.285937 0.326042 0.285937 0.327083 0.285156 0.33125 0.285156 0.332292 0.284375 0.335417 0.284375 0.336458 0.283594 0.339583 0.283594 0.340625 0.282813 0.342708 0.282813 0.34375 0.282031 0.348958 0.282031 0.354167 0.291406 0.35625 0.291406 0.354167 0.291406 0.959038
4 0.364583 0.316406 0.360417 0.319531 0.359375 0.319531 0.357292 0.321094 0.35625 0.321094 0.355208 0.321875 0.353125 0.321875 0.352083 0.322656 0.35 0.322656 0.348958 0.323438 0.346875 0.323438 0.345833 0.324219 0.34375 0.324219 0.342708 0.325 0.340625 0.325 0.339583 0.325781 0.335417 0.325781 0.334375 0.326562 0.330208 0.326562 0.329167 0.327344 0.325 0.327344 0.323958 0.328125 0.319792 0.328125 0.31875 0.328906 0.311458 0.328906 0.310417 0.329688 0.302083 0.329688 0.301042 0.330469 0.295833 0.330469 0.294792 0.33125 0.288542 0.33125 0.2875 0.332031 0.278125 0.332031 0.277083 0.332812 0.260417 0.332812 0.259375 0.333594 0.210417 0.333594 0.209375 0.332812 0.197917 0.332812 0.196875 0.332031 0.1875 0.332031 0.186458 0.33125 0.182292 0.33125 0.18125 0.330469 0.179167 0.330469 0.178125 0.329688 0.175 0.329688 0.173958 0.328906 0.170833 0.328906 0.170833 0.336719 0.171875 0.3375 0.172917 0.3375 0.175 0.339063 0.176042 0.339063 0.177083 0.339844 0.178125 0.339844 0.179167 0.340625 0.180208 0.340625 0.18125 0.341406 0.182292 0.341406 0.183333 0.342187 0.1875 0.342187 0.188542 0.342969 0.190625 0.342969 0.191667 0.34375 0.194792 0.34375 0.195833 0.344531 0.203125 0.344531 0.204167 0.345313 0.2125 0.345313 0.213542 0.346094 0.261458 0.346094 0.2625 0.345313 0.277083 0.345313 0.278125 0.344531 0.295833 0.344531 0.296875 0.34375 0.302083 0.34375 0.303125 0.342969 0.308333 0.342969 0.309375 0.342187 0.315625 0.342187 0.316667 0.341406 0.323958 0.341406 0.325 0.340625 0.328125 0.340625 0.329167 0.339844 0.332292 0.339844 0.333333 0.339063 0.3375 0.339063 0.338542 0.338281 0.34375 0.338281 0.344792 0.3375 0.346875 0.3375 0.347917 0.336719 0.35 0.336719 0.351042 0.335938 0.35625 0.335938 0.357292 0.335156 0.359375 0.335156 0.360417 0.334375 0.361458 0.334375 0.3625 0.333594 0.363542 0.333594 0.366667 0.33125 0.367708 0.33125 0.371875 0.328125 0.371875 0.327344 0.372917 0.326562 0.372917 0.316406 0.949061
4 0.376042 0.389844 0.36875 0.395312 0.367708 0.395312 0.367708 0.396094 0.366667 0.396875 0.365625 0.396875 0.364583 0.397656 0.363542 0.397656 0.3625 0.398438 0.361458 0.398438 0.359375 0.4 0.358333 0.4 0.357292 0.400781 0.355208 0.400781 0.354167 0.401563 0.352083 0.401563 0.351042 0.402344 0.35 0.402344 0.348958 0.403125 0.347917 0.403125 0.346875 0.403906 0.34375 0.403906 0.342708 0.404687 0.339583 0.404687 0.338542 0.405469 0.3375 0.405469 0.336458 0.40625 0.333333 0.40625 0.332292 0.407031 0.328125 0.407031 0.327083 0.407813 0.321875 0.407813 0.320833 0.408594 0.317708 0.408594 0.316667 0.409375 0.313542 0.409375 0.3125 0.410156 0.305208 0.410156 0.304167 0.410937 0.297917 0.410937 0.296875 0.411719 0.290625 0.411719 0.289583 0.4125 0.280208 0.4125 0.279167 0.413281 0.233333 0.413281 0.232292 0.4125 0.223958 0.4125 0.222917 0.411719 0.217708 0.411719 0.216667 0.410937 0.209375 0.410937 0.208333 0.410156 0.203125 0.410156 0.202083 0.409375 0.2 0.409375 0.198958 0.408594 0.196875 0.408594 0.195833 0.407813 0.194792 0.407813 0.19375 0.407031 0.191667 0.407031 0.189583 0.405469 0.188542 0.405469 0.186458 0.403906 0.186458 0.408594 0.1875 0.409375 0.1875 0.410937 0.190625 0.413281 0.190625 0.414062 0.192708 0.415625 0.19375 0.415625 0.196875 0.417969 0.198958 0.417969 0.2 0.41875 0.201042 0.41875 0.202083 0.419531 0.203125 0.419531 0.204167 0.420312 0.20625 0.420312 0.207292 0.421094 0.210417 0.421094 0.211458 0.421875 0.214583 0.421875 0.215625 0.422656 0.21875 0.422656 0.219792 0.423438 0.223958 0.423438 0.225 0.424219 0.23125 0.424219 0.232292 0.425 0.292708 0.425 0.29375 0.424219 0.301042 0.424219 0.302083 0.423438 0.308333 0.423438 0.309375 0.422656 0.314583 0.422656 0.315625 0.421875 0.321875 0.421875 0.322917 0.421094 0.327083 0.421094 0.328125 0.420312 0.330208 0.420312 0.33125 0.419531 0.334375 0.419531 0.335417 0.41875 0.338542 0.41875 0.339583 0.417969 0.342708 0.417969 0.34375 0.417188 0.345833 0.417188 0.346875 0.416406 0.348958 0.416406 0.35 0.415625 0.352083 0.415625 0.353125 0.414844 0.355208 0.414844 0.35625 0.414062 0.357292 0.414062 0.358333 0.413281 0.359375 0.413281 0.360417 0.4125 0.361458 0.4125 0.3625 0.411719 0.363542 0.411719 0.364583 0.410937 0.365625 0.410937 0.367708 0.409375 0.36875 0.409375 0.370833 0.407813 0.371875 0.407813 0.372917 0.407031 0.373958 0.407031 0.378125 0.403906 0.378125 0.403125 0.379167 0.402344 0.379167 0.401563 0.38125 0.4 0.38125 0.399219 0.382292 0.398438 0.382292 0.389844 0.942327
4 0.372917 0.341406 0.371875 0.342187 0.371875 0.342969 0.369792 0.344531 0.36875 0.344531 0.365625 0.346875 0.364583 0.346875 0.363542 0.347656 0.361458 0.347656 0.360417 0.348437 0.359375 0.348437 0.357292 0.35 0.355208 0.35 0.354167 0.350781 0.351042 0.350781 0.35 0.351562 0.346875 0.351562 0.345833 0.352344 0.344792 0.352344 0.34375 0.353125 0.341667 0.353125 0.340625 0.353906 0.335417 0.353906 0.334375 0.354688 0.329167 0.354688 0.328125 0.355469 0.326042 0.355469 0.325 0.35625 0.320833 0.35625 0.319792 0.357031 0.3125 0.357031 0.311458 0.357812 0.302083 0.357812 0.301042 0.358594 0.296875 0.358594 0.295833 0.359375 0.2875 0.359375 0.286458 0.360156 0.26875 0.360156 0.267708 0.360938 0.220833 0.360938 0.219792 0.360156 0.205208 0.360156 0.204167 0.359375 0.2 0.359375 0.198958 0.358594 0.197917 0.358594 0.196875 0.357812 0.19375 0.357812 0.192708 0.357031 0.188542 0.357031 0.1875 0.35625 0.185417 0.35625 0.184375 0.355469 0.183333 0.355469 0.182292 0.354688 0.18125 0.354688 0.180208 0.353906 0.178125 0.353906 0.177083 0.353125 0.176042 0.353125 0.175 0.352344 0.175 0.3625 0.179167 0.3625 0.180208 0.363281 0.18125 0.363281 0.182292 0.364062 0.183333 0.364062 0.184375 0.364844 0.185417 0.364844 0.186458 0.365625 0.1875 0.365625 0.188542 0.366406 0.189583 0.366406 0.190625 0.367188 0.191667 0.367188 0.192708 0.367969 0.195833 0.367969 0.196875 0.36875 0.2 0.36875 0.201042 0.369531 0.204167 0.369531 0.205208 0.370313 0.208333 0.370313 0.209375 0.371094 0.2125 0.371094 0.213542 0.371875 0.222917 0.371875 0.223958 0.372656 0.275 0.372656 0.276042 0.371875 0.289583 0.371875 0.290625 0.371094 0.301042 0.371094 0.302083 0.370313 0.308333 0.370313 0.309375 0.369531 0.31875 0.369531 0.319792 0.36875 0.326042 0.36875 0.327083 0.367969 0.329167 0.367969 0.330208 0.367188 0.333333 0.367188 0.334375 0.366406 0.3375 0.366406 0.338542 0.365625 0.341667 0.365625 0.342708 0.364844 0.345833 0.364844 0.346875 0.364062 0.35 0.364062 0.351042 0.363281 0.352083 0.363281 0.353125 0.3625 0.355208 0.3625 0.35625 0.361719 0.361458 0.361719 0.3625 0.360938 0.363542 0.360938 0.364583 0.360156 0.365625 0.360156 0.366667 0.359375 0.367708 0.359375 0.36875 0.358594 0.369792 0.358594 0.375 0.354688 0.376042 0.354688 0.377083 0.353906 0.377083 0.353125 0.378125 0.352344 0.378125 0.341406 0.890519
4 0.370833 0.329688 0.367708 0.332031 0.366667 0.332031 0.365625 0.332812 0.364583 0.332812 0.3625 0.334375 0.361458 0.334375 0.360417 0.335156 0.358333 0.335156 0.357292 0.335938 0.355208 0.335938 0.354167 0.336719 0.353125 0.336719 0.352083 0.3375 0.35 0.3375 0.348958 0.338281 0.346875 0.338281 0.345833 0.339063 0.341667 0.339063 0.340625 0.339844 0.3375 0.339844 0.336458 0.340625 0.333333 0.340625 0.332292 0.341406 0.327083 0.341406 0.326042 0.342187 0.320833 0.342187 0.319792 0.342969 0.314583 0.342969 0.313542 0.34375 0.308333 0.34375 0.307292 0.344531 0.301042 0.344531 0.3 0.345313 0.288542 0.345313 0.2875 0.346094 0.276042 0.346094 0.275 0.346875 0.259375 0.346875 0.258333 0.347656 0.217708 0.347656 0.216667 0.346875 0.209375 0.346875 0.208333 0.346094 0.202083 0.346094 0.201042 0.345313 0.19375 0.345313 0.192708 0.344531 0.188542 0.344531 0.1875 0.34375 0.185417 0.34375 0.184375 0.342969 0.183333 0.342969 0.182292 0.342187 0.180208 0.342187 0.179167 0.341406 0.178125 0.341406 0.175 0.339063 0.173958 0.339063 0.172917 0.338281 0.172917 0.350781 0.173958 0.351562 0.175 0.351562 0.176042 0.352344 0.177083 0.352344 0.178125 0.353125 0.180208 0.353125 0.18125 0.353906 0.183333 0.353906 0.184375 0.354688 0.1875 0.354688 0.188542 0.355469 0.190625 0.355469 0.191667 0.35625 0.19375 0.35625 0.194792 0.357031 0.198958 0.357031 0.2 0.357812 0.203125 0.357812 0.204167 0.358594 0.209375 0.358594 0.210417 0.359375 0.225 0.359375 0.226042 0.360156 0.255208 0.360156 0.25625 0.359375 0.279167 0.359375 0.280208 0.358594 0.288542 0.358594 0.289583 0.357812 0.297917 0.357812 0.298958 0.357031 0.311458 0.357031 0.3125 0.35625 0.317708 0.35625 0.31875 0.355469 0.321875 0.355469 0.322917 0.354688 0.327083 0.354688 0.328125 0.353906 0.333333 0.353906 0.334375 0.353125 0.3375 0.353125 0.338542 0.352344 0.340625 0.352344 0.341667 0.351562 0.344792 0.351562 0.345833 0.350781 0.348958 0.350781 0.35 0.35 0.352083 0.35 0.353125 0.349219 0.355208 0.349219 0.35625 0.348437 0.357292 0.348437 0.358333 0.347656 0.360417 0.347656 0.3625 0.346094 0.363542 0.346094 0.364583 0.345313 0.366667 0.345313 0.370833 0.342187 0.371875 0.342187 0.372917 0.341406 0.372917 0.340625 0.375 0.339063 0.375 0.3375 0.376042 0.336719 0.376042 0.335156 0.375 0.334375 0.375 0.330469 0.373958 0.329688 0.652539
4 0.371875 0.328906 0.36875 0.33125 0.367708 0.33125 0.366667 0.332031 0.365625 0.332031 0.3625 0.334375 0.360417 0.334375 0.359375 0.335156 0.358333 0.335156 0.357292 0.335938 0.355208 0.335938 0.354167 0.336719 0.352083 0.336719 0.351042 0.3375 0.35 0.3375 0.348958 0.338281 0.345833 0.338281 0.344792 0.339063 0.340625 0.339063 0.339583 0.339844 0.336458 0.339844 0.335417 0.340625 0.332292 0.340625 0.33125 0.341406 0.327083 0.341406 0.326042 0.342187 0.319792 0.342187 0.31875 0.342969 0.313542 0.342969 0.3125 0.34375 0.307292 0.34375 0.30625 0.344531 0.3 0.344531 0.298958 0.345313 0.2875 0.345313 0.286458 0.346094 0.275 0.346094 0.273958 0.346875 0.258333 0.346875 0.257292 0.347656 0.21875 0.347656 0.217708 0.346875 0.210417 0.346875 0.209375 0.346094 0.203125 0.346094 0.202083 0.345313 0.194792 0.345313 0.19375 0.344531 0.189583 0.344531 0.188542 0.34375 0.186458 0.34375 0.185417 0.342969 0.183333 0.342969 0.182292 0.342187 0.18125 0.342187 0.180208 0.341406 0.178125 0.341406 0.173958 0.338281 0.172917 0.338281 0.171875 0.3375 0.171875 0.349219 0.176042 0.352344 0.178125 0.352344 0.179167 0.353125 0.180208 0.353125 0.18125 0.353906 0.183333 0.353906 0.184375 0.354688 0.1875 0.354688 0.188542 0.355469 0.191667 0.355469 0.192708 0.35625 0.194792 0.35625 0.195833 0.357031 0.198958 0.357031 0.2 0.357812 0.204167 0.357812 0.205208 0.358594 0.211458 0.358594 0.2125 0.359375 0.235417 0.359375 0.236458 0.360156 0.242708 0.360156 0.24375 0.359375 0.276042 0.359375 0.277083 0.358594 0.2875 0.358594 0.288542 0.357812 0.296875 0.357812 0.297917 0.357031 0.310417 0.357031 0.311458 0.35625 0.316667 0.35625 0.317708 0.355469 0.320833 0.355469 0.321875 0.354688 0.326042 0.354688 0.327083 0.353906 0.332292 0.353906 0.333333 0.353125 0.336458 0.353125 0.3375 0.352344 0.339583 0.352344 0.340625 0.351562 0.34375 0.351562 0.344792 0.350781 0.347917 0.350781 0.348958 0.35 0.351042 0.35 0.352083 0.349219 0.354167 0.349219 0.355208 0.348437 0.357292 0.348437 0.358333 0.347656 0.359375 0.347656 0.361458 0.346094 0.363542 0.346094 0.364583 0.345313 0.365625 0.345313 0.366667 0.344531 0.367708 0.344531 0.372917 0.340625 0.372917 0.339844 0.375 0.338281 0.375 0.336719 0.376042 0.335938 0.376042 0.335156 0.375 0.334375 0.375 0.330469 0.373958 0.329688 0.373958 0.328906 0.475453
4 0.371875 0.365625 0.36875 0.367969 0.367708 0.367969 0.365625 0.369531 0.364583 0.369531 0.363542 0.370313 0.3625 0.370313 0.361458 0.371094 0.360417 0.371094 0.358333 0.372656 0.35625 0.372656 0.355208 0.373437 0.354167 0.373437 0.353125 0.374219 0.352083 0.374219 0.35 0.375781 0.347917 0.375781 0.346875 0.376563 0.344792 0.376563 0.34375 0.377344 0.342708 0.377344 0.341667 0.378125 0.339583 0.378125 0.338542 0.378906 0.335417 0.378906 0.334375 0.379687 0.330208 0.379687 0.329167 0.380469 0.328125 0.380469 0.327083 0.38125 0.325 0.38125 0.323958 0.382031 0.320833 0.382031 0.319792 0.382812 0.3125 0.382812 0.311458 0.383594 0.309375 0.383594 0.308333 0.384375 0.305208 0.384375 0.304167 0.385156 0.295833 0.385156 0.294792 0.385938 0.283333 0.385938 0.282292 0.386719 0.273958 0.386719 0.272917 0.3875 0.255208 0.3875 0.254167 0.388281 0.226042 0.388281 0.225 0.3875 0.215625 0.3875 0.214583 0.386719 0.20625 0.386719 0.205208 0.385938 0.197917 0.385938 0.196875 0.385156 0.190625 0.385156 0.189583 0.384375 0.185417 0.384375 0.184375 0.383594 0.183333 0.383594 0.18125 0.382031 0.180208 0.382031 0.179167 0.38125 0.176042 0.38125 0.175 0.380469 0.173958 0.380469 0.173958 0.385938 0.175 0.386719 0.176042 0.386719 0.179167 0.389062 0.180208 0.389062 0.18125 0.389844 0.182292 0.389844 0.185417 0.392188 0.1875 0.392188 0.188542 0.392969 0.189583 0.392969 0.190625 0.39375 0.191667 0.39375 0.192708 0.394531 0.195833 0.394531 0.196875 0.395312 0.2 0.395312 0.201042 0.396094 0.203125 0.396094 0.204167 0.396875 0.207292 0.396875 0.208333 0.397656 0.21875 0.397656 0.219792 0.398438 0.23125 0.398438 0.232292 0.399219 0.267708 0.399219 0.26875 0.398438 0.28125 0.398438 0.282292 0.397656 0.296875 0.397656 0.297917 0.396875 0.302083 0.396875 0.303125 0.396094 0.307292 0.396094 0.308333 0.395312 0.3125 0.395312 0.313542 0.394531 0.320833 0.394531 0.321875 0.39375 0.323958 0.39375 0.325 0.392969 0.327083 0.392969 0.328125 0.392188 0.332292 0.392188 0.333333 0.391406 0.336458 0.391406 0.3375 0.390625 0.339583 0.390625 0.340625 0.389844 0.342708 0.389844 0.34375 0.389062 0.346875 0.389062 0.347917 0.388281 0.35 0.388281 0.352083 0.386719 0.354167 0.386719 0.355208 0.385938 0.357292 0.385938 0.358333 0.385156 0.359375 0.385156 0.360417 0.384375 0.361458 0.384375 0.3625 0.383594 0.363542 0.383594 0.365625 0.382031 0.366667 0.382031 0.371875 0.378125 0.371875 0.377344 0.373958 0.375781 0.373958 0.374219 0.375 0.373437 0.375 0.367969 0.373958 0.367188 0.373958 0.366406 0.372917 0.365625 0.467858
4 0.170833 0.355469 0.170833 0.378906 0.171875 0.378906 0.172917 0.379687 0.176042 0.379687 0.177083 0.380469 0.180208 0.380469 0.182292 0.382031 0.183333 0.382031 0.184375 0.382812 0.1875 0.382812 0.188542 0.383594 0.192708 0.383594 0.19375 0.384375 0.198958 0.384375 0.2 0.385156 0.208333 0.385156 0.209375 0.385938 0.21875 0.385938 0.219792 0.386719 0.270833 0.386719 0.271875 0.385938 0.28125 0.385938 0.282292 0.385156 0.290625 0.385156 0.291667 0.384375 0.3 0.384375 0.301042 0.383594 0.305208 0.383594 0.30625 0.382812 0.309375 0.382812 0.310417 0.382031 0.315625 0.382031 0.316667 0.38125 0.320833 0.38125 0.321875 0.380469 0.325 0.380469 0.326042 0.379687 0.328125 0.379687 0.329167 0.378906 0.332292 0.378906 0.333333 0.378125 0.335417 0.378125 0.336458 0.377344 0.338542 0.377344 0.339583 0.376563 0.342708 0.376563 0.34375 0.375781 0.345833 0.375781 0.346875 0.375 0.347917 0.375 0.348958 0.374219 0.351042 0.374219 0.352083 0.373437 0.353125 0.373437 0.355208 0.371875 0.35625 0.371875 0.357292 0.371094 0.358333 0.371094 0.359375 0.370313 0.360417 0.370313 0.361458 0.369531 0.3625 0.369531 0.363542 0.36875 0.366667 0.36875 0.367708 0.367969 0.36875 0.367969 0.371875 0.365625 0.371875 0.364844 0.372917 0.364062 0.372917 0.360938 0.371875 0.360156 0.36875 0.360156 0.367708 0.360938 0.365625 0.360938 0.364583 0.361719 0.363542 0.361719 0.3625 0.3625 0.360417 0.3625 0.359375 0.363281 0.355208 0.363281 0.354167 0.364062 0.352083 0.364062 0.351042 0.364844 0.35 0.364844 0.348958 0.365625 0.346875 0.365625 0.345833 0.366406 0.342708 0.366406 0.341667 0.367188 0.336458 0.367188 0.335417 0.367969 0.333333 0.367969 0.332292 0.36875 0.330208 0.36875 0.329167 0.369531 0.322917 0.369531 0.321875 0.370313 0.3125 0.370313 0.311458 0.371094 0.307292 0.371094 0.30625 0.371875 0.298958 0.371875 0.297917 0.372656 0.286458 0.372656 0.285417 0.373437 0.217708 0.373437 0.216667 0.372656 0.210417 0.372656 0.209375 0.371875 0.207292 0.371875 0.20625 0.371094 0.204167 0.371094 0.203125 0.370313 0.197917 0.370313 0.196875 0.369531 0.19375 0.369531 0.192708 0.36875 0.191667 0.36875 0.190625 0.367969 0.189583 0.367969 0.188542 0.367188 0.1875 0.367188 0.186458 0.366406 0.185417 0.366406 0.184375 0.365625 0.183333 0.365625 0.18125 0.364062 0.180208 0.364062 0.179167 0.363281 0.178125 0.363281 0.173958 0.360156 0.173958 0.357812 0.172917 0.357031 0.172917 0.355469 0.312152
4 0.376042 0.376563 0.375 0.377344 0.373958 0.377344 0.371875 0.378906 0.371875 0.379687 0.369792 0.38125 0.36875 0.38125 0.365625 0.383594 0.364583 0.383594 0.3625 0.385156 0.360417 0.385156 0.359375 0.385938 0.358333 0.385938 0.357292 0.386719 0.35625 0.386719 0.355208 0.3875 0.354167 0.3875 0.353125 0.388281 0.351042 0.388281 0.35 0.389062 0.346875 0.389062 0.345833 0.389844 0.344792 0.389844 0.34375 0.390625 0.342708 0.390625 0.341667 0.391406 0.338542 0.391406 0.3375 0.392188 0.334375 0.392188 0.333333 0.392969 0.33125 0.392969 0.330208 0.39375 0.328125 0.39375 0.327083 0.394531 0.321875 0.394531 0.320833 0.395312 0.313542 0.395312 0.3125 0.396094 0.309375 0.396094 0.308333 0.396875 0.305208 0.396875 0.304167 0.397656 0.295833 0.397656 0.294792 0.398438 0.28125 0.398438 0.280208 0.399219 0.266667 0.399219 0.265625 0.4 0.234375 0.4 0.233333 0.399219 0.222917 0.399219 0.221875 0.398438 0.210417 0.398438 0.209375 0.397656 0.204167 0.397656 0.203125 0.396875 0.201042 0.396875 0.2 0.396094 0.197917 0.396094 0.196875 0.395312 0.19375 0.395312 0.192708 0.394531 0.190625 0.394531 0.189583 0.39375 0.188542 0.39375 0.1875 0.392969 0.186458 0.392969 0.185417 0.392188 0.184375 0.392188 0.183333 0.391406 0.182292 0.391406 0.180208 0.389844 0.180208 0.396875 0.18125 0.397656 0.18125 0.398438 0.189583 0.404687 0.191667 0.404687 0.192708 0.405469 0.19375 0.405469 0.194792 0.40625 0.195833 0.40625 0.196875 0.407031 0.198958 0.407031 0.2 0.407813 0.204167 0.407813 0.205208 0.408594 0.210417 0.408594 0.211458 0.409375 0.214583 0.409375 0.215625 0.410156 0.219792 0.410156 0.220833 0.410937 0.233333 0.410937 0.234375 0.411719 0.277083 0.411719 0.278125 0.410937 0.290625 0.410937 0.291667 0.410156 0.298958 0.410156 0.3 0.409375 0.304167 0.409375 0.305208 0.408594 0.309375 0.408594 0.310417 0.407813 0.315625 0.407813 0.316667 0.407031 0.321875 0.407031 0.322917 0.40625 0.326042 0.40625 0.327083 0.405469 0.33125 0.405469 0.332292 0.404687 0.336458 0.404687 0.3375 0.403906 0.339583 0.403906 0.340625 0.403125 0.341667 0.403125 0.342708 0.402344 0.344792 0.402344 0.345833 0.401563 0.347917 0.401563 0.348958 0.400781 0.351042 0.400781 0.352083 0.4 0.353125 0.4 0.354167 0.399219 0.355208 0.399219 0.35625 0.398438 0.357292 0.398438 0.358333 0.397656 0.359375 0.397656 0.360417 0.396875 0.361458 0.396875 0.3625 0.396094 0.363542 0.396094 0.364583 0.395312 0.365625 0.395312 0.375 0.388281 0.375 0.3875 0.377083 0.385938 0.377083 0.385156 0.378125 0.384375 0.378125 0.38125 0.377083 0.380469 0.377083 0.378125 0.376042 0.377344 0.283965
