0 0.465625 0.199219 0.464583 0.2 0.4625 0.2 0.461458 0.200781 0.460417 0.200781 0.459375 0.201562 0.455208 0.201562 0.454167 0.202344 0.451042 0.202344 0.45 0.203125 0.448958 0.203125 0.447917 0.203906 0.445833 0.203906 0.444792 0.204687 0.44375 0.204687 0.442708 0.205469 0.440625 0.205469 0.439583 0.20625 0.438542 0.20625 0.436458 0.207812 0.435417 0.207812 0.434375 0.208594 0.433333 0.208594 0.432292 0.209375 0.43125 0.209375 0.429167 0.210938 0.428125 0.210938 0.426042 0.2125 0.425 0.2125 0.416667 0.21875 0.416667 0.219531 0.414583 0.221094 0.414583 0.221875 0.413542 0.222656 0.413542 0.223437 0.4125 0.224219 0.4125 0.225 0.411458 0.225781 0.411458 0.227344 0.410417 0.228125 0.410417 0.229687 0.409375 0.230469 0.409375 0.232031 0.408333 0.232812 0.408333 0.234375 0.407292 0.235156 0.407292 0.235937 0.40625 0.236719 0.40625 0.239844 0.405208 0.240625 0.405208 0.254688 0.40625 0.255469 0.40625 0.257031 0.407292 0.257812 0.407292 0.260156 0.408333 0.260937 0.408333 0.2625 0.409375 0.263281 0.409375 0.264062 0.411458 0.265625 0.411458 0.266406 0.4125 0.267187 0.4125 0.267969 0.413542 0.26875 0.413542 0.269531 0.416667 0.271875 0.416667 0.272656 0.430208 0.282812 0.43125 0.282812 0.434375 0.285156 0.435417 0.285156 0.438542 0.2875 0.439583 0.2875 0.441667 0.289062 0.442708 0.289062 0.44375 0.289844 0.445833 0.289844 0.447917 0.291406 0.448958 0.291406 0.45 0.292187 0.451042 0.292187 0.452083 0.292969 0.454167 0.292969 0.455208 0.29375 0.45625 0.29375 0.457292 0.294531 0.458333 0.294531 0.459375 0.295312 0.461458 0.295312 0.4625 0.296094 0.465625 0.296094 0.466667 0.296875 0.46875 0.296875 0.469792 0.297656 0.470833 0.297656 0.471875 0.298437 0.476042 0.298437 0.477083 0.299219 0.48125 0.299219 0.482292 0.3 0.485417 0.3 0.486458 0.300781 0.491667 0.300781 0.492708 0.301562 0.502083 0.301562 0.503125 0.302344 0.526042 0.302344 0.527083 0.301562 0.536458 0.301562 0.5375 0.300781 0.542708 0.300781 0.54375 0.3 0.546875 0.3 0.547917 0.299219 0.551042 0.299219 0.552083 0.298437 0.555208 0.298437 0.55625 0.297656 0.559375 0.297656 0.560417 0.296875 0.561458 0.296875 0.5625 0.296094 0.564583 0.296094 0.565625 0.295312 0.567708 0.295312 0.569792 0.29375 0.570833 0.29375 0.571875 0.292969 0.573958 0.292969 0.575 0.292187 0.576042 0.292187 0.577083 0.291406 0.578125 0.291406 0.580208 0.289844 0.58125 0.289844 0.582292 0.289062 0.583333 0.289062 0.586458 0.286719 0.5875 0.286719 0.592708 0.282812 0.59375 0.282812 0.601042 0.277344 0.601042 0.276562 0.602083 0.275781 0.602083 0.275 0.604167 0.273438 0.604167 0.272656 0.605208 0.271875 0.605208 0.26875 0.60625 0.267969 0.60625 0.264844 0.607292 0.264062 0.607292 0.261719 0.608333 0.260937 0.608333 0.255469 0.609375 0.254688 0.609375 0.248437 0.608333 0.247656 0.608333 0.244531 0.607292 0.24375 0.607292 0.242187 0.60625 0.241406 0.60625 0.239844 0.605208 0.239062 0.605208 0.2375 0.603125 0.235937 0.603125 0.235156 0.602083 0.234375 0.602083 0.233594 0.601042 0.232812 0.601042 0.232031 0.59375 0.226562 0.59375 0.225781 0.592708 0.225 0.591667 0.225 0.590625 0.224219 0.590625 0.223437 0.588542 0.221875 0.5875 0.221875 0.585417 0.220312 0.585417 0.219531 0.584375 0.21875 0.584375 0.217969 0.579167 0.214062 0.578125 0.214062 0.577083 0.213281 0.576042 0.213281 0.573958 0.211719 0.572917 0.211719 0.571875 0.210938 0.570833 0.210938 0.569792 0.210156 0.56875 0.210156 0.567708 0.209375 0.566667 0.209375 0.565625 0.208594 0.564583 0.208594 0.563542 0.207812 0.5625 0.207812 0.561458 0.207031 0.560417 0.207031 0.559375 0.20625 0.558333 0.20625 0.557292 0.205469 0.55625 0.205469 0.555208 0.204687 0.552083 0.204687 0.551042 0.203906 0.548958 0.203906 0.547917 0.203125 0.545833 0.203125 0.544792 0.202344 0.542708 0.202344 0.541667 0.201562 0.538542 0.201562 0.5375 0.200781 0.536458 0.200781 0.535417 0.2 0.532292 0.2 0.53125 0.199219 0.986053
0 0.284375 0.3 0.284375 0.300781 0.283333 0.301562 0.28125 0.301562 0.280208 0.302344 0.280208 0.303906 0.279167 0.304688 0.279167 0.305469 0.278125 0.30625 0.278125 0.328906 0.279167 0.329687 0.279167 0.330469 0.28125 0.332031 0.28125 0.332812 0.282292 0.333594 0.282292 0.335938 0.283333 0.336719 0.283333 0.3375 0.284375 0.338281 0.284375 0.339062 0.286458 0.340625 0.286458 0.342187 0.288542 0.34375 0.288542 0.344531 0.291667 0.346875 0.291667 0.347656 0.296875 0.351562 0.296875 0.352344 0.297917 0.352344 0.305208 0.357812 0.30625 0.357812 0.309375 0.360156 0.310417 0.360156 0.3125 0.361719 0.313542 0.361719 0.315625 0.363281 0.317708 0.363281 0.319792 0.364844 0.320833 0.364844 0.321875 0.365625 0.322917 0.365625 0.323958 0.366406 0.326042 0.366406 0.327083 0.367188 0.328125 0.367188 0.329167 0.367969 0.330208 0.367969 0.33125 0.36875 0.333333 0.36875 0.334375 0.369531 0.336458 0.369531 0.3375 0.370312 0.340625 0.370312 0.341667 0.371094 0.34375 0.371094 0.344792 0.371875 0.347917 0.371875 0.348958 0.372656 0.355208 0.372656 0.35625 0.373437 0.360417 0.373437 0.361458 0.374219 0.369792 0.374219 0.370833 0.375 0.392708 0.375 0.39375 0.374219 0.403125 0.374219 0.404167 0.373437 0.409375 0.373437 0.410417 0.372656 0.415625 0.372656 0.416667 0.371875 0.420833 0.371875 0.421875 0.371094 0.423958 0.371094 0.425 0.370312 0.427083 0.370312 0.428125 0.369531 0.430208 0.369531 0.43125 0.36875 0.433333 0.36875 0.434375 0.367969 0.435417 0.367969 0.436458 0.367188 0.438542 0.367188 0.439583 0.366406 0.440625 0.366406 0.441667 0.365625 0.442708 0.365625 0.44375 0.364844 0.444792 0.364844 0.445833 0.364062 0.446875 0.364062 0.447917 0.363281 0.448958 0.363281 0.45 0.3625 0.451042 0.3625 0.452083 0.361719 0.453125 0.361719 0.45625 0.359375 0.457292 0.359375 0.459375 0.357812 0.460417 0.357812 0.463542 0.355469 0.464583 0.355469 0.475 0.347656 0.475 0.346875 0.479167 0.34375 0.479167 0.342969 0.483333 0.339844 0.483333 0.339062 0.4875 0.335938 0.4875 0.335156 0.488542 0.334375 0.488542 0.332031 0.489583 0.33125 0.489583 0.327344 0.490625 0.326562 0.490625 0.314062 0.489583 0.313281 0.484375 0.313281 0.483333 0.314062 0.483333 0.315625 0.482292 0.316406 0.482292 0.31875 0.48125 0.319531 0.48125 0.321875 0.480208 0.322656 0.480208 0.324219 0.479167 0.325 0.479167 0.326562 0.477083 0.328125 0.477083 0.328906 0.476042 0.329687 0.476042 0.330469 0.469792 0.335156 0.469792 0.335938 0.466667 0.338281 0.465625 0.338281 0.459375 0.342969 0.458333 0.342969 0.455208 0.345312 0.454167 0.345312 0.452083 0.346875 0.451042 0.346875 0.45 0.347656 0.448958 0.347656 0.446875 0.349219 0.445833 0.349219 0.44375 0.350781 0.441667 0.350781 0.440625 0.351562 0.439583 0.351562 0.4375 0.353125 0.435417 0.353125 0.434375 0.353906 0.432292 0.353906 0.43125 0.354687 0.430208 0.354687 0.429167 0.355469 0.428125 0.355469 0.427083 0.35625 0.425 0.35625 0.423958 0.357031 0.419792 0.357031 0.41875 0.357812 0.414583 0.357812 0.413542 0.358594 0.410417 0.358594 0.409375 0.359375 0.404167 0.359375 0.403125 0.360156 0.39375 0.360156 0.392708 0.360937 0.369792 0.360937 0.36875 0.360156 0.361458 0.360156 0.360417 0.359375 0.355208 0.359375 0.354167 0.358594 0.351042 0.358594 0.35 0.357812 0.346875 0.357812 0.345833 0.357031 0.342708 0.357031 0.341667 0.35625 0.338542 0.35625 0.3375 0.355469 0.336458 0.355469 0.335417 0.354687 0.333333 0.354687 0.332292 0.353906 0.33125 0.353906 0.330208 0.353125 0.329167 0.353125 0.328125 0.352344 0.327083 0.352344 0.326042 0.351562 0.325 0.351562 0.323958 0.350781 0.322917 0.350781 0.321875 0.35 0.320833 0.35 0.319792 0.349219 0.31875 0.349219 0.317708 0.348437 0.316667 0.348437 0.314583 0.346875 0.313542 0.346875 0.310417 0.344531 0.309375 0.344531 0.294792 0.333594 0.294792 0.332812 0.29375 0.332031 0.29375 0.33125 0.291667 0.329687 0.291667 0.328906 0.290625 0.328125 0.290625 0.327344 0.289583 0.326562 0.289583 0.325 0.288542 0.324219 0.288542 0.322656 0.2875 0.321875 0.2875 0.320312 0.286458 0.319531 0.286458 0.317187 0.285417 0.316406 0.285417 0.3125 0.284375 0.311719 0.985832
0 0.360417 0.223437 0.359375 0.224219 0.35625 0.224219 0.355208 0.225 0.352083 0.225 0.351042 0.225781 0.348958 0.225781 0.347917 0.226562 0.344792 0.226562 0.34375 0.227344 0.341667 0.227344 0.340625 0.228125 0.338542 0.228125 0.3375 0.228906 0.335417 0.228906 0.334375 0.229687 0.333333 0.229687 0.332292 0.230469 0.330208 0.230469 0.329167 0.23125 0.328125 0.23125 0.327083 0.232031 0.326042 0.232031 0.325 0.232812 0.323958 0.232812 0.322917 0.233594 0.321875 0.233594 0.320833 0.234375 0.319792 0.234375 0.31875 0.235156 0.317708 0.235156 0.315625 0.236719 0.314583 0.236719 0.313542 0.2375 0.3125 0.2375 0.310417 0.239062 0.309375 0.239062 0.30625 0.241406 0.305208 0.241406 0.301042 0.244531 0.3 0.244531 0.294792 0.248437 0.294792 0.249219 0.291667 0.251563 0.291667 0.252344 0.288542 0.254688 0.288542 0.255469 0.286458 0.257031 0.286458 0.257812 0.285417 0.258594 0.285417 0.259375 0.284375 0.260156 0.284375 0.260937 0.283333 0.261719 0.283333 0.2625 0.282292 0.263281 0.282292 0.289062 0.283333 0.289844 0.283333 0.291406 0.285417 0.292969 0.285417 0.294531 0.286458 0.295312 0.286458 0.296094 0.291667 0.3 0.291667 0.300781 0.3 0.307031 0.3 0.307812 0.304167 0.310937 0.305208 0.310937 0.309375 0.314062 0.310417 0.314062 0.311458 0.314844 0.3125 0.314844 0.315625 0.317187 0.316667 0.317187 0.317708 0.317969 0.31875 0.317969 0.319792 0.31875 0.320833 0.31875 0.322917 0.320312 0.325 0.320312 0.326042 0.321094 0.327083 0.321094 0.328125 0.321875 0.329167 0.321875 0.330208 0.322656 0.33125 0.322656 0.332292 0.323437 0.334375 0.323437 0.335417 0.324219 0.338542 0.324219 0.339583 0.325 0.341667 0.325 0.342708 0.325781 0.344792 0.325781 0.345833 0.326562 0.352083 0.326562 0.353125 0.327344 0.35625 0.327344 0.357292 0.328125 0.360417 0.328125 0.361458 0.328906 0.369792 0.328906 0.370833 0.329687 0.395833 0.329687 0.396875 0.328906 0.405208 0.328906 0.40625 0.328125 0.411458 0.328125 0.4125 0.327344 0.416667 0.327344 0.417708 0.326562 0.420833 0.326562 0.421875 0.325781 0.425 0.325781 0.426042 0.325 0.428125 0.325 0.429167 0.324219 0.43125 0.324219 0.432292 0.323437 0.433333 0.323437 0.434375 0.322656 0.436458 0.322656 0.4375 0.321875 0.439583 0.321875 0.440625 0.321094 0.441667 0.321094 0.44375 0.319531 0.445833 0.319531 0.446875 0.31875 0.447917 0.31875 0.448958 0.317969 0.45 0.317969 0.451042 0.317187 0.452083 0.317187 0.454167 0.315625 0.455208 0.315625 0.45625 0.314844 0.457292 0.314844 0.459375 0.313281 0.460417 0.313281 0.464583 0.310156 0.461458 0.307812 0.459375 0.307812 0.458333 0.307031 0.45625 0.307031 0.455208 0.30625 0.454167 0.30625 0.452083 0.304688 0.45 0.304688 0.448958 0.303906 0.446875 0.303906 0.445833 0.303125 0.444792 0.303125 0.442708 0.301562 0.441667 0.301562 0.440625 0.300781 0.439583 0.300781 0.438542 0.3 0.4375 0.3 0.435417 0.298437 0.434375 0.298437 0.433333 0.297656 0.432292 0.297656 0.429167 0.295312 0.428125 0.295312 0.427083 0.294531 0.426042 0.294531 0.414583 0.285937 0.414583 0.285156 0.411458 0.282812 0.411458 0.282031 0.410417 0.28125 0.410417 0.280469 0.409375 0.279687 0.409375 0.278906 0.408333 0.278125 0.408333 0.277344 0.407292 0.276562 0.407292 0.275781 0.40625 0.275 0.40625 0.273438 0.405208 0.272656 0.405208 0.270312 0.404167 0.269531 0.404167 0.26875 0.403125 0.267969 0.403125 0.266406 0.402083 0.265625 0.402083 0.250781 0.403125 0.25 0.403125 0.246094 0.404167 0.245312 0.404167 0.242969 0.405208 0.242187 0.405208 0.238281 0.40625 0.2375 0.40625 0.233594 0.407292 0.232812 0.407292 0.23125 0.408333 0.230469 0.408333 0.229687 0.409375 0.228906 0.409375 0.227344 0.410417 0.226562 0.410417 0.224219 0.411458 0.223437 0.982532
0 0.66875 0.339844 0.667708 0.340625 0.667708 0.342969 0.666667 0.34375 0.666667 0.344531 0.665625 0.345312 0.664583 0.345312 0.664583 0.346094 0.6625 0.347656 0.6625 0.348437 0.661458 0.349219 0.661458 0.35 0.658333 0.352344 0.658333 0.353125 0.655208 0.355469 0.655208 0.35625 0.65 0.360156 0.648958 0.360156 0.644792 0.363281 0.64375 0.363281 0.640625 0.365625 0.639583 0.365625 0.638542 0.366406 0.6375 0.366406 0.636458 0.367188 0.635417 0.367188 0.634375 0.367969 0.633333 0.367969 0.63125 0.369531 0.629167 0.369531 0.628125 0.370312 0.626042 0.370312 0.625 0.371094 0.623958 0.371094 0.622917 0.371875 0.620833 0.371875 0.619792 0.372656 0.617708 0.372656 0.616667 0.373437 0.611458 0.373437 0.610417 0.374219 0.608333 0.374219 0.607292 0.375 0.603125 0.375 0.602083 0.375781 0.56875 0.375781 0.567708 0.375 0.563542 0.375 0.5625 0.374219 0.559375 0.374219 0.558333 0.373437 0.553125 0.373437 0.552083 0.372656 0.548958 0.372656 0.547917 0.371875 0.545833 0.371875 0.544792 0.371094 0.54375 0.371094 0.542708 0.370312 0.540625 0.370312 0.539583 0.369531 0.5375 0.369531 0.536458 0.36875 0.534375 0.36875 0.533333 0.367969 0.532292 0.367969 0.53125 0.367188 0.530208 0.367188 0.529167 0.366406 0.528125 0.366406 0.527083 0.365625 0.526042 0.365625 0.525 0.364844 0.523958 0.364844 0.521875 0.363281 0.520833 0.363281 0.517708 0.360937 0.516667 0.360937 0.514583 0.359375 0.513542 0.359375 0.510417 0.357031 0.509375 0.357031 0.497917 0.348437 0.497917 0.347656 0.496875 0.346875 0.495833 0.346875 0.495833 0.355469 0.498958 0.357812 0.498958 0.358594 0.5 0.359375 0.501042 0.359375 0.510417 0.366406 0.511458 0.366406 0.514583 0.36875 0.515625 0.36875 0.517708 0.370312 0.51875 0.370312 0.520833 0.371875 0.521875 0.371875 0.522917 0.372656 0.523958 0.372656 0.525 0.373437 0.526042 0.373437 0.528125 0.375 0.529167 0.375 0.530208 0.375781 0.532292 0.375781 0.533333 0.376562 0.534375 0.376562 0.535417 0.377344 0.536458 0.377344 0.5375 0.378125 0.539583 0.378125 0.540625 0.378906 0.542708 0.378906 0.54375 0.379687 0.545833 0.379687 0.546875 0.380469 0.548958 0.380469 0.55 0.38125 0.553125 0.38125 0.554167 0.382031 0.558333 0.382031 0.559375 0.382812 0.5625 0.382812 0.563542 0.383594 0.567708 0.383594 0.56875 0.384375 0.603125 0.384375 0.604167 0.383594 0.608333 0.383594 0.609375 0.382812 0.6125 0.382812 0.613542 0.382031 0.617708 0.382031 0.61875 0.38125 0.620833 0.38125 0.621875 0.380469 0.623958 0.380469 0.625 0.379687 0.627083 0.379687 0.628125 0.378906 0.629167 0.378906 0.630208 0.378125 0.63125 0.378125 0.632292 0.377344 0.633333 0.377344 0.634375 0.376562 0.635417 0.376562 0.636458 0.375781 0.638542 0.375781 0.640625 0.374219 0.641667 0.374219 0.644792 0.371875 0.645833 0.371875 0.658333 0.3625 0.658333 0.361719 0.660417 0.360156 0.660417 0.359375 0.661458 0.358594 0.661458 0.357812 0.6625 0.357031 0.6625 0.35625 0.663542 0.355469 0.663542 0.354687 0.664583 0.353906 0.664583 0.352344 0.665625 0.351562 0.665625 0.347656 0.666667 0.346875 0.666667 0.346094 0.667708 0.345312 0.667708 0.34375 0.66875 0.342969 0.979263
0 0.286458 0.30625 0.286458 0.316406 0.2875 0.317187 0.2875 0.319531 0.288542 0.320312 0.288542 0.322656 0.289583 0.323437 0.289583 0.324219 0.290625 0.325 0.290625 0.325781 0.291667 0.326562 0.291667 0.327344 0.292708 0.328125 0.292708 0.329687 0.295833 0.332031 0.295833 0.332812 0.297917 0.334375 0.297917 0.335156 0.308333 0.342969 0.309375 0.342969 0.313542 0.346094 0.314583 0.346094 0.315625 0.346875 0.316667 0.346875 0.31875 0.348437 0.319792 0.348437 0.320833 0.349219 0.321875 0.349219 0.322917 0.35 0.323958 0.35 0.325 0.350781 0.326042 0.350781 0.327083 0.351562 0.328125 0.351562 0.329167 0.352344 0.330208 0.352344 0.33125 0.353125 0.333333 0.353125 0.334375 0.353906 0.335417 0.353906 0.336458 0.354687 0.338542 0.354687 0.339583 0.355469 0.341667 0.355469 0.342708 0.35625 0.344792 0.35625 0.345833 0.357031 0.348958 0.357031 0.35 0.357812 0.354167 0.357812 0.355208 0.358594 0.359375 0.358594 0.360417 0.359375 0.367708 0.359375 0.36875 0.360156 0.392708 0.360156 0.39375 0.359375 0.403125 0.359375 0.404167 0.358594 0.409375 0.358594 0.410417 0.357812 0.413542 0.357812 0.414583 0.357031 0.41875 0.357031 0.419792 0.35625 0.422917 0.35625 0.423958 0.355469 0.426042 0.355469 0.427083 0.354687 0.429167 0.354687 0.430208 0.353906 0.43125 0.353906 0.432292 0.353125 0.433333 0.353125 0.434375 0.352344 0.436458 0.352344 0.4375 0.351562 0.438542 0.351562 0.439583 0.350781 0.440625 0.350781 0.441667 0.35 0.442708 0.35 0.44375 0.349219 0.444792 0.349219 0.445833 0.348437 0.446875 0.348437 0.448958 0.346875 0.45 0.346875 0.451042 0.346094 0.452083 0.346094 0.454167 0.344531 0.455208 0.344531 0.458333 0.342187 0.459375 0.342187 0.472917 0.332031 0.472917 0.33125 0.475 0.329687 0.475 0.328906 0.477083 0.327344 0.477083 0.323437 0.476042 0.324219 0.476042 0.325 0.475 0.325781 0.473958 0.325781 0.464583 0.332812 0.463542 0.332812 0.463542 0.333594 0.4625 0.334375 0.461458 0.334375 0.459375 0.335938 0.458333 0.335938 0.45625 0.3375 0.455208 0.3375 0.454167 0.338281 0.453125 0.338281 0.451042 0.339844 0.45 0.339844 0.448958 0.340625 0.447917 0.340625 0.446875 0.341406 0.445833 0.341406 0.444792 0.342187 0.44375 0.342187 0.442708 0.342969 0.441667 0.342969 0.440625 0.34375 0.439583 0.34375 0.438542 0.344531 0.436458 0.344531 0.435417 0.345312 0.434375 0.345312 0.433333 0.346094 0.43125 0.346094 0.430208 0.346875 0.428125 0.346875 0.427083 0.347656 0.423958 0.347656 0.422917 0.348437 0.419792 0.348437 0.41875 0.349219 0.4125 0.349219 0.411458 0.35 0.402083 0.35 0.401042 0.350781 0.373958 0.350781 0.372917 0.35 0.363542 0.35 0.3625 0.349219 0.355208 0.349219 0.354167 0.348437 0.351042 0.348437 0.35 0.347656 0.346875 0.347656 0.345833 0.346875 0.34375 0.346875 0.342708 0.346094 0.339583 0.346094 0.338542 0.345312 0.3375 0.345312 0.336458 0.344531 0.335417 0.344531 0.334375 0.34375 0.332292 0.34375 0.33125 0.342969 0.329167 0.342969 0.328125 0.342187 0.327083 0.342187 0.326042 0.341406 0.325 0.341406 0.322917 0.339844 0.321875 0.339844 0.320833 0.339062 0.319792 0.339062 0.31875 0.338281 0.317708 0.338281 0.315625 0.336719 0.314583 0.336719 0.310417 0.333594 0.309375 0.333594 0.301042 0.327344 0.301042 0.326562 0.296875 0.323437 0.296875 0.322656 0.294792 0.321094 0.294792 0.320312 0.29375 0.319531 0.29375 0.31875 0.292708 0.317969 0.292708 0.317187 0.291667 0.316406 0.291667 0.315625 0.290625 0.314844 0.290625 0.3125 0.289583 0.311719 0.289583 0.310156 0.2875 0.308594 0.2875 0.307812 0.286458 0.307031 0.976961
0 0.284375 0.357812 0.284375 0.361719 0.285417 0.3625 0.285417 0.363281 0.2875 0.364844 0.2875 0.36875 0.288542 0.369531 0.288542 0.370312 0.289583 0.371094 0.289583 0.371875 0.290625 0.372656 0.290625 0.373437 0.291667 0.374219 0.291667 0.375 0.29375 0.376562 0.29375 0.377344 0.297917 0.380469 0.297917 0.38125 0.303125 0.385156 0.304167 0.385156 0.308333 0.388281 0.309375 0.388281 0.311458 0.389844 0.3125 0.389844 0.314583 0.391406 0.315625 0.391406 0.317708 0.392969 0.31875 0.392969 0.319792 0.39375 0.320833 0.39375 0.321875 0.394531 0.322917 0.394531 0.323958 0.395312 0.325 0.395312 0.326042 0.396094 0.327083 0.396094 0.328125 0.396875 0.329167 0.396875 0.330208 0.397656 0.33125 0.397656 0.332292 0.398438 0.334375 0.398438 0.335417 0.399219 0.336458 0.399219 0.3375 0.4 0.339583 0.4 0.340625 0.400781 0.34375 0.400781 0.344792 0.401562 0.346875 0.401562 0.347917 0.402344 0.351042 0.402344 0.352083 0.403125 0.35625 0.403125 0.357292 0.403906 0.363542 0.403906 0.364583 0.404687 0.4 0.404687 0.401042 0.403906 0.407292 0.403906 0.408333 0.403125 0.4125 0.403125 0.413542 0.402344 0.416667 0.402344 0.417708 0.401562 0.419792 0.401562 0.420833 0.400781 0.422917 0.400781 0.423958 0.4 0.427083 0.4 0.428125 0.399219 0.430208 0.399219 0.43125 0.398438 0.432292 0.398438 0.433333 0.397656 0.435417 0.397656 0.436458 0.396875 0.4375 0.396875 0.438542 0.396094 0.439583 0.396094 0.440625 0.395312 0.441667 0.395312 0.442708 0.394531 0.44375 0.394531 0.444792 0.39375 0.445833 0.39375 0.446875 0.392969 0.447917 0.392969 0.45 0.391406 0.451042 0.391406 0.452083 0.390625 0.453125 0.390625 0.45625 0.388281 0.457292 0.388281 0.461458 0.385156 0.4625 0.385156 0.472917 0.377344 0.472917 0.376562 0.476042 0.374219 0.476042 0.373437 0.478125 0.371875 0.478125 0.371094 0.479167 0.370312 0.479167 0.369531 0.48125 0.367969 0.48125 0.366406 0.482292 0.365625 0.482292 0.361719 0.483333 0.360937 0.484375 0.360937 0.484375 0.359375 0.484375 0.360156 0.483333 0.360937 0.482292 0.360937 0.476042 0.365625 0.476042 0.366406 0.471875 0.369531 0.471875 0.370312 0.469792 0.371875 0.46875 0.371875 0.461458 0.377344 0.460417 0.377344 0.457292 0.379687 0.45625 0.379687 0.454167 0.38125 0.453125 0.38125 0.451042 0.382812 0.45 0.382812 0.448958 0.383594 0.447917 0.383594 0.446875 0.384375 0.445833 0.384375 0.44375 0.385937 0.441667 0.385937 0.440625 0.386719 0.439583 0.386719 0.438542 0.3875 0.4375 0.3875 0.436458 0.388281 0.435417 0.388281 0.434375 0.389062 0.432292 0.389062 0.43125 0.389844 0.429167 0.389844 0.428125 0.390625 0.426042 0.390625 0.425 0.391406 0.422917 0.391406 0.421875 0.392187 0.417708 0.392187 0.416667 0.392969 0.411458 0.392969 0.410417 0.39375 0.407292 0.39375 0.40625 0.394531 0.401042 0.394531 0.4 0.395312 0.3625 0.395312 0.361458 0.394531 0.35625 0.394531 0.355208 0.39375 0.351042 0.39375 0.35 0.392969 0.345833 0.392969 0.344792 0.392187 0.341667 0.392187 0.340625 0.391406 0.338542 0.391406 0.3375 0.390625 0.335417 0.390625 0.334375 0.389844 0.332292 0.389844 0.33125 0.389062 0.330208 0.389062 0.329167 0.388281 0.327083 0.388281 0.326042 0.3875 0.325 0.3875 0.323958 0.386719 0.322917 0.386719 0.321875 0.385937 0.320833 0.385937 0.319792 0.385156 0.31875 0.385156 0.317708 0.384375 0.316667 0.384375 0.314583 0.382812 0.313542 0.382812 0.311458 0.38125 0.310417 0.38125 0.307292 0.378906 0.30625 0.378906 0.29375 0.369531 0.29375 0.36875 0.289583 0.365625 0.289583 0.364844 0.288542 0.364062 0.288542 0.363281 0.2875 0.363281 0.286458 0.3625 0.286458 0.360937 0.285417 0.360156 0.285417 0.358594 0.969894
0 0.667708 0.335938 0.667708 0.335156 0.667708 0.335938 0.665625 0.338281 0.664583 0.3375 0.6625 0.339062 0.6625 0.339844 0.661458 0.340625 0.660417 0.340625 0.659375 0.341406 0.658333 0.341406 0.654167 0.344531 0.653125 0.344531 0.65 0.346875 0.648958 0.346875 0.647917 0.347656 0.646875 0.347656 0.645833 0.348437 0.644792 0.348437 0.64375 0.349219 0.642708 0.349219 0.640625 0.350781 0.638542 0.350781 0.6375 0.351562 0.635417 0.351562 0.633333 0.353125 0.632292 0.353125 0.63125 0.353906 0.628125 0.353906 0.627083 0.354687 0.622917 0.354687 0.621875 0.355469 0.61875 0.355469 0.617708 0.35625 0.615625 0.35625 0.614583 0.357031 0.60625 0.357031 0.605208 0.357812 0.5875 0.357812 0.586458 0.357031 0.573958 0.357031 0.572917 0.35625 0.569792 0.35625 0.56875 0.355469 0.565625 0.355469 0.564583 0.354687 0.559375 0.354687 0.558333 0.353906 0.554167 0.353906 0.553125 0.353125 0.552083 0.353125 0.551042 0.352344 0.548958 0.352344 0.547917 0.351562 0.545833 0.351562 0.544792 0.350781 0.541667 0.350781 0.539583 0.349219 0.538542 0.349219 0.5375 0.348437 0.535417 0.348437 0.534375 0.347656 0.533333 0.347656 0.532292 0.346875 0.53125 0.346875 0.530208 0.346094 0.529167 0.346094 0.527083 0.344531 0.525 0.344531 0.521875 0.342187 0.520833 0.342187 0.51875 0.340625 0.517708 0.340625 0.514583 0.338281 0.513542 0.338281 0.509375 0.335156 0.508333 0.335156 0.50625 0.333594 0.50625 0.332812 0.505208 0.332031 0.504167 0.332031 0.502083 0.330469 0.502083 0.329687 0.501042 0.328906 0.5 0.328906 0.497917 0.327344 0.497917 0.326562 0.496875 0.326562 0.496875 0.3375 0.497917 0.3375 0.498958 0.338281 0.498958 0.339062 0.5 0.339844 0.501042 0.339844 0.508333 0.345312 0.509375 0.345312 0.513542 0.348437 0.514583 0.348437 0.517708 0.350781 0.51875 0.350781 0.520833 0.352344 0.521875 0.352344 0.522917 0.353125 0.523958 0.353125 0.526042 0.354687 0.527083 0.354687 0.528125 0.355469 0.529167 0.355469 0.530208 0.35625 0.53125 0.35625 0.532292 0.357031 0.534375 0.357031 0.535417 0.357812 0.536458 0.357812 0.5375 0.358594 0.538542 0.358594 0.539583 0.359375 0.540625 0.359375 0.541667 0.360156 0.54375 0.360156 0.544792 0.360937 0.546875 0.360937 0.547917 0.361719 0.55 0.361719 0.551042 0.3625 0.553125 0.3625 0.554167 0.363281 0.558333 0.363281 0.559375 0.364062 0.564583 0.364062 0.565625 0.364844 0.56875 0.364844 0.569792 0.365625 0.575 0.365625 0.576042 0.366406 0.596875 0.366406 0.597917 0.365625 0.605208 0.365625 0.60625 0.364844 0.610417 0.364844 0.611458 0.364062 0.615625 0.364062 0.616667 0.363281 0.621875 0.363281 0.622917 0.3625 0.623958 0.3625 0.625 0.361719 0.627083 0.361719 0.628125 0.360937 0.630208 0.360937 0.63125 0.360156 0.633333 0.360156 0.634375 0.359375 0.635417 0.359375 0.636458 0.358594 0.6375 0.358594 0.638542 0.357812 0.639583 0.357812 0.640625 0.357031 0.641667 0.357031 0.642708 0.35625 0.64375 0.35625 0.645833 0.354687 0.646875 0.354687 0.65 0.352344 0.651042 0.352344 0.655208 0.349219 0.65625 0.349219 0.661458 0.345312 0.661458 0.344531 0.663542 0.342969 0.663542 0.342187 0.664583 0.341406 0.664583 0.339844 0.665625 0.339062 0.665625 0.338281 0.968225
0 0.585417 0.21875 0.591667 0.223437 0.592708 0.223437 0.596875 0.226562 0.596875 0.227344 0.601042 0.230469 0.601042 0.23125 0.602083 0.232031 0.602083 0.232812 0.604167 0.234375 0.604167 0.235156 0.605208 0.235937 0.605208 0.236719 0.60625 0.2375 0.60625 0.238281 0.608333 0.239844 0.608333 0.240625 0.609375 0.241406 0.609375 0.246094 0.610417 0.246875 0.610417 0.258594 0.609375 0.259375 0.609375 0.264062 0.608333 0.264844 0.608333 0.267187 0.607292 0.267969 0.607292 0.26875 0.60625 0.269531 0.60625 0.273438 0.605208 0.274219 0.605208 0.275781 0.604167 0.276562 0.604167 0.279687 0.603125 0.280469 0.603125 0.282812 0.602083 0.283594 0.602083 0.285156 0.601042 0.285937 0.601042 0.286719 0.597917 0.289062 0.597917 0.289844 0.590625 0.295312 0.589583 0.295312 0.589583 0.296094 0.588542 0.296875 0.5875 0.296875 0.583333 0.3 0.582292 0.3 0.58125 0.300781 0.580208 0.300781 0.578125 0.302344 0.577083 0.302344 0.575 0.303906 0.573958 0.303906 0.572917 0.304688 0.570833 0.304688 0.569792 0.305469 0.56875 0.305469 0.566667 0.307031 0.564583 0.307031 0.563542 0.307812 0.560417 0.307812 0.559375 0.308594 0.558333 0.308594 0.557292 0.309375 0.555208 0.309375 0.554167 0.310156 0.552083 0.310156 0.551042 0.310937 0.547917 0.310937 0.548958 0.310937 0.552083 0.313281 0.553125 0.313281 0.554167 0.314062 0.55625 0.314062 0.557292 0.314844 0.558333 0.314844 0.559375 0.315625 0.5625 0.315625 0.563542 0.316406 0.566667 0.316406 0.567708 0.317187 0.569792 0.317187 0.570833 0.317969 0.575 0.317969 0.576042 0.31875 0.588542 0.31875 0.589583 0.319531 0.617708 0.319531 0.61875 0.31875 0.63125 0.31875 0.632292 0.317969 0.635417 0.317969 0.636458 0.317187 0.638542 0.317187 0.639583 0.316406 0.641667 0.316406 0.642708 0.315625 0.645833 0.315625 0.646875 0.314844 0.648958 0.314844 0.65 0.314062 0.651042 0.314062 0.652083 0.313281 0.653125 0.313281 0.654167 0.3125 0.655208 0.3125 0.65625 0.311719 0.658333 0.311719 0.660417 0.310156 0.661458 0.310156 0.6625 0.309375 0.663542 0.309375 0.664583 0.308594 0.665625 0.308594 0.66875 0.30625 0.669792 0.30625 0.679167 0.299219 0.679167 0.298437 0.68125 0.296875 0.682292 0.296875 0.682292 0.296094 0.683333 0.295312 0.683333 0.294531 0.684375 0.29375 0.684375 0.292969 0.6875 0.290625 0.6875 0.289844 0.688542 0.289062 0.688542 0.2875 0.689583 0.286719 0.689583 0.285156 0.690625 0.284375 0.690625 0.282812 0.691667 0.282031 0.691667 0.279687 0.692708 0.278906 0.692708 0.265625 0.691667 0.264844 0.691667 0.263281 0.690625 0.2625 0.690625 0.260937 0.689583 0.260156 0.689583 0.259375 0.688542 0.258594 0.688542 0.257812 0.6875 0.257031 0.6875 0.25625 0.686458 0.255469 0.686458 0.254688 0.685417 0.253906 0.685417 0.253125 0.683333 0.251563 0.683333 0.250781 0.680208 0.248437 0.680208 0.247656 0.665625 0.236719 0.664583 0.236719 0.661458 0.234375 0.660417 0.234375 0.658333 0.232812 0.657292 0.232812 0.65625 0.232031 0.655208 0.232031 0.653125 0.230469 0.652083 0.230469 0.651042 0.229687 0.65 0.229687 0.648958 0.228906 0.647917 0.228906 0.646875 0.228125 0.645833 0.228125 0.644792 0.227344 0.64375 0.227344 0.642708 0.226562 0.640625 0.226562 0.639583 0.225781 0.638542 0.225781 0.6375 0.225 0.636458 0.225 0.635417 0.224219 0.633333 0.224219 0.632292 0.223437 0.630208 0.223437 0.629167 0.222656 0.627083 0.222656 0.626042 0.221875 0.625 0.221875 0.623958 0.221094 0.620833 0.221094 0.619792 0.220312 0.617708 0.220312 0.616667 0.219531 0.614583 0.219531 0.613542 0.21875 0.966999
0 0.280208 0.332812 0.280208 0.342969 0.28125 0.34375 0.28125 0.345312 0.282292 0.346094 0.282292 0.346875 0.285417 0.349219 0.285417 0.35 0.286458 0.350781 0.286458 0.351562 0.2875 0.352344 0.2875 0.353125 0.291667 0.35625 0.291667 0.357031 0.294792 0.359375 0.294792 0.360156 0.3 0.364062 0.3 0.364844 0.301042 0.365625 0.302083 0.365625 0.30625 0.36875 0.307292 0.36875 0.310417 0.371094 0.311458 0.371094 0.313542 0.372656 0.314583 0.372656 0.316667 0.374219 0.317708 0.374219 0.31875 0.375 0.319792 0.375 0.320833 0.375781 0.321875 0.375781 0.322917 0.376562 0.323958 0.376562 0.325 0.377344 0.327083 0.377344 0.328125 0.378125 0.329167 0.378125 0.330208 0.378906 0.33125 0.378906 0.332292 0.379687 0.335417 0.379687 0.336458 0.380469 0.3375 0.380469 0.338542 0.38125 0.341667 0.38125 0.342708 0.382031 0.345833 0.382031 0.346875 0.382812 0.35 0.382812 0.351042 0.383594 0.35625 0.383594 0.357292 0.384375 0.363542 0.384375 0.364583 0.385156 0.397917 0.385156 0.398958 0.384375 0.405208 0.384375 0.40625 0.383594 0.411458 0.383594 0.4125 0.382812 0.415625 0.382812 0.416667 0.382031 0.419792 0.382031 0.420833 0.38125 0.422917 0.38125 0.423958 0.380469 0.426042 0.380469 0.427083 0.379687 0.429167 0.379687 0.430208 0.378906 0.432292 0.378906 0.433333 0.378125 0.434375 0.378125 0.435417 0.377344 0.436458 0.377344 0.4375 0.376562 0.439583 0.376562 0.440625 0.375781 0.441667 0.375781 0.442708 0.375 0.44375 0.375 0.444792 0.374219 0.445833 0.374219 0.446875 0.373437 0.447917 0.373437 0.448958 0.372656 0.45 0.372656 0.452083 0.371094 0.453125 0.371094 0.454167 0.370312 0.455208 0.370312 0.458333 0.367969 0.459375 0.367969 0.4625 0.365625 0.463542 0.365625 0.475 0.357031 0.475 0.35625 0.478125 0.353906 0.478125 0.353125 0.480208 0.351562 0.480208 0.350781 0.482292 0.349219 0.482292 0.348437 0.483333 0.347656 0.483333 0.346875 0.485417 0.345312 0.485417 0.34375 0.486458 0.342969 0.486458 0.339844 0.485417 0.339062 0.485417 0.338281 0.484375 0.339062 0.484375 0.339844 0.48125 0.342187 0.48125 0.342969 0.479167 0.344531 0.479167 0.345312 0.463542 0.357031 0.4625 0.357031 0.459375 0.359375 0.458333 0.359375 0.45625 0.360937 0.455208 0.360937 0.453125 0.3625 0.452083 0.3625 0.451042 0.363281 0.45 0.363281 0.448958 0.364062 0.447917 0.364062 0.445833 0.365625 0.444792 0.365625 0.44375 0.366406 0.441667 0.366406 0.440625 0.367188 0.439583 0.367188 0.438542 0.367969 0.4375 0.367969 0.436458 0.36875 0.434375 0.36875 0.433333 0.369531 0.43125 0.369531 0.430208 0.370312 0.428125 0.370312 0.427083 0.371094 0.426042 0.371094 0.425 0.371875 0.422917 0.371875 0.421875 0.372656 0.417708 0.372656 0.416667 0.373437 0.411458 0.373437 0.410417 0.374219 0.40625 0.374219 0.405208 0.375 0.398958 0.375 0.397917 0.375781 0.366667 0.375781 0.365625 0.375 0.359375 0.375 0.358333 0.374219 0.354167 0.374219 0.353125 0.373437 0.348958 0.373437 0.347917 0.372656 0.34375 0.372656 0.342708 0.371875 0.339583 0.371875 0.338542 0.371094 0.336458 0.371094 0.335417 0.370312 0.334375 0.370312 0.333333 0.369531 0.33125 0.369531 0.330208 0.36875 0.328125 0.36875 0.327083 0.367969 0.326042 0.367969 0.325 0.367188 0.323958 0.367188 0.322917 0.366406 0.321875 0.366406 0.320833 0.365625 0.319792 0.365625 0.31875 0.364844 0.317708 0.364844 0.316667 0.364062 0.315625 0.364062 0.314583 0.363281 0.313542 0.363281 0.311458 0.361719 0.310417 0.361719 0.308333 0.360156 0.307292 0.360156 0.301042 0.355469 0.3 0.355469 0.294792 0.351562 0.294792 0.350781 0.289583 0.346875 0.289583 0.346094 0.286458 0.34375 0.286458 0.342969 0.285417 0.342187 0.285417 0.341406 0.284375 0.340625 0.284375 0.339844 0.282292 0.338281 0.282292 0.336719 0.28125 0.335938 0.28125 0.332812 0.946653
0 0.497917 0.313281 0.497917 0.316406 0.503125 0.320312 0.504167 0.320312 0.513542 0.327344 0.514583 0.327344 0.517708 0.329687 0.51875 0.329687 0.521875 0.332031 0.522917 0.332031 0.525 0.333594 0.526042 0.333594 0.527083 0.334375 0.528125 0.334375 0.529167 0.335156 0.530208 0.335156 0.532292 0.336719 0.533333 0.336719 0.534375 0.3375 0.535417 0.3375 0.536458 0.338281 0.538542 0.338281 0.539583 0.339062 0.540625 0.339062 0.541667 0.339844 0.542708 0.339844 0.54375 0.340625 0.545833 0.340625 0.546875 0.341406 0.548958 0.341406 0.55 0.342187 0.552083 0.342187 0.553125 0.342969 0.555208 0.342969 0.55625 0.34375 0.558333 0.34375 0.559375 0.344531 0.565625 0.344531 0.566667 0.345312 0.570833 0.345312 0.571875 0.346094 0.576042 0.346094 0.577083 0.346875 0.609375 0.346875 0.610417 0.346094 0.614583 0.346094 0.615625 0.345312 0.620833 0.345312 0.621875 0.344531 0.628125 0.344531 0.629167 0.34375 0.63125 0.34375 0.632292 0.342969 0.633333 0.342969 0.634375 0.342187 0.636458 0.342187 0.6375 0.341406 0.639583 0.341406 0.640625 0.340625 0.642708 0.340625 0.64375 0.339844 0.644792 0.339844 0.646875 0.338281 0.647917 0.338281 0.648958 0.3375 0.65 0.3375 0.651042 0.336719 0.652083 0.336719 0.654167 0.335156 0.655208 0.335156 0.658333 0.332812 0.659375 0.332812 0.667708 0.326562 0.667708 0.325781 0.670833 0.323437 0.670833 0.322656 0.673958 0.320312 0.673958 0.31875 0.676042 0.317187 0.676042 0.314844 0.677083 0.314062 0.676042 0.314062 0.676042 0.315625 0.675 0.316406 0.673958 0.316406 0.670833 0.31875 0.670833 0.319531 0.669792 0.320312 0.66875 0.320312 0.663542 0.324219 0.6625 0.324219 0.660417 0.325781 0.659375 0.325781 0.657292 0.327344 0.65625 0.327344 0.655208 0.328125 0.654167 0.328125 0.653125 0.328906 0.652083 0.328906 0.65 0.330469 0.648958 0.330469 0.647917 0.33125 0.646875 0.33125 0.645833 0.332031 0.644792 0.332031 0.64375 0.332812 0.641667 0.332812 0.640625 0.333594 0.639583 0.333594 0.638542 0.334375 0.635417 0.334375 0.634375 0.335156 0.632292 0.335156 0.63125 0.335938 0.629167 0.335938 0.628125 0.336719 0.625 0.336719 0.623958 0.3375 0.619792 0.3375 0.61875 0.338281 0.6125 0.338281 0.611458 0.339062 0.583333 0.339062 0.582292 0.338281 0.576042 0.338281 0.575 0.3375 0.56875 0.3375 0.567708 0.336719 0.563542 0.336719 0.5625 0.335938 0.559375 0.335938 0.558333 0.335156 0.555208 0.335156 0.554167 0.334375 0.552083 0.334375 0.551042 0.333594 0.548958 0.333594 0.547917 0.332812 0.546875 0.332812 0.545833 0.332031 0.544792 0.332031 0.54375 0.33125 0.541667 0.33125 0.540625 0.330469 0.539583 0.330469 0.538542 0.329687 0.5375 0.329687 0.536458 0.328906 0.535417 0.328906 0.534375 0.328125 0.533333 0.328125 0.532292 0.327344 0.53125 0.327344 0.529167 0.325781 0.528125 0.325781 0.527083 0.325 0.526042 0.325 0.525 0.324219 0.523958 0.324219 0.521875 0.322656 0.520833 0.322656 0.51875 0.321094 0.517708 0.321094 0.511458 0.316406 0.511458 0.315625 0.510417 0.314844 0.510417 0.314062 0.507292 0.314062 0.50625 0.313281 0.946518
0 0.495833 0.3375 0.495833 0.346094 0.507292 0.354687 0.508333 0.354687 0.513542 0.358594 0.514583 0.358594 0.516667 0.360156 0.517708 0.360156 0.519792 0.361719 0.520833 0.361719 0.522917 0.363281 0.523958 0.363281 0.526042 0.364844 0.527083 0.364844 0.528125 0.365625 0.530208 0.365625 0.53125 0.366406 0.532292 0.366406 0.534375 0.367969 0.536458 0.367969 0.5375 0.36875 0.539583 0.36875 0.540625 0.369531 0.542708 0.369531 0.54375 0.370312 0.544792 0.370312 0.545833 0.371094 0.548958 0.371094 0.55 0.371875 0.554167 0.371875 0.555208 0.372656 0.558333 0.372656 0.559375 0.373437 0.5625 0.373437 0.563542 0.374219 0.567708 0.374219 0.56875 0.375 0.602083 0.375 0.603125 0.374219 0.607292 0.374219 0.608333 0.373437 0.610417 0.373437 0.611458 0.372656 0.615625 0.372656 0.616667 0.371875 0.619792 0.371875 0.620833 0.371094 0.622917 0.371094 0.623958 0.370312 0.625 0.370312 0.626042 0.369531 0.627083 0.369531 0.628125 0.36875 0.630208 0.36875 0.63125 0.367969 0.632292 0.367969 0.633333 0.367188 0.634375 0.367188 0.635417 0.366406 0.636458 0.366406 0.6375 0.365625 0.638542 0.365625 0.639583 0.364844 0.640625 0.364844 0.64375 0.3625 0.644792 0.3625 0.648958 0.359375 0.65 0.359375 0.653125 0.357031 0.653125 0.35625 0.655208 0.354687 0.65625 0.354687 0.65625 0.353125 0.659375 0.350781 0.659375 0.35 0.660417 0.349219 0.660417 0.347656 0.659375 0.347656 0.659375 0.348437 0.657292 0.35 0.65625 0.35 0.652083 0.353125 0.651042 0.353125 0.648958 0.354687 0.647917 0.354687 0.644792 0.357031 0.64375 0.357031 0.642708 0.357812 0.641667 0.357812 0.640625 0.358594 0.639583 0.358594 0.638542 0.359375 0.6375 0.359375 0.636458 0.360156 0.635417 0.360156 0.634375 0.360937 0.632292 0.360937 0.63125 0.361719 0.629167 0.361719 0.628125 0.3625 0.626042 0.3625 0.625 0.363281 0.622917 0.363281 0.621875 0.364062 0.617708 0.364062 0.616667 0.364844 0.6125 0.364844 0.611458 0.365625 0.607292 0.365625 0.60625 0.366406 0.6 0.366406 0.598958 0.367188 0.575 0.367188 0.573958 0.366406 0.56875 0.366406 0.567708 0.365625 0.563542 0.365625 0.5625 0.364844 0.558333 0.364844 0.557292 0.364062 0.553125 0.364062 0.552083 0.363281 0.55 0.363281 0.548958 0.3625 0.547917 0.3625 0.546875 0.361719 0.544792 0.361719 0.54375 0.360937 0.541667 0.360937 0.540625 0.360156 0.538542 0.360156 0.5375 0.359375 0.536458 0.359375 0.534375 0.357812 0.532292 0.357812 0.53125 0.357031 0.530208 0.357031 0.529167 0.35625 0.528125 0.35625 0.526042 0.354687 0.523958 0.354687 0.522917 0.353906 0.521875 0.353906 0.519792 0.352344 0.51875 0.352344 0.514583 0.349219 0.513542 0.349219 0.509375 0.346094 0.508333 0.346094 0.496875 0.3375 0.945724
0 0.286458 0.297656 0.286458 0.298437 0.2875 0.299219 0.2875 0.300781 0.288542 0.301562 0.288542 0.303125 0.289583 0.303906 0.289583 0.304688 0.290625 0.305469 0.290625 0.30625 0.291667 0.307031 0.291667 0.307812 0.292708 0.308594 0.292708 0.309375 0.295833 0.311719 0.295833 0.3125 0.298958 0.314844 0.298958 0.315625 0.309375 0.323437 0.310417 0.323437 0.3125 0.325 0.313542 0.325 0.315625 0.326562 0.316667 0.326562 0.31875 0.328125 0.319792 0.328125 0.320833 0.328906 0.321875 0.328906 0.322917 0.329687 0.323958 0.329687 0.325 0.330469 0.326042 0.330469 0.327083 0.33125 0.328125 0.33125 0.329167 0.332031 0.330208 0.332031 0.33125 0.332812 0.333333 0.332812 0.334375 0.333594 0.335417 0.333594 0.336458 0.334375 0.338542 0.334375 0.339583 0.335156 0.342708 0.335156 0.34375 0.335938 0.345833 0.335938 0.346875 0.336719 0.35 0.336719 0.351042 0.3375 0.355208 0.3375 0.35625 0.338281 0.361458 0.338281 0.3625 0.339062 0.370833 0.339062 0.371875 0.339844 0.4 0.339844 0.401042 0.339062 0.407292 0.339062 0.408333 0.338281 0.413542 0.338281 0.414583 0.3375 0.419792 0.3375 0.420833 0.336719 0.423958 0.336719 0.425 0.335938 0.427083 0.335938 0.428125 0.335156 0.430208 0.335156 0.43125 0.334375 0.434375 0.334375 0.435417 0.333594 0.436458 0.333594 0.4375 0.332812 0.438542 0.332812 0.439583 0.332031 0.440625 0.332031 0.441667 0.33125 0.44375 0.33125 0.444792 0.330469 0.445833 0.330469 0.447917 0.328906 0.448958 0.328906 0.45 0.328125 0.451042 0.328125 0.452083 0.327344 0.453125 0.327344 0.455208 0.325781 0.45625 0.325781 0.458333 0.324219 0.459375 0.324219 0.460417 0.323437 0.461458 0.323437 0.465625 0.320312 0.466667 0.320312 0.469792 0.317969 0.469792 0.317187 0.475 0.313281 0.475 0.311719 0.476042 0.310937 0.477083 0.310937 0.476042 0.310156 0.467708 0.310156 0.466667 0.310937 0.465625 0.310937 0.464583 0.311719 0.463542 0.311719 0.459375 0.314844 0.458333 0.314844 0.45625 0.316406 0.454167 0.316406 0.452083 0.317969 0.451042 0.317969 0.45 0.31875 0.448958 0.31875 0.447917 0.319531 0.446875 0.319531 0.445833 0.320312 0.444792 0.320312 0.44375 0.321094 0.442708 0.321094 0.441667 0.321875 0.439583 0.321875 0.438542 0.322656 0.4375 0.322656 0.436458 0.323437 0.435417 0.323437 0.434375 0.324219 0.433333 0.324219 0.432292 0.325 0.430208 0.325 0.429167 0.325781 0.426042 0.325781 0.425 0.326562 0.421875 0.326562 0.420833 0.327344 0.41875 0.327344 0.417708 0.328125 0.413542 0.328125 0.4125 0.328906 0.40625 0.328906 0.405208 0.329687 0.397917 0.329687 0.396875 0.330469 0.36875 0.330469 0.367708 0.329687 0.360417 0.329687 0.359375 0.328906 0.353125 0.328906 0.352083 0.328125 0.347917 0.328125 0.346875 0.327344 0.344792 0.327344 0.34375 0.326562 0.340625 0.326562 0.339583 0.325781 0.3375 0.325781 0.336458 0.325 0.334375 0.325 0.333333 0.324219 0.33125 0.324219 0.330208 0.323437 0.329167 0.323437 0.328125 0.322656 0.326042 0.322656 0.325 0.321875 0.323958 0.321875 0.322917 0.321094 0.321875 0.321094 0.319792 0.319531 0.31875 0.319531 0.317708 0.31875 0.316667 0.31875 0.315625 0.317969 0.314583 0.317969 0.311458 0.315625 0.310417 0.315625 0.308333 0.314062 0.307292 0.314062 0.302083 0.310156 0.301042 0.310156 0.298958 0.308594 0.298958 0.307812 0.29375 0.303906 0.29375 0.303125 0.292708 0.302344 0.291667 0.302344 0.290625 0.301562 0.290625 0.300781 0.289583 0.3 0.289583 0.299219 0.288542 0.298437 0.288542 0.297656 0.94538
0 0.676042 0.309375 0.669792 0.314062 0.66875 0.314062 0.665625 0.316406 0.664583 0.316406 0.661458 0.31875 0.659375 0.31875 0.657292 0.320312 0.65625 0.320312 0.655208 0.321094 0.654167 0.321094 0.653125 0.321875 0.652083 0.321875 0.651042 0.322656 0.65 0.322656 0.648958 0.323437 0.646875 0.323437 0.645833 0.324219 0.644792 0.324219 0.64375 0.325 0.641667 0.325 0.640625 0.325781 0.638542 0.325781 0.6375 0.326562 0.634375 0.326562 0.633333 0.327344 0.630208 0.327344 0.629167 0.328125 0.623958 0.328125 0.622917 0.328906 0.613542 0.328906 0.6125 0.329687 0.592708 0.329687 0.591667 0.328906 0.582292 0.328906 0.58125 0.328125 0.575 0.328125 0.573958 0.327344 0.570833 0.327344 0.569792 0.326562 0.565625 0.326562 0.564583 0.325781 0.5625 0.325781 0.561458 0.325 0.558333 0.325 0.557292 0.324219 0.55625 0.324219 0.555208 0.323437 0.553125 0.323437 0.552083 0.322656 0.55 0.322656 0.548958 0.321875 0.546875 0.321875 0.545833 0.321094 0.544792 0.321094 0.54375 0.320312 0.542708 0.320312 0.541667 0.319531 0.540625 0.319531 0.539583 0.31875 0.538542 0.31875 0.5375 0.317969 0.536458 0.317969 0.535417 0.317187 0.534375 0.317187 0.532292 0.315625 0.53125 0.315625 0.529167 0.314062 0.528125 0.314062 0.527083 0.313281 0.521875 0.313281 0.520833 0.3125 0.511458 0.3125 0.510417 0.313281 0.510417 0.314844 0.514583 0.317969 0.515625 0.317969 0.51875 0.320312 0.519792 0.320312 0.522917 0.322656 0.523958 0.322656 0.525 0.323437 0.526042 0.323437 0.527083 0.324219 0.528125 0.324219 0.530208 0.325781 0.53125 0.325781 0.533333 0.327344 0.534375 0.327344 0.535417 0.328125 0.5375 0.328125 0.539583 0.329687 0.541667 0.329687 0.542708 0.330469 0.54375 0.330469 0.544792 0.33125 0.545833 0.33125 0.546875 0.332031 0.548958 0.332031 0.55 0.332812 0.552083 0.332812 0.553125 0.333594 0.555208 0.333594 0.55625 0.334375 0.558333 0.334375 0.559375 0.335156 0.563542 0.335156 0.564583 0.335938 0.569792 0.335938 0.570833 0.336719 0.575 0.336719 0.576042 0.3375 0.58125 0.3375 0.582292 0.338281 0.611458 0.338281 0.6125 0.3375 0.617708 0.3375 0.61875 0.336719 0.621875 0.336719 0.622917 0.335938 0.627083 0.335938 0.628125 0.335156 0.63125 0.335156 0.632292 0.334375 0.634375 0.334375 0.635417 0.333594 0.636458 0.333594 0.6375 0.332812 0.639583 0.332812 0.640625 0.332031 0.642708 0.332031 0.64375 0.33125 0.644792 0.33125 0.645833 0.330469 0.646875 0.330469 0.647917 0.329687 0.648958 0.329687 0.65 0.328906 0.651042 0.328906 0.653125 0.327344 0.654167 0.327344 0.655208 0.326562 0.65625 0.326562 0.657292 0.325781 0.658333 0.325781 0.659375 0.325 0.660417 0.325 0.666667 0.320312 0.667708 0.320312 0.669792 0.31875 0.669792 0.317969 0.670833 0.317187 0.671875 0.317187 0.671875 0.316406 0.676042 0.313281 0.676042 0.3125 0.677083 0.311719 0.677083 0.310937 0.678125 0.310156 0.677083 0.309375 0.943112
0 0.405208 0.252344 0.405208 0.271875 0.40625 0.272656 0.40625 0.273438 0.407292 0.274219 0.407292 0.275 0.408333 0.275781 0.408333 0.276562 0.409375 0.277344 0.409375 0.278125 0.410417 0.278906 0.410417 0.279687 0.4125 0.28125 0.4125 0.282031 0.413542 0.282812 0.413542 0.283594 0.416667 0.285937 0.416667 0.286719 0.423958 0.292187 0.425 0.292187 0.427083 0.29375 0.428125 0.29375 0.430208 0.295312 0.43125 0.295312 0.433333 0.296875 0.434375 0.296875 0.436458 0.298437 0.4375 0.298437 0.438542 0.299219 0.439583 0.299219 0.440625 0.3 0.441667 0.3 0.442708 0.300781 0.44375 0.300781 0.444792 0.301562 0.445833 0.301562 0.446875 0.302344 0.447917 0.302344 0.448958 0.303125 0.45 0.303125 0.451042 0.303906 0.452083 0.303906 0.453125 0.304688 0.455208 0.304688 0.45625 0.305469 0.457292 0.305469 0.458333 0.30625 0.460417 0.30625 0.461458 0.307031 0.4625 0.307031 0.463542 0.307812 0.464583 0.307812 0.465625 0.308594 0.470833 0.308594 0.471875 0.309375 0.475 0.309375 0.476042 0.310156 0.482292 0.310156 0.483333 0.310937 0.484375 0.310937 0.485417 0.311719 0.488542 0.311719 0.489583 0.3125 0.495833 0.3125 0.496875 0.311719 0.516667 0.311719 0.517708 0.310937 0.522917 0.310937 0.523958 0.311719 0.53125 0.311719 0.532292 0.310937 0.534375 0.310937 0.535417 0.310156 0.545833 0.310156 0.546875 0.309375 0.552083 0.309375 0.553125 0.308594 0.555208 0.308594 0.55625 0.307812 0.559375 0.307812 0.560417 0.307031 0.561458 0.307031 0.5625 0.30625 0.564583 0.30625 0.565625 0.305469 0.566667 0.305469 0.567708 0.304688 0.56875 0.304688 0.569792 0.303906 0.571875 0.303906 0.573958 0.302344 0.575 0.302344 0.576042 0.301562 0.577083 0.301562 0.578125 0.300781 0.579167 0.300781 0.582292 0.298437 0.583333 0.298437 0.586458 0.296094 0.5875 0.296094 0.597917 0.288281 0.597917 0.2875 0.598958 0.286719 0.598958 0.285937 0.6 0.285156 0.6 0.284375 0.601042 0.283594 0.601042 0.282031 0.602083 0.28125 0.602083 0.278125 0.598958 0.280469 0.597917 0.280469 0.590625 0.285937 0.589583 0.285937 0.586458 0.288281 0.585417 0.288281 0.582292 0.290625 0.58125 0.290625 0.580208 0.291406 0.579167 0.291406 0.578125 0.292187 0.577083 0.292187 0.576042 0.292969 0.575 0.292969 0.573958 0.29375 0.572917 0.29375 0.571875 0.294531 0.570833 0.294531 0.569792 0.295312 0.56875 0.295312 0.567708 0.296094 0.566667 0.296094 0.565625 0.296875 0.563542 0.296875 0.5625 0.297656 0.560417 0.297656 0.559375 0.298437 0.557292 0.298437 0.55625 0.299219 0.553125 0.299219 0.552083 0.3 0.548958 0.3 0.547917 0.300781 0.54375 0.300781 0.542708 0.301562 0.538542 0.301562 0.5375 0.302344 0.53125 0.302344 0.530208 0.303125 0.501042 0.303125 0.5 0.302344 0.492708 0.302344 0.491667 0.301562 0.4875 0.301562 0.486458 0.300781 0.48125 0.300781 0.480208 0.3 0.476042 0.3 0.475 0.299219 0.471875 0.299219 0.470833 0.298437 0.46875 0.298437 0.467708 0.297656 0.465625 0.297656 0.464583 0.296875 0.4625 0.296875 0.461458 0.296094 0.459375 0.296094 0.458333 0.295312 0.457292 0.295312 0.45625 0.294531 0.454167 0.294531 0.453125 0.29375 0.452083 0.29375 0.451042 0.292969 0.45 0.292969 0.448958 0.292187 0.447917 0.292187 0.446875 0.291406 0.445833 0.291406 0.444792 0.290625 0.44375 0.290625 0.442708 0.289844 0.441667 0.289844 0.440625 0.289062 0.439583 0.289062 0.4375 0.2875 0.436458 0.2875 0.432292 0.284375 0.43125 0.284375 0.427083 0.28125 0.426042 0.28125 0.419792 0.276562 0.419792 0.275781 0.414583 0.271875 0.414583 0.271094 0.411458 0.26875 0.411458 0.267969 0.410417 0.267187 0.410417 0.265625 0.408333 0.264062 0.408333 0.263281 0.407292 0.2625 0.407292 0.261719 0.40625 0.260937 0.40625 0.257812 0.405208 0.257031 0.933692
0 0.289583 0.307812 0.289583 0.310937 0.290625 0.311719 0.290625 0.3125 0.291667 0.313281 0.291667 0.314844 0.292708 0.315625 0.292708 0.316406 0.294792 0.317969 0.294792 0.31875 0.295833 0.319531 0.295833 0.320312 0.296875 0.321094 0.296875 0.321875 0.301042 0.325 0.301042 0.325781 0.305208 0.328906 0.305208 0.329687 0.30625 0.329687 0.313542 0.335156 0.314583 0.335156 0.316667 0.336719 0.317708 0.336719 0.319792 0.338281 0.320833 0.338281 0.321875 0.339062 0.322917 0.339062 0.323958 0.339844 0.325 0.339844 0.327083 0.341406 0.329167 0.341406 0.330208 0.342187 0.33125 0.342187 0.332292 0.342969 0.334375 0.342969 0.335417 0.34375 0.336458 0.34375 0.3375 0.344531 0.339583 0.344531 0.340625 0.345312 0.34375 0.345312 0.344792 0.346094 0.346875 0.346094 0.347917 0.346875 0.35 0.346875 0.351042 0.347656 0.354167 0.347656 0.355208 0.348437 0.363542 0.348437 0.364583 0.349219 0.372917 0.349219 0.373958 0.35 0.398958 0.35 0.4 0.349219 0.408333 0.349219 0.409375 0.348437 0.417708 0.348437 0.41875 0.347656 0.422917 0.347656 0.423958 0.346875 0.426042 0.346875 0.427083 0.346094 0.429167 0.346094 0.430208 0.345312 0.433333 0.345312 0.434375 0.344531 0.435417 0.344531 0.436458 0.34375 0.4375 0.34375 0.438542 0.342969 0.439583 0.342969 0.440625 0.342187 0.442708 0.342187 0.444792 0.340625 0.445833 0.340625 0.446875 0.339844 0.447917 0.339844 0.448958 0.339062 0.45 0.339062 0.451042 0.338281 0.452083 0.338281 0.454167 0.336719 0.455208 0.336719 0.457292 0.335156 0.458333 0.335156 0.461458 0.332812 0.4625 0.332812 0.480208 0.319531 0.480208 0.31875 0.48125 0.317969 0.48125 0.317187 0.482292 0.316406 0.482292 0.3125 0.477083 0.3125 0.476042 0.313281 0.476042 0.314062 0.471875 0.317187 0.471875 0.317969 0.469792 0.319531 0.46875 0.319531 0.467708 0.320312 0.467708 0.321094 0.466667 0.321875 0.465625 0.321875 0.464583 0.322656 0.463542 0.322656 0.460417 0.325 0.459375 0.325 0.458333 0.325781 0.457292 0.325781 0.453125 0.328906 0.451042 0.328906 0.45 0.329687 0.448958 0.329687 0.447917 0.330469 0.446875 0.330469 0.444792 0.332031 0.442708 0.332031 0.441667 0.332812 0.439583 0.332812 0.4375 0.334375 0.436458 0.334375 0.435417 0.335156 0.432292 0.335156 0.43125 0.335938 0.428125 0.335938 0.427083 0.336719 0.426042 0.336719 0.425 0.3375 0.422917 0.3375 0.421875 0.338281 0.416667 0.338281 0.415625 0.339062 0.409375 0.339062 0.408333 0.339844 0.402083 0.339844 0.401042 0.340625 0.390625 0.340625 0.389583 0.341406 0.380208 0.341406 0.379167 0.340625 0.36875 0.340625 0.367708 0.339844 0.361458 0.339844 0.360417 0.339062 0.354167 0.339062 0.353125 0.338281 0.348958 0.338281 0.347917 0.3375 0.345833 0.3375 0.344792 0.336719 0.34375 0.336719 0.342708 0.335938 0.338542 0.335938 0.3375 0.335156 0.335417 0.335156 0.334375 0.334375 0.332292 0.334375 0.330208 0.332812 0.328125 0.332812 0.327083 0.332031 0.326042 0.332031 0.325 0.33125 0.323958 0.33125 0.321875 0.329687 0.320833 0.329687 0.319792 0.328906 0.317708 0.328906 0.314583 0.326562 0.313542 0.326562 0.3125 0.325781 0.311458 0.325781 0.307292 0.322656 0.30625 0.322656 0.297917 0.316406 0.297917 0.315625 0.29375 0.3125 0.29375 0.311719 0.292708 0.310937 0.292708 0.310156 0.291667 0.310156 0.289583 0.308594 0.915926
0 0.684375 0.29375 0.684375 0.296875 0.683333 0.297656 0.68125 0.297656 0.680208 0.298437 0.680208 0.299219 0.669792 0.307031 0.66875 0.307031 0.665625 0.309375 0.664583 0.309375 0.663542 0.310156 0.6625 0.310156 0.661458 0.310937 0.660417 0.310937 0.658333 0.3125 0.657292 0.3125 0.65625 0.313281 0.654167 0.313281 0.653125 0.314062 0.652083 0.314062 0.651042 0.314844 0.65 0.314844 0.648958 0.315625 0.646875 0.315625 0.645833 0.316406 0.64375 0.316406 0.642708 0.317187 0.639583 0.317187 0.638542 0.317969 0.635417 0.317969 0.634375 0.31875 0.630208 0.31875 0.629167 0.319531 0.61875 0.319531 0.617708 0.320312 0.591667 0.320312 0.590625 0.319531 0.580208 0.319531 0.579167 0.31875 0.572917 0.31875 0.571875 0.317969 0.56875 0.317969 0.567708 0.317187 0.563542 0.317187 0.5625 0.316406 0.560417 0.316406 0.559375 0.315625 0.55625 0.315625 0.555208 0.314844 0.554167 0.314844 0.553125 0.314062 0.552083 0.314062 0.551042 0.313281 0.55 0.313281 0.548958 0.3125 0.547917 0.3125 0.546875 0.311719 0.544792 0.311719 0.54375 0.310937 0.535417 0.310937 0.534375 0.311719 0.532292 0.311719 0.53125 0.3125 0.530208 0.3125 0.529167 0.313281 0.530208 0.314062 0.53125 0.314062 0.534375 0.316406 0.535417 0.316406 0.536458 0.317187 0.5375 0.317187 0.538542 0.317969 0.539583 0.317969 0.540625 0.31875 0.541667 0.31875 0.542708 0.319531 0.54375 0.319531 0.544792 0.320312 0.545833 0.320312 0.546875 0.321094 0.548958 0.321094 0.55 0.321875 0.551042 0.321875 0.552083 0.322656 0.555208 0.322656 0.55625 0.323437 0.558333 0.323437 0.559375 0.324219 0.561458 0.324219 0.5625 0.325 0.564583 0.325 0.565625 0.325781 0.569792 0.325781 0.570833 0.326562 0.575 0.326562 0.576042 0.327344 0.582292 0.327344 0.583333 0.328125 0.589583 0.328125 0.590625 0.328906 0.614583 0.328906 0.615625 0.328125 0.621875 0.328125 0.622917 0.327344 0.628125 0.327344 0.629167 0.326562 0.633333 0.326562 0.634375 0.325781 0.638542 0.325781 0.639583 0.325 0.640625 0.325 0.641667 0.324219 0.64375 0.324219 0.644792 0.323437 0.645833 0.323437 0.646875 0.322656 0.647917 0.322656 0.648958 0.321875 0.651042 0.321875 0.652083 0.321094 0.653125 0.321094 0.654167 0.320312 0.655208 0.320312 0.65625 0.319531 0.657292 0.319531 0.659375 0.317969 0.660417 0.317969 0.661458 0.317187 0.6625 0.317187 0.663542 0.316406 0.664583 0.316406 0.671875 0.310937 0.672917 0.310937 0.680208 0.305469 0.680208 0.304688 0.68125 0.303906 0.68125 0.302344 0.682292 0.301562 0.682292 0.3 0.683333 0.299219 0.683333 0.298437 0.684375 0.297656 0.684375 0.296875 0.685417 0.296094 0.685417 0.29375 0.914938
0 0.496875 0.316406 0.496875 0.325781 0.5 0.328125 0.501042 0.328125 0.5125 0.336719 0.513542 0.336719 0.516667 0.339062 0.517708 0.339062 0.519792 0.340625 0.520833 0.340625 0.522917 0.342187 0.523958 0.342187 0.526042 0.34375 0.527083 0.34375 0.529167 0.345312 0.530208 0.345312 0.53125 0.346094 0.532292 0.346094 0.533333 0.346875 0.534375 0.346875 0.535417 0.347656 0.536458 0.347656 0.5375 0.348437 0.539583 0.348437 0.540625 0.349219 0.541667 0.349219 0.542708 0.35 0.544792 0.35 0.545833 0.350781 0.548958 0.350781 0.55 0.351562 0.551042 0.351562 0.552083 0.352344 0.554167 0.352344 0.555208 0.353125 0.558333 0.353125 0.559375 0.353906 0.564583 0.353906 0.565625 0.354687 0.56875 0.354687 0.569792 0.355469 0.573958 0.355469 0.575 0.35625 0.5875 0.35625 0.588542 0.357031 0.604167 0.357031 0.605208 0.35625 0.613542 0.35625 0.614583 0.355469 0.617708 0.355469 0.61875 0.354687 0.620833 0.354687 0.621875 0.353906 0.626042 0.353906 0.627083 0.353125 0.629167 0.353125 0.630208 0.352344 0.632292 0.352344 0.633333 0.351562 0.634375 0.351562 0.635417 0.350781 0.636458 0.350781 0.6375 0.35 0.639583 0.35 0.640625 0.349219 0.641667 0.349219 0.642708 0.348437 0.64375 0.348437 0.645833 0.346875 0.646875 0.346875 0.647917 0.346094 0.648958 0.346094 0.65 0.345312 0.651042 0.345312 0.654167 0.342969 0.655208 0.342969 0.660417 0.339062 0.661458 0.339062 0.661458 0.338281 0.663542 0.336719 0.664583 0.336719 0.667708 0.334375 0.667708 0.333594 0.670833 0.33125 0.670833 0.330469 0.671875 0.329687 0.671875 0.328906 0.672917 0.328125 0.672917 0.327344 0.673958 0.326562 0.673958 0.322656 0.671875 0.322656 0.671875 0.324219 0.657292 0.335156 0.65625 0.335156 0.654167 0.336719 0.653125 0.336719 0.651042 0.338281 0.65 0.338281 0.648958 0.339062 0.647917 0.339062 0.646875 0.339844 0.645833 0.339844 0.64375 0.341406 0.641667 0.341406 0.640625 0.342187 0.638542 0.342187 0.6375 0.342969 0.635417 0.342969 0.634375 0.34375 0.633333 0.34375 0.632292 0.344531 0.630208 0.344531 0.629167 0.345312 0.623958 0.345312 0.622917 0.346094 0.61875 0.346094 0.617708 0.346875 0.613542 0.346875 0.6125 0.347656 0.6 0.347656 0.598958 0.348437 0.589583 0.348437 0.588542 0.347656 0.576042 0.347656 0.575 0.346875 0.570833 0.346875 0.569792 0.346094 0.565625 0.346094 0.564583 0.345312 0.559375 0.345312 0.558333 0.344531 0.555208 0.344531 0.554167 0.34375 0.552083 0.34375 0.551042 0.342969 0.55 0.342969 0.548958 0.342187 0.545833 0.342187 0.544792 0.341406 0.542708 0.341406 0.541667 0.340625 0.540625 0.340625 0.539583 0.339844 0.538542 0.339844 0.5375 0.339062 0.535417 0.339062 0.534375 0.338281 0.533333 0.338281 0.53125 0.336719 0.530208 0.336719 0.529167 0.335938 0.528125 0.335938 0.527083 0.335156 0.526042 0.335156 0.523958 0.333594 0.522917 0.333594 0.520833 0.332031 0.519792 0.332031 0.516667 0.329687 0.515625 0.329687 0.513542 0.328125 0.5125 0.328125 0.503125 0.321094 0.503125 0.320312 0.501042 0.31875 0.501042 0.317969 0.498958 0.316406 0.790209
0 0.485417 0.346094 0.484375 0.346875 0.484375 0.348437 0.483333 0.349219 0.483333 0.35 0.480208 0.352344 0.480208 0.353125 0.479167 0.353906 0.479167 0.354687 0.476042 0.357031 0.476042 0.357812 0.472917 0.360156 0.471875 0.360156 0.471875 0.360937 0.465625 0.365625 0.464583 0.365625 0.461458 0.367969 0.460417 0.367969 0.458333 0.369531 0.457292 0.369531 0.454167 0.371875 0.453125 0.371875 0.452083 0.372656 0.451042 0.372656 0.45 0.373437 0.448958 0.373437 0.446875 0.375 0.445833 0.375 0.444792 0.375781 0.44375 0.375781 0.442708 0.376562 0.440625 0.376562 0.439583 0.377344 0.438542 0.377344 0.4375 0.378125 0.436458 0.378125 0.435417 0.378906 0.433333 0.378906 0.432292 0.379687 0.43125 0.379687 0.430208 0.380469 0.428125 0.380469 0.427083 0.38125 0.425 0.38125 0.423958 0.382031 0.420833 0.382031 0.419792 0.382812 0.417708 0.382812 0.416667 0.383594 0.413542 0.383594 0.4125 0.384375 0.407292 0.384375 0.40625 0.385156 0.398958 0.385156 0.397917 0.385937 0.364583 0.385937 0.363542 0.385156 0.35625 0.385156 0.355208 0.384375 0.35 0.384375 0.348958 0.383594 0.345833 0.383594 0.344792 0.382812 0.342708 0.382812 0.341667 0.382031 0.338542 0.382031 0.3375 0.38125 0.335417 0.38125 0.334375 0.380469 0.332292 0.380469 0.33125 0.379687 0.330208 0.379687 0.329167 0.378906 0.327083 0.378906 0.326042 0.378125 0.323958 0.378125 0.321875 0.376562 0.320833 0.376562 0.319792 0.375781 0.31875 0.375781 0.317708 0.375 0.316667 0.375 0.315625 0.374219 0.314583 0.374219 0.3125 0.372656 0.311458 0.372656 0.308333 0.370312 0.307292 0.370312 0.304167 0.367969 0.303125 0.367969 0.294792 0.361719 0.294792 0.360937 0.290625 0.357812 0.290625 0.357031 0.288542 0.355469 0.288542 0.354687 0.2875 0.354687 0.285417 0.353125 0.285417 0.350781 0.284375 0.35 0.284375 0.355469 0.285417 0.35625 0.285417 0.357031 0.286458 0.357812 0.286458 0.358594 0.2875 0.359375 0.2875 0.360937 0.288542 0.361719 0.288542 0.3625 0.290625 0.364062 0.290625 0.364844 0.292708 0.366406 0.292708 0.367188 0.294792 0.36875 0.294792 0.369531 0.298958 0.372656 0.298958 0.373437 0.303125 0.376562 0.304167 0.376562 0.308333 0.379687 0.309375 0.379687 0.311458 0.38125 0.3125 0.38125 0.314583 0.382812 0.315625 0.382812 0.317708 0.384375 0.31875 0.384375 0.319792 0.385156 0.320833 0.385156 0.321875 0.385937 0.322917 0.385937 0.323958 0.386719 0.325 0.386719 0.326042 0.3875 0.328125 0.3875 0.329167 0.388281 0.33125 0.388281 0.332292 0.389062 0.334375 0.389062 0.335417 0.389844 0.3375 0.389844 0.338542 0.390625 0.340625 0.390625 0.341667 0.391406 0.34375 0.391406 0.344792 0.392187 0.348958 0.392187 0.35 0.392969 0.353125 0.392969 0.354167 0.39375 0.359375 0.39375 0.360417 0.394531 0.366667 0.394531 0.367708 0.395312 0.395833 0.395312 0.396875 0.394531 0.402083 0.394531 0.403125 0.39375 0.407292 0.39375 0.408333 0.392969 0.411458 0.392969 0.4125 0.392187 0.417708 0.392187 0.41875 0.391406 0.421875 0.391406 0.422917 0.390625 0.425 0.390625 0.426042 0.389844 0.428125 0.389844 0.429167 0.389062 0.43125 0.389062 0.432292 0.388281 0.434375 0.388281 0.435417 0.3875 0.436458 0.3875 0.4375 0.386719 0.438542 0.386719 0.439583 0.385937 0.441667 0.385937 0.442708 0.385156 0.44375 0.385156 0.445833 0.383594 0.447917 0.383594 0.45 0.382031 0.451042 0.382031 0.452083 0.38125 0.453125 0.38125 0.455208 0.379687 0.45625 0.379687 0.459375 0.377344 0.460417 0.377344 0.463542 0.375 0.464583 0.375 0.473958 0.367969 0.473958 0.367188 0.477083 0.364844 0.477083 0.364062 0.482292 0.360156 0.482292 0.359375 0.484375 0.357812 0.484375 0.35625 0.485417 0.355469 0.485417 0.353125 0.486458 0.352344 0.486458 0.347656 0.485417 0.346875 0.702664
0 0.484375 0.346094 0.484375 0.348437 0.483333 0.349219 0.483333 0.35 0.480208 0.352344 0.480208 0.353125 0.479167 0.353906 0.479167 0.354687 0.476042 0.357031 0.476042 0.357812 0.472917 0.360156 0.471875 0.360156 0.471875 0.360937 0.46875 0.363281 0.467708 0.363281 0.467708 0.364062 0.465625 0.365625 0.464583 0.365625 0.461458 0.367969 0.460417 0.367969 0.458333 0.369531 0.457292 0.369531 0.454167 0.371875 0.453125 0.371875 0.452083 0.372656 0.451042 0.372656 0.45 0.373437 0.448958 0.373437 0.446875 0.375 0.445833 0.375 0.444792 0.375781 0.442708 0.375781 0.441667 0.376562 0.440625 0.376562 0.439583 0.377344 0.438542 0.377344 0.4375 0.378125 0.436458 0.378125 0.435417 0.378906 0.433333 0.378906 0.432292 0.379687 0.43125 0.379687 0.430208 0.380469 0.428125 0.380469 0.427083 0.38125 0.423958 0.38125 0.422917 0.382031 0.420833 0.382031 0.419792 0.382812 0.417708 0.382812 0.416667 0.383594 0.413542 0.383594 0.4125 0.384375 0.407292 0.384375 0.40625 0.385156 0.398958 0.385156 0.397917 0.385937 0.364583 0.385937 0.363542 0.385156 0.35625 0.385156 0.355208 0.384375 0.35 0.384375 0.348958 0.383594 0.345833 0.383594 0.344792 0.382812 0.342708 0.382812 0.341667 0.382031 0.338542 0.382031 0.3375 0.38125 0.335417 0.38125 0.334375 0.380469 0.332292 0.380469 0.33125 0.379687 0.330208 0.379687 0.329167 0.378906 0.327083 0.378906 0.326042 0.378125 0.325 0.378125 0.323958 0.377344 0.322917 0.377344 0.321875 0.376562 0.320833 0.376562 0.319792 0.375781 0.31875 0.375781 0.317708 0.375 0.316667 0.375 0.315625 0.374219 0.314583 0.374219 0.3125 0.372656 0.311458 0.372656 0.308333 0.370312 0.307292 0.370312 0.302083 0.366406 0.301042 0.366406 0.297917 0.364062 0.297917 0.363281 0.296875 0.363281 0.294792 0.361719 0.294792 0.360937 0.290625 0.357812 0.290625 0.357031 0.288542 0.355469 0.288542 0.354687 0.2875 0.354687 0.286458 0.353906 0.286458 0.353125 0.285417 0.352344 0.285417 0.350781 0.284375 0.35 0.283333 0.35 0.283333 0.353125 0.284375 0.353906 0.284375 0.355469 0.285417 0.35625 0.285417 0.357031 0.286458 0.357812 0.286458 0.358594 0.2875 0.359375 0.2875 0.360937 0.288542 0.361719 0.288542 0.3625 0.290625 0.364062 0.290625 0.364844 0.292708 0.366406 0.292708 0.367188 0.294792 0.36875 0.294792 0.369531 0.298958 0.372656 0.298958 0.373437 0.303125 0.376562 0.304167 0.376562 0.308333 0.379687 0.309375 0.379687 0.311458 0.38125 0.3125 0.38125 0.314583 0.382812 0.315625 0.382812 0.317708 0.384375 0.31875 0.384375 0.319792 0.385156 0.320833 0.385156 0.321875 0.385937 0.322917 0.385937 0.323958 0.386719 0.325 0.386719 0.326042 0.3875 0.328125 0.3875 0.329167 0.388281 0.33125 0.388281 0.332292 0.389062 0.334375 0.389062 0.335417 0.389844 0.3375 0.389844 0.338542 0.390625 0.340625 0.390625 0.341667 0.391406 0.34375 0.391406 0.344792 0.392187 0.348958 0.392187 0.35 0.392969 0.353125 0.392969 0.354167 0.39375 0.359375 0.39375 0.360417 0.394531 0.366667 0.394531 0.367708 0.395312 0.395833 0.395312 0.396875 0.394531 0.402083 0.394531 0.403125 0.39375 0.407292 0.39375 0.408333 0.392969 0.411458 0.392969 0.4125 0.392187 0.417708 0.392187 0.41875 0.391406 0.421875 0.391406 0.422917 0.390625 0.425 0.390625 0.426042 0.389844 0.428125 0.389844 0.429167 0.389062 0.43125 0.389062 0.432292 0.388281 0.434375 0.388281 0.435417 0.3875 0.436458 0.3875 0.4375 0.386719 0.438542 0.386719 0.439583 0.385937 0.441667 0.385937 0.442708 0.385156 0.44375 0.385156 0.445833 0.383594 0.447917 0.383594 0.45 0.382031 0.451042 0.382031 0.452083 0.38125 0.453125 0.38125 0.455208 0.379687 0.45625 0.379687 0.459375 0.377344 0.460417 0.377344 0.463542 0.375 0.464583 0.375 0.473958 0.367969 0.473958 0.367188 0.477083 0.364844 0.477083 0.364062 0.482292 0.360156 0.482292 0.359375 0.484375 0.357812 0.484375 0.35625 0.485417 0.355469 0.485417 0.353125 0.486458 0.352344 0.486458 0.347656 0.485417 0.346875 0.485417 0.346094 0.406124
0 0.495833 0.316406 0.495833 0.324219 0.511458 0.335938 0.5125 0.335938 0.516667 0.339062 0.517708 0.339062 0.519792 0.340625 0.520833 0.340625 0.522917 0.342187 0.523958 0.342187 0.526042 0.34375 0.527083 0.34375 0.528125 0.344531 0.529167 0.344531 0.530208 0.345312 0.53125 0.345312 0.533333 0.346875 0.534375 0.346875 0.535417 0.347656 0.5375 0.347656 0.538542 0.348437 0.539583 0.348437 0.540625 0.349219 0.541667 0.349219 0.542708 0.35 0.545833 0.35 0.546875 0.350781 0.548958 0.350781 0.55 0.351562 0.552083 0.351562 0.553125 0.352344 0.554167 0.352344 0.555208 0.353125 0.559375 0.353125 0.560417 0.353906 0.564583 0.353906 0.565625 0.354687 0.569792 0.354687 0.570833 0.355469 0.575 0.355469 0.576042 0.35625 0.591667 0.35625 0.592708 0.357031 0.6 0.357031 0.601042 0.35625 0.6125 0.35625 0.613542 0.355469 0.616667 0.355469 0.617708 0.354687 0.620833 0.354687 0.621875 0.353906 0.625 0.353906 0.626042 0.353125 0.629167 0.353125 0.630208 0.352344 0.632292 0.352344 0.633333 0.351562 0.634375 0.351562 0.635417 0.350781 0.636458 0.350781 0.6375 0.35 0.639583 0.35 0.640625 0.349219 0.641667 0.349219 0.642708 0.348437 0.64375 0.348437 0.645833 0.346875 0.646875 0.346875 0.647917 0.346094 0.648958 0.346094 0.651042 0.344531 0.652083 0.344531 0.655208 0.342187 0.65625 0.342187 0.66875 0.332812 0.66875 0.332031 0.671875 0.329687 0.671875 0.328906 0.672917 0.328125 0.672917 0.326562 0.673958 0.325781 0.673958 0.323437 0.672917 0.322656 0.671875 0.322656 0.671875 0.324219 0.657292 0.335156 0.65625 0.335156 0.654167 0.336719 0.653125 0.336719 0.651042 0.338281 0.648958 0.338281 0.646875 0.339844 0.645833 0.339844 0.64375 0.341406 0.641667 0.341406 0.640625 0.342187 0.638542 0.342187 0.6375 0.342969 0.635417 0.342969 0.634375 0.34375 0.633333 0.34375 0.632292 0.344531 0.630208 0.344531 0.629167 0.345312 0.623958 0.345312 0.622917 0.346094 0.61875 0.346094 0.617708 0.346875 0.613542 0.346875 0.6125 0.347656 0.602083 0.347656 0.601042 0.348437 0.586458 0.348437 0.585417 0.347656 0.575 0.347656 0.573958 0.346875 0.570833 0.346875 0.569792 0.346094 0.565625 0.346094 0.564583 0.345312 0.559375 0.345312 0.558333 0.344531 0.555208 0.344531 0.554167 0.34375 0.552083 0.34375 0.551042 0.342969 0.55 0.342969 0.548958 0.342187 0.545833 0.342187 0.544792 0.341406 0.542708 0.341406 0.541667 0.340625 0.540625 0.340625 0.539583 0.339844 0.538542 0.339844 0.5375 0.339062 0.535417 0.339062 0.534375 0.338281 0.533333 0.338281 0.53125 0.336719 0.530208 0.336719 0.529167 0.335938 0.528125 0.335938 0.527083 0.335156 0.526042 0.335156 0.523958 0.333594 0.522917 0.333594 0.520833 0.332031 0.519792 0.332031 0.516667 0.329687 0.515625 0.329687 0.513542 0.328125 0.5125 0.328125 0.502083 0.320312 0.502083 0.319531 0.497917 0.316406 0.349442
0 0.290625 0.309375 0.290625 0.3125 0.291667 0.313281 0.291667 0.314844 0.292708 0.315625 0.292708 0.316406 0.294792 0.317969 0.294792 0.31875 0.295833 0.319531 0.295833 0.320312 0.296875 0.321094 0.296875 0.321875 0.301042 0.325 0.301042 0.325781 0.305208 0.328906 0.305208 0.329687 0.30625 0.329687 0.313542 0.335156 0.314583 0.335156 0.316667 0.336719 0.317708 0.336719 0.319792 0.338281 0.320833 0.338281 0.321875 0.339062 0.322917 0.339062 0.323958 0.339844 0.325 0.339844 0.327083 0.341406 0.329167 0.341406 0.330208 0.342187 0.33125 0.342187 0.332292 0.342969 0.334375 0.342969 0.335417 0.34375 0.336458 0.34375 0.3375 0.344531 0.339583 0.344531 0.340625 0.345312 0.34375 0.345312 0.344792 0.346094 0.346875 0.346094 0.347917 0.346875 0.35 0.346875 0.351042 0.347656 0.354167 0.347656 0.355208 0.348437 0.364583 0.348437 0.365625 0.349219 0.372917 0.349219 0.373958 0.35 0.398958 0.35 0.4 0.349219 0.408333 0.349219 0.409375 0.348437 0.417708 0.348437 0.41875 0.347656 0.422917 0.347656 0.423958 0.346875 0.426042 0.346875 0.427083 0.346094 0.429167 0.346094 0.430208 0.345312 0.433333 0.345312 0.434375 0.344531 0.435417 0.344531 0.436458 0.34375 0.4375 0.34375 0.438542 0.342969 0.439583 0.342969 0.440625 0.342187 0.442708 0.342187 0.444792 0.340625 0.445833 0.340625 0.446875 0.339844 0.447917 0.339844 0.448958 0.339062 0.45 0.339062 0.451042 0.338281 0.452083 0.338281 0.454167 0.336719 0.455208 0.336719 0.457292 0.335156 0.458333 0.335156 0.461458 0.332812 0.4625 0.332812 0.480208 0.319531 0.480208 0.31875 0.48125 0.317969 0.48125 0.317187 0.482292 0.316406 0.482292 0.3125 0.48125 0.311719 0.480208 0.3125 0.477083 0.3125 0.476042 0.313281 0.476042 0.314062 0.471875 0.317187 0.471875 0.317969 0.469792 0.319531 0.46875 0.319531 0.464583 0.322656 0.463542 0.322656 0.460417 0.325 0.459375 0.325 0.458333 0.325781 0.457292 0.325781 0.453125 0.328906 0.451042 0.328906 0.45 0.329687 0.448958 0.329687 0.447917 0.330469 0.446875 0.330469 0.444792 0.332031 0.442708 0.332031 0.441667 0.332812 0.439583 0.332812 0.4375 0.334375 0.436458 0.334375 0.435417 0.335156 0.432292 0.335156 0.43125 0.335938 0.428125 0.335938 0.427083 0.336719 0.426042 0.336719 0.425 0.3375 0.422917 0.3375 0.421875 0.338281 0.416667 0.338281 0.415625 0.339062 0.409375 0.339062 0.408333 0.339844 0.402083 0.339844 0.401042 0.340625 0.390625 0.340625 0.389583 0.341406 0.380208 0.341406 0.379167 0.340625 0.36875 0.340625 0.367708 0.339844 0.361458 0.339844 0.360417 0.339062 0.354167 0.339062 0.353125 0.338281 0.348958 0.338281 0.347917 0.3375 0.345833 0.3375 0.344792 0.336719 0.34375 0.336719 0.342708 0.335938 0.338542 0.335938 0.3375 0.335156 0.335417 0.335156 0.334375 0.334375 0.332292 0.334375 0.330208 0.332812 0.328125 0.332812 0.327083 0.332031 0.326042 0.332031 0.325 0.33125 0.323958 0.33125 0.321875 0.329687 0.320833 0.329687 0.319792 0.328906 0.317708 0.328906 0.314583 0.326562 0.313542 0.326562 0.3125 0.325781 0.311458 0.325781 0.307292 0.322656 0.30625 0.322656 0.297917 0.316406 0.297917 0.315625 0.29375 0.3125 0.29375 0.311719 0.292708 0.310937 0.292708 0.310156 0.291667 0.310156 0.204181
