0 0.45625 0.514844 0.455208 0.515625 0.453125 0.515625 0.452083 0.516406 0.45 0.516406 0.448958 0.517188 0.447917 0.517188 0.446875 0.517969 0.445833 0.517969 0.444792 0.51875 0.44375 0.51875 0.442708 0.519531 0.440625 0.519531 0.439583 0.520312 0.438542 0.520312 0.436458 0.521875 0.435417 0.521875 0.434375 0.522656 0.433333 0.522656 0.432292 0.523438 0.43125 0.523438 0.430208 0.524219 0.429167 0.524219 0.425 0.527344 0.423958 0.527344 0.421875 0.528906 0.421875 0.529687 0.417708 0.532812 0.417708 0.533594 0.416667 0.534375 0.416667 0.553906 0.421875 0.557812 0.422917 0.557812 0.427083 0.560937 0.428125 0.560937 0.432292 0.564062 0.433333 0.564062 0.434375 0.564844 0.435417 0.564844 0.436458 0.565625 0.4375 0.565625 0.438542 0.566406 0.439583 0.566406 0.440625 0.567187 0.441667 0.567187 0.442708 0.567969 0.44375 0.567969 0.444792 0.56875 0.445833 0.56875 0.446875 0.569531 0.448958 0.569531 0.45 0.570312 0.452083 0.570312 0.453125 0.571094 0.45625 0.571094 0.457292 0.571875 0.460417 0.571875 0.461458 0.572656 0.464583 0.572656 0.465625 0.573437 0.467708 0.573437 0.46875 0.574219 0.473958 0.574219 0.475 0.575 0.482292 0.575 0.483333 0.575781 0.489583 0.575781 0.490625 0.576562 0.538542 0.576562 0.539583 0.575781 0.544792 0.575781 0.545833 0.575 0.552083 0.575 0.553125 0.574219 0.557292 0.574219 0.558333 0.573437 0.561458 0.573437 0.5625 0.572656 0.565625 0.572656 0.566667 0.571875 0.569792 0.571875 0.570833 0.571094 0.572917 0.571094 0.573958 0.570312 0.575 0.570312 0.576042 0.569531 0.578125 0.569531 0.579167 0.56875 0.58125 0.56875 0.582292 0.567969 0.583333 0.567969 0.584375 0.567187 0.585417 0.567187 0.586458 0.566406 0.5875 0.566406 0.589583 0.564844 0.590625 0.564844 0.591667 0.564062 0.592708 0.564062 0.596875 0.560937 0.597917 0.560937 0.598958 0.560156 0.598958 0.559375 0.603125 0.55625 0.603125 0.555469 0.604167 0.554688 0.604167 0.553906 0.605208 0.553125 0.605208 0.551562 0.607292 0.55 0.607292 0.548437 0.608333 0.547656 0.608333 0.540625 0.607292 0.539844 0.607292 0.538281 0.60625 0.5375 0.60625 0.535937 0.605208 0.535156 0.605208 0.534375 0.604167 0.533594 0.604167 0.532812 0.602083 0.53125 0.602083 0.530469 0.597917 0.527344 0.596875 0.527344 0.592708 0.524219 0.591667 0.524219 0.590625 0.523438 0.589583 0.523438 0.5875 0.521875 0.586458 0.521875 0.585417 0.521094 0.584375 0.521094 0.583333 0.520312 0.582292 0.520312 0.58125 0.519531 0.580208 0.519531 0.579167 0.51875 0.578125 0.51875 0.577083 0.517969 0.575 0.517969 0.573958 0.517188 0.571875 0.517188 0.570833 0.516406 0.569792 0.516406 0.56875 0.515625 0.566667 0.515625 0.565625 0.514844 0.98795
0 0.707292 0.4125 0.70625 0.413281 0.704167 0.413281 0.703125 0.414062 0.7 0.414062 0.698958 0.414844 0.695833 0.414844 0.694792 0.415625 0.69375 0.415625 0.692708 0.416406 0.691667 0.416406 0.690625 0.417187 0.689583 0.417187 0.688542 0.417969 0.6875 0.417969 0.686458 0.41875 0.685417 0.41875 0.678125 0.424219 0.678125 0.439844 0.679167 0.440625 0.680208 0.440625 0.686458 0.445312 0.6875 0.445312 0.689583 0.446875 0.690625 0.446875 0.691667 0.447656 0.692708 0.447656 0.694792 0.449219 0.695833 0.449219 0.696875 0.45 0.698958 0.45 0.7 0.450781 0.701042 0.450781 0.702083 0.451562 0.704167 0.451562 0.705208 0.452344 0.70625 0.452344 0.707292 0.453125 0.710417 0.453125 0.711458 0.453906 0.714583 0.453906 0.715625 0.454687 0.717708 0.454687 0.71875 0.455469 0.721875 0.455469 0.722917 0.45625 0.726042 0.45625 0.727083 0.457031 0.73125 0.457031 0.732292 0.457812 0.735417 0.457812 0.736458 0.458594 0.740625 0.458594 0.741667 0.459375 0.746875 0.459375 0.747917 0.460156 0.757292 0.460156 0.758333 0.460937 0.766667 0.460937 0.767708 0.461719 0.776042 0.461719 0.777083 0.4625 0.836458 0.4625 0.8375 0.461719 0.844792 0.461719 0.845833 0.460937 0.852083 0.460937 0.853125 0.460156 0.857292 0.460156 0.858333 0.459375 0.8625 0.459375 0.863542 0.458594 0.866667 0.458594 0.867708 0.457812 0.869792 0.457812 0.870833 0.457031 0.871875 0.457031 0.872917 0.45625 0.875 0.45625 0.876042 0.455469 0.878125 0.455469 0.879167 0.454687 0.880208 0.454687 0.882292 0.453125 0.883333 0.453125 0.884375 0.452344 0.885417 0.452344 0.8875 0.450781 0.8875 0.45 0.891667 0.446875 0.891667 0.445312 0.892708 0.444531 0.892708 0.440625 0.891667 0.439844 0.891667 0.435156 0.890625 0.434375 0.890625 0.433594 0.884375 0.428906 0.883333 0.428906 0.882292 0.428125 0.88125 0.428125 0.880208 0.427344 0.879167 0.427344 0.878125 0.426562 0.877083 0.426562 0.876042 0.425781 0.870833 0.425781 0.867708 0.423437 0.861458 0.423437 0.860417 0.422656 0.855208 0.422656 0.854167 0.421875 0.853125 0.421875 0.852083 0.421094 0.851042 0.421094 0.85 0.420312 0.848958 0.420312 0.847917 0.419531 0.846875 0.419531 0.845833 0.41875 0.844792 0.41875 0.84375 0.417969 0.841667 0.417969 0.840625 0.417187 0.839583 0.417187 0.838542 0.416406 0.836458 0.416406 0.835417 0.415625 0.832292 0.415625 0.83125 0.414844 0.827083 0.414844 0.826042 0.414062 0.822917 0.414062 0.821875 0.413281 0.81875 0.413281 0.817708 0.4125 0.977196
0 0.221875 0.427344 0.220833 0.428125 0.215625 0.428125 0.214583 0.428906 0.2125 0.428906 0.211458 0.429688 0.208333 0.429688 0.207292 0.430469 0.203125 0.430469 0.202083 0.43125 0.2 0.43125 0.198958 0.432031 0.197917 0.432031 0.196875 0.432812 0.194792 0.432812 0.19375 0.433594 0.190625 0.433594 0.189583 0.434375 0.1875 0.434375 0.186458 0.435156 0.185417 0.435156 0.184375 0.435937 0.183333 0.435937 0.182292 0.436719 0.180208 0.436719 0.179167 0.4375 0.178125 0.4375 0.176042 0.439062 0.175 0.439062 0.173958 0.439844 0.172917 0.439844 0.171875 0.440625 0.170833 0.440625 0.167708 0.442969 0.166667 0.442969 0.164583 0.444531 0.164583 0.445312 0.160417 0.448437 0.160417 0.463281 0.16875 0.469531 0.169792 0.469531 0.170833 0.470312 0.171875 0.470312 0.172917 0.471094 0.175 0.471094 0.176042 0.471875 0.178125 0.471875 0.179167 0.472656 0.18125 0.472656 0.182292 0.473437 0.184375 0.473437 0.185417 0.474219 0.1875 0.474219 0.188542 0.475 0.190625 0.475 0.191667 0.475781 0.196875 0.475781 0.197917 0.476562 0.202083 0.476562 0.203125 0.477344 0.207292 0.477344 0.208333 0.478125 0.21875 0.478125 0.219792 0.478906 0.269792 0.478906 0.270833 0.478125 0.28125 0.478125 0.282292 0.477344 0.289583 0.477344 0.290625 0.476562 0.296875 0.476562 0.297917 0.475781 0.304167 0.475781 0.305208 0.475 0.309375 0.475 0.310417 0.474219 0.314583 0.474219 0.315625 0.473437 0.31875 0.473437 0.319792 0.472656 0.322917 0.472656 0.323958 0.471875 0.327083 0.471875 0.328125 0.471094 0.330208 0.471094 0.33125 0.470312 0.333333 0.470312 0.334375 0.469531 0.3375 0.469531 0.338542 0.46875 0.340625 0.46875 0.341667 0.467969 0.342708 0.467969 0.34375 0.467187 0.344792 0.467187 0.345833 0.466406 0.347917 0.466406 0.35 0.464844 0.351042 0.464844 0.353125 0.463281 0.354167 0.463281 0.357292 0.460937 0.358333 0.460937 0.359375 0.460156 0.359375 0.459375 0.360417 0.458594 0.360417 0.457812 0.361458 0.457031 0.361458 0.45625 0.3625 0.455469 0.3625 0.453906 0.363542 0.453125 0.363542 0.45 0.364583 0.449219 0.364583 0.442187 0.363542 0.441406 0.363542 0.440625 0.3625 0.439844 0.3625 0.439062 0.357292 0.435156 0.35625 0.435156 0.354167 0.433594 0.353125 0.433594 0.352083 0.432812 0.351042 0.432812 0.35 0.432031 0.348958 0.432031 0.347917 0.43125 0.346875 0.43125 0.345833 0.430469 0.34375 0.430469 0.342708 0.429688 0.339583 0.429688 0.338542 0.428906 0.3375 0.428906 0.336458 0.428125 0.335417 0.428125 0.334375 0.427344 0.968888
0 0.686458 0.516406 0.686458 0.521094 0.689583 0.523438 0.689583 0.524219 0.695833 0.528906 0.696875 0.528906 0.7 0.53125 0.701042 0.53125 0.703125 0.532812 0.704167 0.532812 0.705208 0.533594 0.70625 0.533594 0.707292 0.534375 0.708333 0.534375 0.709375 0.535156 0.710417 0.535156 0.711458 0.535937 0.7125 0.535937 0.713542 0.536719 0.714583 0.536719 0.715625 0.5375 0.716667 0.5375 0.717708 0.538281 0.719792 0.538281 0.720833 0.539062 0.722917 0.539062 0.723958 0.539844 0.725 0.539844 0.726042 0.540625 0.727083 0.540625 0.728125 0.541406 0.732292 0.541406 0.733333 0.542187 0.736458 0.542187 0.7375 0.542969 0.738542 0.542969 0.739583 0.54375 0.741667 0.54375 0.742708 0.544531 0.747917 0.544531 0.748958 0.545312 0.753125 0.545312 0.754167 0.546094 0.757292 0.546094 0.758333 0.546875 0.7625 0.546875 0.763542 0.547656 0.775 0.547656 0.776042 0.548437 0.783333 0.548437 0.784375 0.549219 0.791667 0.549219 0.792708 0.55 0.829167 0.55 0.830208 0.549219 0.836458 0.549219 0.8375 0.548437 0.842708 0.548437 0.84375 0.547656 0.851042 0.547656 0.852083 0.546875 0.85625 0.546875 0.857292 0.546094 0.858333 0.546094 0.859375 0.545312 0.861458 0.545312 0.8625 0.544531 0.865625 0.544531 0.866667 0.54375 0.86875 0.54375 0.870833 0.542187 0.871875 0.542187 0.872917 0.541406 0.875 0.541406 0.876042 0.540625 0.877083 0.540625 0.880208 0.538281 0.88125 0.538281 0.8875 0.533594 0.8875 0.532812 0.888542 0.532031 0.888542 0.519531 0.888542 0.520312 0.8875 0.521094 0.8875 0.521875 0.879167 0.528125 0.878125 0.528125 0.876042 0.529687 0.875 0.529687 0.873958 0.530469 0.872917 0.530469 0.871875 0.53125 0.870833 0.53125 0.869792 0.532031 0.86875 0.532031 0.867708 0.532812 0.865625 0.532812 0.864583 0.533594 0.8625 0.533594 0.861458 0.534375 0.859375 0.534375 0.858333 0.535156 0.85625 0.535156 0.855208 0.535937 0.851042 0.535937 0.85 0.536719 0.84375 0.536719 0.842708 0.5375 0.838542 0.5375 0.8375 0.538281 0.83125 0.538281 0.830208 0.539062 0.789583 0.539062 0.788542 0.538281 0.778125 0.538281 0.777083 0.5375 0.769792 0.5375 0.76875 0.536719 0.760417 0.536719 0.759375 0.535937 0.754167 0.535937 0.753125 0.535156 0.75 0.535156 0.748958 0.534375 0.745833 0.534375 0.744792 0.533594 0.740625 0.533594 0.739583 0.532812 0.736458 0.532812 0.735417 0.532031 0.733333 0.532031 0.732292 0.53125 0.730208 0.53125 0.729167 0.530469 0.726042 0.530469 0.725 0.529687 0.721875 0.529687 0.720833 0.528906 0.719792 0.528906 0.71875 0.528125 0.716667 0.528125 0.715625 0.527344 0.714583 0.527344 0.713542 0.526562 0.711458 0.526562 0.710417 0.525781 0.709375 0.525781 0.708333 0.525 0.707292 0.525 0.70625 0.524219 0.705208 0.524219 0.704167 0.523438 0.703125 0.523438 0.702083 0.522656 0.701042 0.522656 0.7 0.521875 0.698958 0.521875 0.694792 0.51875 0.69375 0.51875 0.690625 0.516406 0.955327
0 0.422917 0.566406 0.422917 0.573437 0.423958 0.574219 0.423958 0.575 0.425 0.575781 0.425 0.576562 0.43125 0.58125 0.432292 0.58125 0.434375 0.582812 0.435417 0.582812 0.438542 0.585156 0.439583 0.585156 0.440625 0.585938 0.441667 0.585938 0.442708 0.586719 0.44375 0.586719 0.444792 0.5875 0.445833 0.5875 0.446875 0.588281 0.447917 0.588281 0.448958 0.589062 0.45 0.589062 0.451042 0.589844 0.453125 0.589844 0.454167 0.590625 0.455208 0.590625 0.45625 0.591406 0.458333 0.591406 0.459375 0.592187 0.461458 0.592187 0.4625 0.592969 0.463542 0.592969 0.464583 0.59375 0.466667 0.59375 0.467708 0.594531 0.471875 0.594531 0.472917 0.595312 0.477083 0.595312 0.478125 0.596094 0.48125 0.596094 0.482292 0.596875 0.486458 0.596875 0.4875 0.597656 0.496875 0.597656 0.497917 0.598437 0.536458 0.598437 0.5375 0.597656 0.545833 0.597656 0.546875 0.596875 0.551042 0.596875 0.552083 0.596094 0.555208 0.596094 0.55625 0.595312 0.560417 0.595312 0.561458 0.594531 0.565625 0.594531 0.566667 0.59375 0.56875 0.59375 0.569792 0.592969 0.571875 0.592969 0.572917 0.592187 0.575 0.592187 0.576042 0.591406 0.578125 0.591406 0.579167 0.590625 0.58125 0.590625 0.582292 0.589844 0.583333 0.589844 0.584375 0.589062 0.585417 0.589062 0.586458 0.588281 0.5875 0.588281 0.588542 0.5875 0.589583 0.5875 0.590625 0.586719 0.591667 0.586719 0.59375 0.585156 0.594792 0.585156 0.596875 0.583594 0.597917 0.583594 0.603125 0.579687 0.603125 0.578906 0.605208 0.577344 0.605208 0.576562 0.60625 0.575781 0.60625 0.575 0.607292 0.574219 0.607292 0.567187 0.60625 0.566406 0.605208 0.567187 0.605208 0.567969 0.598958 0.572656 0.597917 0.572656 0.59375 0.575781 0.592708 0.575781 0.591667 0.576562 0.590625 0.576562 0.589583 0.577344 0.588542 0.577344 0.586458 0.578906 0.585417 0.578906 0.584375 0.579687 0.583333 0.579687 0.582292 0.580469 0.580208 0.580469 0.579167 0.58125 0.578125 0.58125 0.577083 0.582031 0.575 0.582031 0.573958 0.582812 0.570833 0.582812 0.569792 0.583594 0.566667 0.583594 0.565625 0.584375 0.563542 0.584375 0.5625 0.585156 0.559375 0.585156 0.558333 0.585938 0.554167 0.585938 0.553125 0.586719 0.547917 0.586719 0.546875 0.5875 0.540625 0.5875 0.539583 0.588281 0.528125 0.588281 0.527083 0.589062 0.502083 0.589062 0.501042 0.588281 0.491667 0.588281 0.490625 0.5875 0.484375 0.5875 0.483333 0.586719 0.477083 0.586719 0.476042 0.585938 0.471875 0.585938 0.470833 0.585156 0.467708 0.585156 0.466667 0.584375 0.463542 0.584375 0.4625 0.583594 0.460417 0.583594 0.459375 0.582812 0.45625 0.582812 0.455208 0.582031 0.454167 0.582031 0.453125 0.58125 0.451042 0.58125 0.45 0.580469 0.447917 0.580469 0.446875 0.579687 0.445833 0.579687 0.444792 0.578906 0.44375 0.578906 0.442708 0.578125 0.441667 0.578125 0.440625 0.577344 0.439583 0.577344 0.4375 0.575781 0.436458 0.575781 0.434375 0.574219 0.433333 0.574219 0.430208 0.571875 0.429167 0.571875 0.422917 0.567187 0.953078
0 0.377083 0.492969 0.375 0.494531 0.375 0.495312 0.370833 0.498437 0.369792 0.498437 0.366667 0.500781 0.365625 0.500781 0.364583 0.501562 0.363542 0.501562 0.361458 0.503125 0.360417 0.503125 0.359375 0.503906 0.358333 0.503906 0.357292 0.504687 0.35625 0.504687 0.355208 0.505469 0.354167 0.505469 0.353125 0.50625 0.351042 0.50625 0.35 0.507031 0.348958 0.507031 0.347917 0.507812 0.344792 0.507812 0.34375 0.508594 0.341667 0.508594 0.340625 0.509375 0.339583 0.509375 0.338542 0.510156 0.336458 0.510156 0.335417 0.510937 0.332292 0.510937 0.33125 0.511719 0.328125 0.511719 0.327083 0.5125 0.325 0.5125 0.323958 0.513281 0.321875 0.513281 0.320833 0.514062 0.315625 0.514062 0.314583 0.514844 0.308333 0.514844 0.307292 0.515625 0.303125 0.515625 0.302083 0.516406 0.296875 0.516406 0.295833 0.517188 0.286458 0.517188 0.285417 0.517969 0.23125 0.517969 0.230208 0.517188 0.222917 0.517188 0.221875 0.516406 0.21875 0.516406 0.217708 0.515625 0.213542 0.515625 0.2125 0.514844 0.209375 0.514844 0.208333 0.514062 0.205208 0.514062 0.204167 0.513281 0.202083 0.513281 0.201042 0.5125 0.198958 0.5125 0.197917 0.511719 0.195833 0.511719 0.194792 0.510937 0.192708 0.510937 0.190625 0.509375 0.189583 0.509375 0.188542 0.508594 0.1875 0.508594 0.185417 0.507031 0.184375 0.507031 0.18125 0.504687 0.18125 0.514062 0.185417 0.517188 0.186458 0.517188 0.189583 0.519531 0.190625 0.519531 0.191667 0.520312 0.192708 0.520312 0.19375 0.521094 0.194792 0.521094 0.196875 0.522656 0.2 0.522656 0.201042 0.523438 0.203125 0.523438 0.204167 0.524219 0.205208 0.524219 0.20625 0.525 0.208333 0.525 0.209375 0.525781 0.214583 0.525781 0.215625 0.526562 0.219792 0.526562 0.220833 0.527344 0.222917 0.527344 0.223958 0.528125 0.228125 0.528125 0.229167 0.528906 0.29375 0.528906 0.294792 0.528125 0.3 0.528125 0.301042 0.527344 0.304167 0.527344 0.305208 0.526562 0.309375 0.526562 0.310417 0.525781 0.31875 0.525781 0.319792 0.525 0.322917 0.525 0.323958 0.524219 0.325 0.524219 0.326042 0.523438 0.328125 0.523438 0.329167 0.522656 0.334375 0.522656 0.335417 0.521875 0.3375 0.521875 0.338542 0.521094 0.339583 0.521094 0.340625 0.520312 0.342708 0.520312 0.34375 0.519531 0.347917 0.519531 0.348958 0.51875 0.35 0.51875 0.351042 0.517969 0.352083 0.517969 0.353125 0.517188 0.354167 0.517188 0.355208 0.516406 0.35625 0.516406 0.357292 0.515625 0.358333 0.515625 0.359375 0.514844 0.360417 0.514844 0.361458 0.514062 0.3625 0.514062 0.363542 0.513281 0.364583 0.513281 0.367708 0.510937 0.36875 0.510937 0.372917 0.507812 0.373958 0.507812 0.376042 0.50625 0.376042 0.505469 0.378125 0.503906 0.378125 0.503125 0.379167 0.502344 0.379167 0.495312 0.378125 0.494531 0.378125 0.49375 0.951975
0 0.677083 0.548437 0.677083 0.565625 0.678125 0.566406 0.678125 0.567187 0.679167 0.567969 0.680208 0.567969 0.682292 0.569531 0.682292 0.570312 0.683333 0.571094 0.683333 0.571875 0.684375 0.571875 0.6875 0.574219 0.688542 0.574219 0.691667 0.576562 0.692708 0.576562 0.69375 0.577344 0.694792 0.577344 0.696875 0.578906 0.697917 0.578906 0.7 0.580469 0.701042 0.580469 0.702083 0.58125 0.703125 0.58125 0.704167 0.582031 0.705208 0.582031 0.70625 0.582812 0.707292 0.582812 0.708333 0.583594 0.709375 0.583594 0.710417 0.584375 0.7125 0.584375 0.713542 0.585156 0.715625 0.585156 0.716667 0.585938 0.71875 0.585938 0.719792 0.586719 0.720833 0.586719 0.721875 0.5875 0.722917 0.5875 0.723958 0.588281 0.727083 0.588281 0.728125 0.589062 0.73125 0.589062 0.732292 0.589844 0.733333 0.589844 0.734375 0.590625 0.7375 0.590625 0.738542 0.591406 0.74375 0.591406 0.744792 0.592187 0.747917 0.592187 0.748958 0.592969 0.752083 0.592969 0.753125 0.59375 0.75625 0.59375 0.757292 0.594531 0.765625 0.594531 0.766667 0.595312 0.775 0.595312 0.776042 0.596094 0.784375 0.596094 0.785417 0.596875 0.811458 0.596875 0.8125 0.596094 0.81875 0.596094 0.819792 0.595312 0.826042 0.595312 0.827083 0.594531 0.835417 0.594531 0.836458 0.59375 0.839583 0.59375 0.840625 0.592969 0.841667 0.592969 0.842708 0.592187 0.844792 0.592187 0.845833 0.591406 0.848958 0.591406 0.85 0.590625 0.852083 0.590625 0.853125 0.589844 0.854167 0.589844 0.85625 0.588281 0.858333 0.588281 0.859375 0.5875 0.860417 0.5875 0.8625 0.585938 0.863542 0.585938 0.866667 0.583594 0.867708 0.583594 0.86875 0.582812 0.869792 0.582812 0.870833 0.582031 0.871875 0.582031 0.871875 0.58125 0.872917 0.580469 0.872917 0.574219 0.871875 0.574219 0.869792 0.575781 0.867708 0.575781 0.866667 0.576562 0.865625 0.576562 0.864583 0.577344 0.863542 0.577344 0.861458 0.578906 0.860417 0.578906 0.859375 0.579687 0.857292 0.579687 0.85625 0.580469 0.854167 0.580469 0.853125 0.58125 0.851042 0.58125 0.85 0.582031 0.848958 0.582031 0.847917 0.582812 0.84375 0.582812 0.842708 0.583594 0.836458 0.583594 0.835417 0.584375 0.833333 0.584375 0.832292 0.585156 0.828125 0.585156 0.827083 0.585938 0.779167 0.585938 0.778125 0.585156 0.771875 0.585156 0.770833 0.584375 0.765625 0.584375 0.764583 0.583594 0.757292 0.583594 0.75625 0.582812 0.751042 0.582812 0.75 0.582031 0.746875 0.582031 0.745833 0.58125 0.74375 0.58125 0.742708 0.580469 0.739583 0.580469 0.738542 0.579687 0.734375 0.579687 0.733333 0.578906 0.732292 0.578906 0.73125 0.578125 0.729167 0.578125 0.728125 0.577344 0.726042 0.577344 0.725 0.576562 0.721875 0.576562 0.720833 0.575781 0.719792 0.575781 0.71875 0.575 0.717708 0.575 0.716667 0.574219 0.714583 0.574219 0.713542 0.573437 0.711458 0.573437 0.710417 0.572656 0.709375 0.572656 0.708333 0.571875 0.707292 0.571875 0.70625 0.571094 0.705208 0.571094 0.704167 0.570312 0.703125 0.570312 0.701042 0.56875 0.7 0.56875 0.698958 0.567969 0.697917 0.567969 0.696875 0.567187 0.695833 0.567187 0.692708 0.564844 0.691667 0.564844 0.68125 0.557031 0.68125 0.55625 0.680208 0.555469 0.680208 0.554688 0.679167 0.553906 0.679167 0.553125 0.678125 0.552344 0.678125 0.55 0.677083 0.549219 0.951019
0 0.380208 0.5375 0.380208 0.538281 0.379167 0.539062 0.379167 0.539844 0.367708 0.548437 0.366667 0.548437 0.365625 0.549219 0.364583 0.549219 0.3625 0.550781 0.361458 0.550781 0.360417 0.551562 0.359375 0.551562 0.358333 0.552344 0.357292 0.552344 0.35625 0.553125 0.355208 0.553125 0.354167 0.553906 0.353125 0.553906 0.352083 0.554688 0.351042 0.554688 0.35 0.555469 0.347917 0.555469 0.345833 0.557031 0.344792 0.557031 0.34375 0.557812 0.340625 0.557812 0.339583 0.558594 0.3375 0.558594 0.336458 0.559375 0.335417 0.559375 0.334375 0.560156 0.332292 0.560156 0.33125 0.560937 0.327083 0.560937 0.326042 0.561719 0.321875 0.561719 0.320833 0.5625 0.317708 0.5625 0.316667 0.563281 0.314583 0.563281 0.313542 0.564062 0.307292 0.564062 0.30625 0.564844 0.298958 0.564844 0.297917 0.565625 0.29375 0.565625 0.292708 0.566406 0.285417 0.566406 0.284375 0.567187 0.242708 0.567187 0.241667 0.566406 0.235417 0.566406 0.234375 0.565625 0.228125 0.565625 0.227083 0.564844 0.221875 0.564844 0.220833 0.564062 0.216667 0.564062 0.215625 0.563281 0.213542 0.563281 0.2125 0.5625 0.209375 0.5625 0.208333 0.561719 0.20625 0.561719 0.205208 0.560937 0.203125 0.560937 0.202083 0.560156 0.201042 0.560156 0.2 0.559375 0.198958 0.559375 0.196875 0.557812 0.195833 0.557812 0.192708 0.555469 0.191667 0.555469 0.189583 0.553906 0.188542 0.553906 0.1875 0.553125 0.1875 0.560156 0.188542 0.560937 0.188542 0.561719 0.189583 0.5625 0.189583 0.563281 0.190625 0.564062 0.191667 0.564062 0.192708 0.564844 0.19375 0.564844 0.195833 0.566406 0.196875 0.566406 0.2 0.56875 0.201042 0.56875 0.202083 0.569531 0.203125 0.569531 0.204167 0.570312 0.205208 0.570312 0.20625 0.571094 0.207292 0.571094 0.209375 0.572656 0.214583 0.572656 0.215625 0.573437 0.21875 0.573437 0.219792 0.574219 0.220833 0.574219 0.221875 0.575 0.223958 0.575 0.225 0.575781 0.23125 0.575781 0.232292 0.576562 0.238542 0.576562 0.239583 0.577344 0.24375 0.577344 0.244792 0.578125 0.288542 0.578125 0.289583 0.577344 0.29375 0.577344 0.294792 0.576562 0.301042 0.576562 0.302083 0.575781 0.310417 0.575781 0.311458 0.575 0.314583 0.575 0.315625 0.574219 0.317708 0.574219 0.31875 0.573437 0.322917 0.573437 0.323958 0.572656 0.329167 0.572656 0.330208 0.571875 0.332292 0.571875 0.333333 0.571094 0.334375 0.571094 0.335417 0.570312 0.338542 0.570312 0.339583 0.569531 0.342708 0.569531 0.34375 0.56875 0.344792 0.56875 0.345833 0.567969 0.346875 0.567969 0.347917 0.567187 0.35 0.567187 0.351042 0.566406 0.352083 0.566406 0.353125 0.565625 0.354167 0.565625 0.355208 0.564844 0.35625 0.564844 0.357292 0.564062 0.358333 0.564062 0.359375 0.563281 0.360417 0.563281 0.3625 0.561719 0.363542 0.561719 0.365625 0.560156 0.367708 0.560156 0.380208 0.550781 0.380208 0.55 0.38125 0.549219 0.38125 0.547656 0.382292 0.546875 0.382292 0.539844 0.38125 0.539062 0.38125 0.5375 0.950037
0 0.364583 0.446094 0.364583 0.452344 0.363542 0.453125 0.363542 0.455469 0.3625 0.45625 0.3625 0.457031 0.361458 0.457812 0.361458 0.458594 0.360417 0.459375 0.360417 0.460156 0.358333 0.461719 0.357292 0.461719 0.354167 0.464062 0.353125 0.464062 0.351042 0.465625 0.35 0.465625 0.348958 0.466406 0.347917 0.466406 0.346875 0.467187 0.345833 0.467187 0.344792 0.467969 0.34375 0.467969 0.342708 0.46875 0.341667 0.46875 0.340625 0.469531 0.338542 0.469531 0.3375 0.470312 0.334375 0.470312 0.333333 0.471094 0.33125 0.471094 0.330208 0.471875 0.328125 0.471875 0.327083 0.472656 0.323958 0.472656 0.322917 0.473437 0.31875 0.473437 0.317708 0.474219 0.314583 0.474219 0.313542 0.475 0.310417 0.475 0.309375 0.475781 0.304167 0.475781 0.303125 0.476562 0.296875 0.476562 0.295833 0.477344 0.290625 0.477344 0.289583 0.478125 0.28125 0.478125 0.280208 0.478906 0.26875 0.478906 0.267708 0.479687 0.223958 0.479687 0.222917 0.478906 0.210417 0.478906 0.209375 0.478125 0.202083 0.478125 0.201042 0.477344 0.196875 0.477344 0.195833 0.476562 0.191667 0.476562 0.190625 0.475781 0.188542 0.475781 0.1875 0.475 0.184375 0.475 0.183333 0.474219 0.182292 0.474219 0.18125 0.473437 0.179167 0.473437 0.178125 0.472656 0.173958 0.472656 0.173958 0.474219 0.175 0.475 0.175 0.475781 0.176042 0.476562 0.176042 0.477344 0.183333 0.482812 0.184375 0.482812 0.185417 0.483594 0.186458 0.483594 0.1875 0.484375 0.188542 0.484375 0.189583 0.485156 0.190625 0.485156 0.191667 0.485937 0.192708 0.485937 0.19375 0.486719 0.195833 0.486719 0.196875 0.4875 0.198958 0.4875 0.2 0.488281 0.203125 0.488281 0.204167 0.489062 0.20625 0.489062 0.207292 0.489844 0.209375 0.489844 0.210417 0.490625 0.216667 0.490625 0.217708 0.491406 0.225 0.491406 0.226042 0.492187 0.234375 0.492187 0.235417 0.492969 0.284375 0.492969 0.285417 0.492187 0.29375 0.492187 0.294792 0.491406 0.304167 0.491406 0.305208 0.490625 0.311458 0.490625 0.3125 0.489844 0.316667 0.489844 0.317708 0.489062 0.321875 0.489062 0.322917 0.488281 0.328125 0.488281 0.329167 0.4875 0.332292 0.4875 0.333333 0.486719 0.335417 0.486719 0.336458 0.485937 0.338542 0.485937 0.339583 0.485156 0.342708 0.485156 0.34375 0.484375 0.345833 0.484375 0.346875 0.483594 0.348958 0.483594 0.35 0.482812 0.351042 0.482812 0.352083 0.482031 0.353125 0.482031 0.354167 0.48125 0.35625 0.48125 0.358333 0.479687 0.359375 0.479687 0.360417 0.478906 0.361458 0.478906 0.3625 0.478125 0.363542 0.478125 0.364583 0.477344 0.365625 0.477344 0.36875 0.475 0.369792 0.475 0.376042 0.470312 0.376042 0.469531 0.377083 0.46875 0.377083 0.467187 0.378125 0.466406 0.378125 0.455469 0.377083 0.454687 0.377083 0.453906 0.376042 0.453125 0.376042 0.452344 0.375 0.451562 0.375 0.450781 0.371875 0.448437 0.371875 0.447656 0.369792 0.446094 0.942978
0 0.376042 0.482031 0.375 0.482812 0.375 0.483594 0.373958 0.484375 0.372917 0.484375 0.367708 0.488281 0.366667 0.488281 0.365625 0.489062 0.364583 0.489062 0.361458 0.491406 0.360417 0.491406 0.359375 0.492187 0.357292 0.492187 0.35625 0.492969 0.355208 0.492969 0.353125 0.494531 0.351042 0.494531 0.35 0.495312 0.346875 0.495312 0.345833 0.496094 0.344792 0.496094 0.34375 0.496875 0.342708 0.496875 0.341667 0.497656 0.339583 0.497656 0.338542 0.498437 0.334375 0.498437 0.333333 0.499219 0.332292 0.499219 0.33125 0.5 0.329167 0.5 0.328125 0.500781 0.323958 0.500781 0.322917 0.501562 0.316667 0.501562 0.315625 0.502344 0.3125 0.502344 0.311458 0.503125 0.308333 0.503125 0.307292 0.503906 0.298958 0.503906 0.297917 0.504687 0.285417 0.504687 0.284375 0.505469 0.272917 0.505469 0.271875 0.50625 0.245833 0.50625 0.244792 0.505469 0.234375 0.505469 0.233333 0.504687 0.222917 0.504687 0.221875 0.503906 0.214583 0.503906 0.213542 0.503125 0.211458 0.503125 0.210417 0.502344 0.208333 0.502344 0.207292 0.501562 0.203125 0.501562 0.202083 0.500781 0.198958 0.500781 0.197917 0.5 0.196875 0.5 0.195833 0.499219 0.194792 0.499219 0.19375 0.498437 0.191667 0.498437 0.190625 0.497656 0.188542 0.497656 0.185417 0.495312 0.184375 0.495312 0.180208 0.492187 0.179167 0.492187 0.179167 0.502344 0.185417 0.507031 0.1875 0.507031 0.188542 0.507812 0.189583 0.507812 0.191667 0.509375 0.192708 0.509375 0.19375 0.510156 0.196875 0.510156 0.197917 0.510937 0.198958 0.510937 0.2 0.511719 0.201042 0.511719 0.202083 0.5125 0.204167 0.5125 0.205208 0.513281 0.208333 0.513281 0.209375 0.514062 0.213542 0.514062 0.214583 0.514844 0.217708 0.514844 0.21875 0.515625 0.221875 0.515625 0.222917 0.516406 0.296875 0.516406 0.297917 0.515625 0.303125 0.515625 0.304167 0.514844 0.308333 0.514844 0.309375 0.514062 0.314583 0.514062 0.315625 0.513281 0.320833 0.513281 0.321875 0.5125 0.323958 0.5125 0.325 0.511719 0.327083 0.511719 0.328125 0.510937 0.33125 0.510937 0.332292 0.510156 0.335417 0.510156 0.336458 0.509375 0.338542 0.509375 0.339583 0.508594 0.340625 0.508594 0.341667 0.507812 0.34375 0.507812 0.344792 0.507031 0.347917 0.507031 0.348958 0.50625 0.35 0.50625 0.351042 0.505469 0.352083 0.505469 0.353125 0.504687 0.354167 0.504687 0.355208 0.503906 0.35625 0.503906 0.357292 0.503125 0.359375 0.503125 0.361458 0.501562 0.3625 0.501562 0.363542 0.500781 0.364583 0.500781 0.367708 0.498437 0.36875 0.498437 0.370833 0.496875 0.371875 0.496875 0.373958 0.495312 0.373958 0.494531 0.377083 0.492187 0.377083 0.489844 0.378125 0.489062 0.378125 0.485156 0.377083 0.484375 0.377083 0.482031 0.941729
0 0.377083 0.505469 0.369792 0.510937 0.36875 0.510937 0.364583 0.514062 0.363542 0.514062 0.3625 0.514844 0.361458 0.514844 0.360417 0.515625 0.359375 0.515625 0.358333 0.516406 0.357292 0.516406 0.35625 0.517188 0.355208 0.517188 0.354167 0.517969 0.353125 0.517969 0.352083 0.51875 0.351042 0.51875 0.35 0.519531 0.348958 0.519531 0.347917 0.520312 0.34375 0.520312 0.342708 0.521094 0.341667 0.521094 0.340625 0.521875 0.338542 0.521875 0.3375 0.522656 0.335417 0.522656 0.334375 0.523438 0.330208 0.523438 0.329167 0.524219 0.326042 0.524219 0.325 0.525 0.323958 0.525 0.322917 0.525781 0.31875 0.525781 0.317708 0.526562 0.310417 0.526562 0.309375 0.527344 0.305208 0.527344 0.304167 0.528125 0.3 0.528125 0.298958 0.528906 0.29375 0.528906 0.292708 0.529687 0.272917 0.529687 0.271875 0.530469 0.251042 0.530469 0.25 0.529687 0.230208 0.529687 0.229167 0.528906 0.223958 0.528906 0.222917 0.528125 0.219792 0.528125 0.21875 0.527344 0.215625 0.527344 0.214583 0.526562 0.209375 0.526562 0.208333 0.525781 0.20625 0.525781 0.205208 0.525 0.203125 0.525 0.202083 0.524219 0.201042 0.524219 0.2 0.523438 0.196875 0.523438 0.195833 0.522656 0.194792 0.522656 0.192708 0.521094 0.191667 0.521094 0.190625 0.520312 0.189583 0.520312 0.186458 0.517969 0.185417 0.517969 0.183333 0.516406 0.183333 0.525781 0.189583 0.530469 0.190625 0.530469 0.192708 0.532031 0.19375 0.532031 0.195833 0.533594 0.196875 0.533594 0.197917 0.534375 0.198958 0.534375 0.2 0.535156 0.202083 0.535156 0.203125 0.535937 0.205208 0.535937 0.20625 0.536719 0.207292 0.536719 0.208333 0.5375 0.210417 0.5375 0.211458 0.538281 0.216667 0.538281 0.217708 0.539062 0.220833 0.539062 0.221875 0.539844 0.225 0.539844 0.226042 0.540625 0.232292 0.540625 0.233333 0.541406 0.244792 0.541406 0.245833 0.542187 0.28125 0.542187 0.282292 0.541406 0.295833 0.541406 0.296875 0.540625 0.303125 0.540625 0.304167 0.539844 0.307292 0.539844 0.308333 0.539062 0.311458 0.539062 0.3125 0.538281 0.31875 0.538281 0.319792 0.5375 0.323958 0.5375 0.325 0.536719 0.326042 0.536719 0.327083 0.535937 0.330208 0.535937 0.33125 0.535156 0.334375 0.535156 0.335417 0.534375 0.3375 0.534375 0.338542 0.533594 0.340625 0.533594 0.341667 0.532812 0.342708 0.532812 0.34375 0.532031 0.346875 0.532031 0.347917 0.53125 0.35 0.53125 0.352083 0.529687 0.353125 0.529687 0.354167 0.528906 0.355208 0.528906 0.35625 0.528125 0.357292 0.528125 0.358333 0.527344 0.359375 0.527344 0.360417 0.526562 0.361458 0.526562 0.3625 0.525781 0.363542 0.525781 0.365625 0.524219 0.366667 0.524219 0.372917 0.519531 0.373958 0.519531 0.376042 0.517969 0.376042 0.517188 0.379167 0.514844 0.379167 0.514062 0.380208 0.513281 0.380208 0.50625 0.379167 0.505469 0.941156
0 0.38125 0.550781 0.380208 0.551562 0.380208 0.553125 0.375 0.557031 0.373958 0.557031 0.369792 0.560156 0.36875 0.560156 0.366667 0.561719 0.365625 0.561719 0.363542 0.563281 0.3625 0.563281 0.361458 0.564062 0.360417 0.564062 0.359375 0.564844 0.358333 0.564844 0.357292 0.565625 0.35625 0.565625 0.355208 0.566406 0.354167 0.566406 0.353125 0.567187 0.352083 0.567187 0.351042 0.567969 0.348958 0.567969 0.347917 0.56875 0.346875 0.56875 0.345833 0.569531 0.344792 0.569531 0.34375 0.570312 0.340625 0.570312 0.339583 0.571094 0.3375 0.571094 0.336458 0.571875 0.334375 0.571875 0.333333 0.572656 0.33125 0.572656 0.330208 0.573437 0.327083 0.573437 0.326042 0.574219 0.321875 0.574219 0.320833 0.575 0.317708 0.575 0.316667 0.575781 0.313542 0.575781 0.3125 0.576562 0.30625 0.576562 0.305208 0.577344 0.298958 0.577344 0.297917 0.578125 0.291667 0.578125 0.290625 0.578906 0.283333 0.578906 0.282292 0.579687 0.248958 0.579687 0.247917 0.578906 0.240625 0.578906 0.239583 0.578125 0.234375 0.578125 0.233333 0.577344 0.228125 0.577344 0.227083 0.576562 0.222917 0.576562 0.221875 0.575781 0.219792 0.575781 0.21875 0.575 0.216667 0.575 0.215625 0.574219 0.2125 0.574219 0.211458 0.573437 0.208333 0.573437 0.20625 0.571875 0.205208 0.571875 0.204167 0.571094 0.203125 0.571094 0.202083 0.570312 0.201042 0.570312 0.2 0.569531 0.198958 0.569531 0.195833 0.567187 0.194792 0.567187 0.19375 0.566406 0.192708 0.566406 0.191667 0.565625 0.190625 0.565625 0.189583 0.564844 0.189583 0.564062 0.189583 0.571094 0.190625 0.571875 0.190625 0.572656 0.191667 0.573437 0.191667 0.574219 0.194792 0.576562 0.195833 0.576562 0.196875 0.577344 0.197917 0.577344 0.2 0.578906 0.201042 0.578906 0.203125 0.580469 0.204167 0.580469 0.20625 0.582031 0.207292 0.582031 0.208333 0.582812 0.210417 0.582812 0.2125 0.584375 0.214583 0.584375 0.215625 0.585156 0.21875 0.585156 0.219792 0.585938 0.221875 0.585938 0.222917 0.586719 0.225 0.586719 0.226042 0.5875 0.229167 0.5875 0.230208 0.588281 0.2375 0.588281 0.238542 0.589062 0.24375 0.589062 0.244792 0.589844 0.251042 0.589844 0.252083 0.590625 0.286458 0.590625 0.2875 0.589844 0.292708 0.589844 0.29375 0.589062 0.3 0.589062 0.301042 0.588281 0.310417 0.588281 0.311458 0.5875 0.314583 0.5875 0.315625 0.586719 0.317708 0.586719 0.31875 0.585938 0.321875 0.585938 0.322917 0.585156 0.328125 0.585156 0.329167 0.584375 0.332292 0.584375 0.333333 0.583594 0.334375 0.583594 0.335417 0.582812 0.3375 0.582812 0.338542 0.582031 0.341667 0.582031 0.342708 0.58125 0.344792 0.58125 0.345833 0.580469 0.346875 0.580469 0.347917 0.579687 0.348958 0.579687 0.35 0.578906 0.352083 0.578906 0.353125 0.578125 0.354167 0.578125 0.355208 0.577344 0.35625 0.577344 0.357292 0.576562 0.358333 0.576562 0.359375 0.575781 0.360417 0.575781 0.364583 0.572656 0.366667 0.572656 0.369792 0.570312 0.370833 0.570312 0.379167 0.564062 0.379167 0.563281 0.380208 0.5625 0.380208 0.561719 0.382292 0.560156 0.382292 0.559375 0.383333 0.558594 0.383333 0.557812 0.384375 0.557031 0.384375 0.552344 0.382292 0.550781 0.939109
0 0.385417 0.555469 0.385417 0.55625 0.384375 0.557031 0.384375 0.559375 0.383333 0.560156 0.383333 0.560937 0.38125 0.5625 0.38125 0.563281 0.380208 0.564062 0.380208 0.564844 0.370833 0.571875 0.369792 0.571875 0.367708 0.573437 0.366667 0.573437 0.364583 0.575 0.363542 0.575 0.361458 0.576562 0.360417 0.576562 0.359375 0.577344 0.358333 0.577344 0.357292 0.578125 0.35625 0.578125 0.355208 0.578906 0.354167 0.578906 0.353125 0.579687 0.351042 0.579687 0.35 0.580469 0.348958 0.580469 0.347917 0.58125 0.346875 0.58125 0.345833 0.582031 0.34375 0.582031 0.342708 0.582812 0.339583 0.582812 0.338542 0.583594 0.336458 0.583594 0.335417 0.584375 0.333333 0.584375 0.332292 0.585156 0.330208 0.585156 0.329167 0.585938 0.323958 0.585938 0.322917 0.586719 0.319792 0.586719 0.31875 0.5875 0.316667 0.5875 0.315625 0.588281 0.3125 0.588281 0.311458 0.589062 0.303125 0.589062 0.302083 0.589844 0.295833 0.589844 0.294792 0.590625 0.288542 0.590625 0.2875 0.591406 0.248958 0.591406 0.247917 0.590625 0.241667 0.590625 0.240625 0.589844 0.234375 0.589844 0.233333 0.589062 0.227083 0.589062 0.226042 0.588281 0.223958 0.588281 0.222917 0.5875 0.221875 0.5875 0.220833 0.586719 0.217708 0.586719 0.216667 0.585938 0.213542 0.585938 0.2125 0.585156 0.211458 0.585156 0.210417 0.584375 0.209375 0.584375 0.208333 0.583594 0.207292 0.583594 0.20625 0.582812 0.205208 0.582812 0.203125 0.58125 0.202083 0.58125 0.198958 0.578906 0.197917 0.578906 0.196875 0.578125 0.195833 0.578125 0.192708 0.575781 0.192708 0.582812 0.194792 0.584375 0.194792 0.585156 0.202083 0.590625 0.203125 0.590625 0.205208 0.592187 0.20625 0.592187 0.208333 0.59375 0.209375 0.59375 0.210417 0.594531 0.211458 0.594531 0.2125 0.595312 0.213542 0.595312 0.214583 0.596094 0.215625 0.596094 0.216667 0.596875 0.217708 0.596875 0.21875 0.597656 0.221875 0.597656 0.222917 0.598437 0.226042 0.598437 0.227083 0.599219 0.229167 0.599219 0.230208 0.6 0.232292 0.6 0.233333 0.600781 0.240625 0.600781 0.241667 0.601562 0.248958 0.601562 0.25 0.602344 0.257292 0.602344 0.258333 0.603125 0.285417 0.603125 0.286458 0.602344 0.294792 0.602344 0.295833 0.601562 0.302083 0.601562 0.303125 0.600781 0.3125 0.600781 0.313542 0.6 0.317708 0.6 0.31875 0.599219 0.320833 0.599219 0.321875 0.598437 0.325 0.598437 0.326042 0.597656 0.33125 0.597656 0.332292 0.596875 0.334375 0.596875 0.335417 0.596094 0.3375 0.596094 0.338542 0.595312 0.340625 0.595312 0.341667 0.594531 0.344792 0.594531 0.345833 0.59375 0.346875 0.59375 0.347917 0.592969 0.348958 0.592969 0.35 0.592187 0.351042 0.592187 0.352083 0.591406 0.355208 0.591406 0.35625 0.590625 0.357292 0.590625 0.358333 0.589844 0.359375 0.589844 0.361458 0.588281 0.363542 0.588281 0.366667 0.585938 0.367708 0.585938 0.369792 0.584375 0.370833 0.584375 0.377083 0.579687 0.378125 0.579687 0.38125 0.577344 0.38125 0.576562 0.384375 0.574219 0.384375 0.573437 0.386458 0.571875 0.386458 0.570312 0.3875 0.569531 0.3875 0.560937 0.386458 0.560156 0.386458 0.558594 0.385417 0.557812 0.936874
0 0.377083 0.528125 0.376042 0.528906 0.376042 0.529687 0.36875 0.535156 0.367708 0.535156 0.365625 0.536719 0.364583 0.536719 0.361458 0.539062 0.360417 0.539062 0.359375 0.539844 0.358333 0.539844 0.35625 0.541406 0.355208 0.541406 0.354167 0.542187 0.352083 0.542187 0.351042 0.542969 0.35 0.542969 0.348958 0.54375 0.347917 0.54375 0.346875 0.544531 0.344792 0.544531 0.34375 0.545312 0.341667 0.545312 0.340625 0.546094 0.338542 0.546094 0.3375 0.546875 0.336458 0.546875 0.335417 0.547656 0.333333 0.547656 0.332292 0.548437 0.328125 0.548437 0.327083 0.549219 0.323958 0.549219 0.322917 0.55 0.320833 0.55 0.319792 0.550781 0.315625 0.550781 0.314583 0.551562 0.308333 0.551562 0.307292 0.552344 0.302083 0.552344 0.301042 0.553125 0.297917 0.553125 0.296875 0.553906 0.290625 0.553906 0.289583 0.554688 0.270833 0.554688 0.269792 0.555469 0.251042 0.555469 0.25 0.554688 0.234375 0.554688 0.233333 0.553906 0.227083 0.553906 0.226042 0.553125 0.221875 0.553125 0.220833 0.552344 0.217708 0.552344 0.216667 0.551562 0.211458 0.551562 0.210417 0.550781 0.208333 0.550781 0.207292 0.55 0.20625 0.55 0.205208 0.549219 0.203125 0.549219 0.202083 0.548437 0.2 0.548437 0.198958 0.547656 0.197917 0.547656 0.196875 0.546875 0.195833 0.546875 0.194792 0.546094 0.19375 0.546094 0.191667 0.544531 0.190625 0.544531 0.188542 0.542969 0.1875 0.542969 0.185417 0.541406 0.185417 0.550781 0.186458 0.551562 0.1875 0.551562 0.189583 0.553125 0.190625 0.553125 0.194792 0.55625 0.195833 0.55625 0.197917 0.557812 0.198958 0.557812 0.201042 0.559375 0.203125 0.559375 0.204167 0.560156 0.207292 0.560156 0.208333 0.560937 0.210417 0.560937 0.211458 0.561719 0.213542 0.561719 0.214583 0.5625 0.216667 0.5625 0.217708 0.563281 0.222917 0.563281 0.223958 0.564062 0.230208 0.564062 0.23125 0.564844 0.236458 0.564844 0.2375 0.565625 0.289583 0.565625 0.290625 0.564844 0.294792 0.564844 0.295833 0.564062 0.303125 0.564062 0.304167 0.563281 0.311458 0.563281 0.3125 0.5625 0.315625 0.5625 0.316667 0.561719 0.31875 0.561719 0.319792 0.560937 0.323958 0.560937 0.325 0.560156 0.330208 0.560156 0.33125 0.559375 0.332292 0.559375 0.333333 0.558594 0.335417 0.558594 0.336458 0.557812 0.338542 0.557812 0.339583 0.557031 0.342708 0.557031 0.34375 0.55625 0.344792 0.55625 0.345833 0.555469 0.346875 0.555469 0.347917 0.554688 0.348958 0.554688 0.35 0.553906 0.352083 0.553906 0.353125 0.553125 0.354167 0.553125 0.355208 0.552344 0.35625 0.552344 0.357292 0.551562 0.358333 0.551562 0.359375 0.550781 0.360417 0.550781 0.3625 0.549219 0.363542 0.549219 0.365625 0.547656 0.366667 0.547656 0.36875 0.546094 0.369792 0.546094 0.372917 0.54375 0.372917 0.542969 0.377083 0.539844 0.377083 0.539062 0.379167 0.5375 0.379167 0.536719 0.380208 0.535937 0.380208 0.528906 0.379167 0.528125 0.93621
0 0.676042 0.5625 0.676042 0.576562 0.678125 0.578125 0.678125 0.578906 0.68125 0.58125 0.68125 0.582031 0.683333 0.583594 0.684375 0.583594 0.688542 0.586719 0.689583 0.586719 0.691667 0.588281 0.692708 0.588281 0.695833 0.590625 0.696875 0.590625 0.697917 0.591406 0.698958 0.591406 0.701042 0.592969 0.702083 0.592969 0.703125 0.59375 0.704167 0.59375 0.705208 0.594531 0.70625 0.594531 0.707292 0.595312 0.708333 0.595312 0.709375 0.596094 0.711458 0.596094 0.7125 0.596875 0.713542 0.596875 0.714583 0.597656 0.716667 0.597656 0.717708 0.598437 0.71875 0.598437 0.719792 0.599219 0.721875 0.599219 0.722917 0.6 0.723958 0.6 0.725 0.600781 0.729167 0.600781 0.730208 0.601562 0.732292 0.601562 0.733333 0.602344 0.735417 0.602344 0.736458 0.603125 0.739583 0.603125 0.740625 0.603906 0.744792 0.603906 0.745833 0.604687 0.75 0.604687 0.751042 0.605469 0.754167 0.605469 0.755208 0.60625 0.760417 0.60625 0.761458 0.607031 0.770833 0.607031 0.771875 0.607812 0.811458 0.607812 0.8125 0.607031 0.825 0.607031 0.826042 0.60625 0.830208 0.60625 0.83125 0.605469 0.833333 0.605469 0.834375 0.604687 0.8375 0.604687 0.838542 0.603906 0.842708 0.603906 0.84375 0.603125 0.845833 0.603125 0.846875 0.602344 0.848958 0.602344 0.85 0.601562 0.851042 0.601562 0.852083 0.600781 0.853125 0.600781 0.854167 0.6 0.855208 0.6 0.85625 0.599219 0.857292 0.599219 0.859375 0.597656 0.860417 0.597656 0.864583 0.594531 0.865625 0.594531 0.86875 0.592187 0.86875 0.590625 0.869792 0.589844 0.869792 0.585938 0.86875 0.585156 0.867708 0.585156 0.865625 0.586719 0.864583 0.586719 0.8625 0.588281 0.861458 0.588281 0.860417 0.589062 0.859375 0.589062 0.858333 0.589844 0.85625 0.589844 0.854167 0.591406 0.852083 0.591406 0.851042 0.592187 0.847917 0.592187 0.846875 0.592969 0.844792 0.592969 0.84375 0.59375 0.841667 0.59375 0.840625 0.594531 0.838542 0.594531 0.8375 0.595312 0.830208 0.595312 0.829167 0.596094 0.822917 0.596094 0.821875 0.596875 0.814583 0.596875 0.813542 0.597656 0.784375 0.597656 0.783333 0.596875 0.775 0.596875 0.773958 0.596094 0.765625 0.596094 0.764583 0.595312 0.75625 0.595312 0.755208 0.594531 0.752083 0.594531 0.751042 0.59375 0.748958 0.59375 0.747917 0.592969 0.744792 0.592969 0.74375 0.592187 0.7375 0.592187 0.736458 0.591406 0.734375 0.591406 0.733333 0.590625 0.73125 0.590625 0.730208 0.589844 0.728125 0.589844 0.727083 0.589062 0.723958 0.589062 0.722917 0.588281 0.721875 0.588281 0.720833 0.5875 0.719792 0.5875 0.71875 0.586719 0.717708 0.586719 0.716667 0.585938 0.713542 0.585938 0.7125 0.585156 0.711458 0.585156 0.710417 0.584375 0.709375 0.584375 0.708333 0.583594 0.707292 0.583594 0.70625 0.582812 0.704167 0.582812 0.703125 0.582031 0.702083 0.582031 0.7 0.580469 0.698958 0.580469 0.697917 0.579687 0.696875 0.579687 0.695833 0.578906 0.694792 0.578906 0.691667 0.576562 0.690625 0.576562 0.6875 0.574219 0.686458 0.574219 0.68125 0.570312 0.68125 0.569531 0.679167 0.567969 0.679167 0.567187 0.677083 0.565625 0.677083 0.564062 0.676042 0.563281 0.936011
0 0.684375 0.532812 0.684375 0.544531 0.686458 0.546094 0.686458 0.546875 0.691667 0.550781 0.692708 0.550781 0.696875 0.553906 0.697917 0.553906 0.701042 0.55625 0.702083 0.55625 0.703125 0.557031 0.705208 0.557031 0.707292 0.558594 0.708333 0.558594 0.710417 0.560156 0.7125 0.560156 0.713542 0.560937 0.714583 0.560937 0.715625 0.561719 0.716667 0.561719 0.717708 0.5625 0.71875 0.5625 0.719792 0.563281 0.722917 0.563281 0.723958 0.564062 0.726042 0.564062 0.727083 0.564844 0.728125 0.564844 0.729167 0.565625 0.73125 0.565625 0.732292 0.566406 0.735417 0.566406 0.736458 0.567187 0.739583 0.567187 0.740625 0.567969 0.742708 0.567969 0.74375 0.56875 0.745833 0.56875 0.746875 0.569531 0.752083 0.569531 0.753125 0.570312 0.759375 0.570312 0.760417 0.571094 0.763542 0.571094 0.764583 0.571875 0.76875 0.571875 0.769792 0.572656 0.779167 0.572656 0.780208 0.573437 0.794792 0.573437 0.795833 0.574219 0.815625 0.574219 0.816667 0.573437 0.832292 0.573437 0.833333 0.572656 0.839583 0.572656 0.840625 0.571875 0.84375 0.571875 0.844792 0.571094 0.846875 0.571094 0.847917 0.570312 0.851042 0.570312 0.852083 0.569531 0.85625 0.569531 0.857292 0.56875 0.858333 0.56875 0.859375 0.567969 0.860417 0.567969 0.861458 0.567187 0.8625 0.567187 0.863542 0.566406 0.865625 0.566406 0.866667 0.565625 0.867708 0.565625 0.86875 0.564844 0.869792 0.564844 0.871875 0.563281 0.872917 0.563281 0.875 0.561719 0.876042 0.561719 0.88125 0.557812 0.88125 0.55625 0.882292 0.555469 0.882292 0.55 0.880208 0.55 0.878125 0.551562 0.877083 0.551562 0.873958 0.553906 0.872917 0.553906 0.871875 0.554688 0.869792 0.554688 0.86875 0.555469 0.867708 0.555469 0.865625 0.557031 0.8625 0.557031 0.861458 0.557812 0.857292 0.557812 0.85625 0.558594 0.855208 0.558594 0.854167 0.559375 0.852083 0.559375 0.851042 0.560156 0.846875 0.560156 0.845833 0.560937 0.8375 0.560937 0.836458 0.561719 0.829167 0.561719 0.828125 0.5625 0.819792 0.5625 0.81875 0.563281 0.798958 0.563281 0.797917 0.5625 0.7875 0.5625 0.786458 0.561719 0.778125 0.561719 0.777083 0.560937 0.765625 0.560937 0.764583 0.560156 0.759375 0.560156 0.758333 0.559375 0.75625 0.559375 0.755208 0.558594 0.752083 0.558594 0.751042 0.557812 0.745833 0.557812 0.744792 0.557031 0.741667 0.557031 0.740625 0.55625 0.738542 0.55625 0.7375 0.555469 0.735417 0.555469 0.734375 0.554688 0.73125 0.554688 0.730208 0.553906 0.728125 0.553906 0.727083 0.553125 0.725 0.553125 0.723958 0.552344 0.722917 0.552344 0.721875 0.551562 0.71875 0.551562 0.717708 0.550781 0.716667 0.550781 0.715625 0.55 0.714583 0.55 0.713542 0.549219 0.7125 0.549219 0.711458 0.548437 0.709375 0.548437 0.708333 0.547656 0.707292 0.547656 0.705208 0.546094 0.704167 0.546094 0.703125 0.545312 0.702083 0.545312 0.701042 0.544531 0.7 0.544531 0.695833 0.541406 0.694792 0.541406 0.686458 0.535156 0.686458 0.534375 0.934984
0 0.684375 0.471875 0.684375 0.478125 0.686458 0.479687 0.686458 0.480469 0.688542 0.482031 0.689583 0.482031 0.69375 0.485156 0.694792 0.485156 0.695833 0.485937 0.696875 0.485937 0.697917 0.486719 0.698958 0.486719 0.701042 0.488281 0.703125 0.488281 0.704167 0.489062 0.70625 0.489062 0.707292 0.489844 0.708333 0.489844 0.709375 0.490625 0.711458 0.490625 0.7125 0.491406 0.715625 0.491406 0.716667 0.492187 0.71875 0.492187 0.719792 0.492969 0.720833 0.492969 0.721875 0.49375 0.723958 0.49375 0.725 0.494531 0.728125 0.494531 0.729167 0.495312 0.732292 0.495312 0.733333 0.496094 0.735417 0.496094 0.736458 0.496875 0.739583 0.496875 0.740625 0.497656 0.746875 0.497656 0.747917 0.498437 0.751042 0.498437 0.752083 0.499219 0.755208 0.499219 0.75625 0.5 0.761458 0.5 0.7625 0.500781 0.775 0.500781 0.776042 0.501562 0.785417 0.501562 0.786458 0.502344 0.830208 0.502344 0.83125 0.501562 0.8375 0.501562 0.838542 0.500781 0.848958 0.500781 0.85 0.5 0.855208 0.5 0.85625 0.499219 0.858333 0.499219 0.859375 0.498437 0.861458 0.498437 0.8625 0.497656 0.867708 0.497656 0.86875 0.496875 0.869792 0.496875 0.870833 0.496094 0.871875 0.496094 0.872917 0.495312 0.875 0.495312 0.876042 0.494531 0.877083 0.494531 0.878125 0.49375 0.879167 0.49375 0.880208 0.492969 0.88125 0.492969 0.882292 0.492187 0.883333 0.492187 0.890625 0.486719 0.890625 0.485156 0.891667 0.484375 0.891667 0.478906 0.889583 0.477344 0.888542 0.477344 0.885417 0.479687 0.884375 0.479687 0.882292 0.48125 0.88125 0.48125 0.880208 0.482031 0.879167 0.482031 0.878125 0.482812 0.877083 0.482812 0.876042 0.483594 0.875 0.483594 0.873958 0.484375 0.872917 0.484375 0.871875 0.485156 0.86875 0.485156 0.867708 0.485937 0.8625 0.485937 0.861458 0.486719 0.859375 0.486719 0.858333 0.4875 0.85625 0.4875 0.855208 0.488281 0.85 0.488281 0.848958 0.489062 0.838542 0.489062 0.8375 0.489844 0.827083 0.489844 0.826042 0.490625 0.792708 0.490625 0.791667 0.489844 0.78125 0.489844 0.780208 0.489062 0.764583 0.489062 0.763542 0.488281 0.757292 0.488281 0.75625 0.4875 0.753125 0.4875 0.752083 0.486719 0.748958 0.486719 0.747917 0.485937 0.740625 0.485937 0.739583 0.485156 0.736458 0.485156 0.735417 0.484375 0.733333 0.484375 0.732292 0.483594 0.729167 0.483594 0.728125 0.482812 0.722917 0.482812 0.721875 0.482031 0.719792 0.482031 0.71875 0.48125 0.717708 0.48125 0.716667 0.480469 0.715625 0.480469 0.714583 0.479687 0.710417 0.479687 0.709375 0.478906 0.707292 0.478906 0.70625 0.478125 0.705208 0.478125 0.704167 0.477344 0.703125 0.477344 0.702083 0.476562 0.701042 0.476562 0.7 0.475781 0.697917 0.475781 0.695833 0.474219 0.694792 0.474219 0.69375 0.473437 0.692708 0.473437 0.690625 0.471875 0.931918
0 0.376042 0.517969 0.366667 0.525 0.365625 0.525 0.363542 0.526562 0.3625 0.526562 0.361458 0.527344 0.360417 0.527344 0.358333 0.528906 0.357292 0.528906 0.35625 0.529687 0.354167 0.529687 0.353125 0.530469 0.352083 0.530469 0.351042 0.53125 0.35 0.53125 0.348958 0.532031 0.347917 0.532031 0.346875 0.532812 0.34375 0.532812 0.342708 0.533594 0.341667 0.533594 0.340625 0.534375 0.338542 0.534375 0.3375 0.535156 0.335417 0.535156 0.334375 0.535937 0.330208 0.535937 0.329167 0.536719 0.327083 0.536719 0.326042 0.5375 0.325 0.5375 0.323958 0.538281 0.319792 0.538281 0.31875 0.539062 0.3125 0.539062 0.311458 0.539844 0.308333 0.539844 0.307292 0.540625 0.304167 0.540625 0.303125 0.541406 0.297917 0.541406 0.296875 0.542187 0.28125 0.542187 0.280208 0.542969 0.246875 0.542969 0.245833 0.542187 0.232292 0.542187 0.23125 0.541406 0.226042 0.541406 0.225 0.540625 0.221875 0.540625 0.220833 0.539844 0.217708 0.539844 0.216667 0.539062 0.211458 0.539062 0.210417 0.538281 0.208333 0.538281 0.207292 0.5375 0.20625 0.5375 0.205208 0.536719 0.203125 0.536719 0.202083 0.535937 0.2 0.535937 0.198958 0.535156 0.197917 0.535156 0.196875 0.534375 0.195833 0.534375 0.19375 0.532812 0.192708 0.532812 0.191667 0.532031 0.190625 0.532031 0.183333 0.526562 0.183333 0.525781 0.182292 0.525 0.182292 0.538281 0.186458 0.541406 0.1875 0.541406 0.188542 0.542187 0.189583 0.542187 0.192708 0.544531 0.19375 0.544531 0.194792 0.545312 0.195833 0.545312 0.196875 0.546094 0.197917 0.546094 0.198958 0.546875 0.2 0.546875 0.201042 0.547656 0.203125 0.547656 0.204167 0.548437 0.20625 0.548437 0.207292 0.549219 0.208333 0.549219 0.209375 0.55 0.211458 0.55 0.2125 0.550781 0.216667 0.550781 0.217708 0.551562 0.221875 0.551562 0.222917 0.552344 0.226042 0.552344 0.227083 0.553125 0.23125 0.553125 0.232292 0.553906 0.289583 0.553906 0.290625 0.553125 0.295833 0.553125 0.296875 0.552344 0.301042 0.552344 0.302083 0.551562 0.307292 0.551562 0.308333 0.550781 0.314583 0.550781 0.315625 0.55 0.31875 0.55 0.319792 0.549219 0.321875 0.549219 0.322917 0.548437 0.326042 0.548437 0.327083 0.547656 0.332292 0.547656 0.333333 0.546875 0.335417 0.546875 0.336458 0.546094 0.3375 0.546094 0.338542 0.545312 0.340625 0.545312 0.341667 0.544531 0.34375 0.544531 0.344792 0.54375 0.346875 0.54375 0.347917 0.542969 0.348958 0.542969 0.35 0.542187 0.351042 0.542187 0.352083 0.541406 0.353125 0.541406 0.354167 0.540625 0.355208 0.540625 0.35625 0.539844 0.357292 0.539844 0.359375 0.538281 0.360417 0.538281 0.3625 0.536719 0.363542 0.536719 0.365625 0.535156 0.366667 0.535156 0.369792 0.532812 0.370833 0.532812 0.373958 0.530469 0.373958 0.529687 0.376042 0.528125 0.376042 0.527344 0.378125 0.525781 0.378125 0.51875 0.377083 0.517969 0.926079
0 0.60625 0.551562 0.605208 0.552344 0.605208 0.554688 0.604167 0.555469 0.604167 0.55625 0.601042 0.558594 0.601042 0.559375 0.597917 0.561719 0.596875 0.561719 0.592708 0.564844 0.591667 0.564844 0.589583 0.566406 0.588542 0.566406 0.5875 0.567187 0.586458 0.567187 0.585417 0.567969 0.584375 0.567969 0.583333 0.56875 0.582292 0.56875 0.58125 0.569531 0.579167 0.569531 0.578125 0.570312 0.576042 0.570312 0.575 0.571094 0.573958 0.571094 0.572917 0.571875 0.570833 0.571875 0.569792 0.572656 0.566667 0.572656 0.565625 0.573437 0.5625 0.573437 0.561458 0.574219 0.558333 0.574219 0.557292 0.575 0.553125 0.575 0.552083 0.575781 0.546875 0.575781 0.545833 0.576562 0.538542 0.576562 0.5375 0.577344 0.527083 0.577344 0.526042 0.578125 0.50625 0.578125 0.505208 0.577344 0.491667 0.577344 0.490625 0.576562 0.482292 0.576562 0.48125 0.575781 0.473958 0.575781 0.472917 0.575 0.469792 0.575 0.46875 0.574219 0.465625 0.574219 0.464583 0.573437 0.460417 0.573437 0.459375 0.572656 0.455208 0.572656 0.454167 0.571875 0.453125 0.571875 0.452083 0.571094 0.45 0.571094 0.448958 0.570312 0.446875 0.570312 0.445833 0.569531 0.44375 0.569531 0.442708 0.56875 0.441667 0.56875 0.439583 0.567187 0.438542 0.567187 0.4375 0.566406 0.436458 0.566406 0.435417 0.565625 0.434375 0.565625 0.433333 0.564844 0.432292 0.564844 0.430208 0.563281 0.429167 0.563281 0.425 0.560156 0.423958 0.560156 0.422917 0.559375 0.422917 0.558594 0.422917 0.564844 0.425 0.566406 0.425 0.567187 0.43125 0.571875 0.432292 0.571875 0.435417 0.574219 0.436458 0.574219 0.438542 0.575781 0.439583 0.575781 0.440625 0.576562 0.441667 0.576562 0.442708 0.577344 0.44375 0.577344 0.444792 0.578125 0.445833 0.578125 0.446875 0.578906 0.447917 0.578906 0.448958 0.579687 0.451042 0.579687 0.452083 0.580469 0.454167 0.580469 0.455208 0.58125 0.45625 0.58125 0.457292 0.582031 0.460417 0.582031 0.461458 0.582812 0.464583 0.582812 0.465625 0.583594 0.467708 0.583594 0.46875 0.584375 0.471875 0.584375 0.472917 0.585156 0.478125 0.585156 0.479167 0.585938 0.485417 0.585938 0.486458 0.586719 0.492708 0.586719 0.49375 0.5875 0.5375 0.5875 0.538542 0.586719 0.544792 0.586719 0.545833 0.585938 0.552083 0.585938 0.553125 0.585156 0.557292 0.585156 0.558333 0.584375 0.561458 0.584375 0.5625 0.583594 0.565625 0.583594 0.566667 0.582812 0.56875 0.582812 0.569792 0.582031 0.572917 0.582031 0.573958 0.58125 0.576042 0.58125 0.577083 0.580469 0.579167 0.580469 0.580208 0.579687 0.58125 0.579687 0.582292 0.578906 0.583333 0.578906 0.584375 0.578125 0.585417 0.578125 0.586458 0.577344 0.5875 0.577344 0.589583 0.575781 0.590625 0.575781 0.591667 0.575 0.592708 0.575 0.594792 0.573437 0.595833 0.573437 0.603125 0.567969 0.603125 0.567187 0.605208 0.565625 0.605208 0.564844 0.60625 0.564062 0.60625 0.563281 0.607292 0.5625 0.607292 0.561719 0.608333 0.560937 0.608333 0.554688 0.607292 0.553906 0.607292 0.552344 0.919446
0 0.683333 0.460156 0.683333 0.467187 0.685417 0.46875 0.686458 0.46875 0.690625 0.471875 0.691667 0.471875 0.692708 0.472656 0.69375 0.472656 0.695833 0.474219 0.696875 0.474219 0.697917 0.475 0.698958 0.475 0.7 0.475781 0.702083 0.475781 0.703125 0.476562 0.704167 0.476562 0.70625 0.478125 0.708333 0.478125 0.709375 0.478906 0.713542 0.478906 0.714583 0.479687 0.715625 0.479687 0.716667 0.480469 0.717708 0.480469 0.71875 0.48125 0.720833 0.48125 0.721875 0.482031 0.726042 0.482031 0.727083 0.482812 0.730208 0.482812 0.73125 0.483594 0.734375 0.483594 0.735417 0.484375 0.738542 0.484375 0.739583 0.485156 0.744792 0.485156 0.745833 0.485937 0.751042 0.485937 0.752083 0.486719 0.755208 0.486719 0.75625 0.4875 0.761458 0.4875 0.7625 0.488281 0.773958 0.488281 0.775 0.489062 0.841667 0.489062 0.842708 0.488281 0.851042 0.488281 0.852083 0.4875 0.85625 0.4875 0.857292 0.486719 0.859375 0.486719 0.860417 0.485937 0.863542 0.485937 0.864583 0.485156 0.86875 0.485156 0.869792 0.484375 0.871875 0.484375 0.872917 0.483594 0.873958 0.483594 0.875 0.482812 0.876042 0.482812 0.877083 0.482031 0.878125 0.482031 0.879167 0.48125 0.880208 0.48125 0.88125 0.480469 0.882292 0.480469 0.885417 0.478125 0.886458 0.478125 0.891667 0.474219 0.891667 0.466406 0.890625 0.465625 0.890625 0.464844 0.888542 0.464844 0.888542 0.465625 0.8875 0.466406 0.886458 0.466406 0.885417 0.467187 0.884375 0.467187 0.88125 0.469531 0.880208 0.469531 0.879167 0.470312 0.877083 0.470312 0.876042 0.471094 0.875 0.471094 0.873958 0.471875 0.872917 0.471875 0.871875 0.472656 0.86875 0.472656 0.867708 0.473437 0.8625 0.473437 0.861458 0.474219 0.858333 0.474219 0.857292 0.475 0.854167 0.475 0.853125 0.475781 0.846875 0.475781 0.845833 0.476562 0.832292 0.476562 0.83125 0.477344 0.7875 0.477344 0.786458 0.476562 0.769792 0.476562 0.76875 0.475781 0.761458 0.475781 0.760417 0.475 0.75625 0.475 0.755208 0.474219 0.751042 0.474219 0.75 0.473437 0.741667 0.473437 0.740625 0.472656 0.7375 0.472656 0.736458 0.471875 0.733333 0.471875 0.732292 0.471094 0.728125 0.471094 0.727083 0.470312 0.722917 0.470312 0.721875 0.469531 0.719792 0.469531 0.71875 0.46875 0.716667 0.46875 0.715625 0.467969 0.714583 0.467969 0.713542 0.467187 0.710417 0.467187 0.709375 0.466406 0.707292 0.466406 0.70625 0.465625 0.705208 0.465625 0.704167 0.464844 0.703125 0.464844 0.702083 0.464062 0.7 0.464062 0.698958 0.463281 0.697917 0.463281 0.696875 0.4625 0.695833 0.4625 0.69375 0.460937 0.692708 0.460937 0.691667 0.460156 0.915688
0 0.685417 0.503906 0.685417 0.5125 0.686458 0.513281 0.6875 0.513281 0.692708 0.517188 0.69375 0.517188 0.697917 0.520312 0.698958 0.520312 0.701042 0.521875 0.702083 0.521875 0.703125 0.522656 0.705208 0.522656 0.707292 0.524219 0.708333 0.524219 0.709375 0.525 0.710417 0.525 0.711458 0.525781 0.714583 0.525781 0.715625 0.526562 0.716667 0.526562 0.717708 0.527344 0.71875 0.527344 0.719792 0.528125 0.720833 0.528125 0.721875 0.528906 0.726042 0.528906 0.727083 0.529687 0.729167 0.529687 0.730208 0.530469 0.732292 0.530469 0.733333 0.53125 0.735417 0.53125 0.736458 0.532031 0.741667 0.532031 0.742708 0.532812 0.745833 0.532812 0.746875 0.533594 0.75 0.533594 0.751042 0.534375 0.754167 0.534375 0.755208 0.535156 0.761458 0.535156 0.7625 0.535937 0.770833 0.535937 0.771875 0.536719 0.778125 0.536719 0.779167 0.5375 0.836458 0.5375 0.8375 0.536719 0.841667 0.536719 0.842708 0.535937 0.848958 0.535937 0.85 0.535156 0.854167 0.535156 0.855208 0.534375 0.858333 0.534375 0.859375 0.533594 0.860417 0.533594 0.861458 0.532812 0.863542 0.532812 0.864583 0.532031 0.867708 0.532031 0.86875 0.53125 0.869792 0.53125 0.871875 0.529687 0.872917 0.529687 0.873958 0.528906 0.876042 0.528906 0.883333 0.523438 0.884375 0.523438 0.885417 0.522656 0.885417 0.521875 0.8875 0.520312 0.8875 0.51875 0.888542 0.517969 0.888542 0.515625 0.8875 0.514844 0.8875 0.514062 0.885417 0.5125 0.883333 0.514062 0.882292 0.514062 0.879167 0.516406 0.878125 0.516406 0.877083 0.517188 0.876042 0.517188 0.873958 0.51875 0.872917 0.51875 0.871875 0.519531 0.870833 0.519531 0.869792 0.520312 0.866667 0.520312 0.865625 0.521094 0.864583 0.521094 0.863542 0.521875 0.861458 0.521875 0.860417 0.522656 0.858333 0.522656 0.857292 0.523438 0.851042 0.523438 0.85 0.524219 0.845833 0.524219 0.844792 0.525 0.840625 0.525 0.839583 0.525781 0.83125 0.525781 0.830208 0.526562 0.783333 0.526562 0.782292 0.525781 0.771875 0.525781 0.770833 0.525 0.766667 0.525 0.765625 0.524219 0.761458 0.524219 0.760417 0.523438 0.751042 0.523438 0.75 0.522656 0.745833 0.522656 0.744792 0.521875 0.742708 0.521875 0.741667 0.521094 0.738542 0.521094 0.7375 0.520312 0.733333 0.520312 0.732292 0.519531 0.729167 0.519531 0.728125 0.51875 0.727083 0.51875 0.726042 0.517969 0.723958 0.517969 0.722917 0.517188 0.719792 0.517188 0.71875 0.516406 0.716667 0.516406 0.715625 0.515625 0.714583 0.515625 0.713542 0.514844 0.711458 0.514844 0.710417 0.514062 0.709375 0.514062 0.708333 0.513281 0.70625 0.513281 0.705208 0.5125 0.704167 0.5125 0.702083 0.510937 0.701042 0.510937 0.7 0.510156 0.698958 0.510156 0.696875 0.508594 0.695833 0.508594 0.694792 0.507812 0.69375 0.507812 0.690625 0.505469 0.689583 0.505469 0.6875 0.503906 0.913422
0 0.682292 0.447656 0.682292 0.453125 0.683333 0.453906 0.683333 0.454687 0.685417 0.45625 0.686458 0.45625 0.689583 0.458594 0.690625 0.458594 0.692708 0.460156 0.69375 0.460156 0.694792 0.460937 0.695833 0.460937 0.696875 0.461719 0.697917 0.461719 0.698958 0.4625 0.7 0.4625 0.701042 0.463281 0.702083 0.463281 0.703125 0.464062 0.704167 0.464062 0.705208 0.464844 0.70625 0.464844 0.707292 0.465625 0.708333 0.465625 0.709375 0.466406 0.713542 0.466406 0.714583 0.467187 0.715625 0.467187 0.716667 0.467969 0.71875 0.467969 0.719792 0.46875 0.721875 0.46875 0.722917 0.469531 0.727083 0.469531 0.728125 0.470312 0.732292 0.470312 0.733333 0.471094 0.735417 0.471094 0.736458 0.471875 0.739583 0.471875 0.740625 0.472656 0.747917 0.472656 0.748958 0.473437 0.754167 0.473437 0.755208 0.474219 0.759375 0.474219 0.760417 0.475 0.765625 0.475 0.766667 0.475781 0.783333 0.475781 0.784375 0.476562 0.833333 0.476562 0.834375 0.475781 0.848958 0.475781 0.85 0.475 0.854167 0.475 0.855208 0.474219 0.857292 0.474219 0.858333 0.473437 0.861458 0.473437 0.8625 0.472656 0.86875 0.472656 0.869792 0.471875 0.871875 0.471875 0.872917 0.471094 0.873958 0.471094 0.875 0.470312 0.876042 0.470312 0.877083 0.469531 0.878125 0.469531 0.879167 0.46875 0.88125 0.46875 0.884375 0.466406 0.885417 0.466406 0.8875 0.464844 0.888542 0.464844 0.892708 0.461719 0.892708 0.460156 0.89375 0.459375 0.89375 0.448437 0.892708 0.447656 0.890625 0.449219 0.889583 0.449219 0.888542 0.45 0.888542 0.450781 0.885417 0.453125 0.884375 0.453125 0.882292 0.454687 0.88125 0.454687 0.880208 0.455469 0.879167 0.455469 0.878125 0.45625 0.876042 0.45625 0.875 0.457031 0.872917 0.457031 0.871875 0.457812 0.870833 0.457812 0.869792 0.458594 0.867708 0.458594 0.866667 0.459375 0.863542 0.459375 0.8625 0.460156 0.858333 0.460156 0.857292 0.460937 0.851042 0.460937 0.85 0.461719 0.84375 0.461719 0.842708 0.4625 0.832292 0.4625 0.83125 0.463281 0.784375 0.463281 0.783333 0.4625 0.771875 0.4625 0.770833 0.461719 0.7625 0.461719 0.761458 0.460937 0.751042 0.460937 0.75 0.460156 0.74375 0.460156 0.742708 0.459375 0.738542 0.459375 0.7375 0.458594 0.733333 0.458594 0.732292 0.457812 0.728125 0.457812 0.727083 0.457031 0.723958 0.457031 0.722917 0.45625 0.720833 0.45625 0.719792 0.455469 0.716667 0.455469 0.715625 0.454687 0.7125 0.454687 0.711458 0.453906 0.709375 0.453906 0.708333 0.453125 0.70625 0.453125 0.705208 0.452344 0.703125 0.452344 0.702083 0.451562 0.7 0.451562 0.698958 0.450781 0.697917 0.450781 0.696875 0.45 0.695833 0.45 0.694792 0.449219 0.69375 0.449219 0.692708 0.448437 0.691667 0.448437 0.690625 0.447656 0.908906
0 0.388542 0.571875 0.386458 0.573437 0.385417 0.573437 0.384375 0.574219 0.384375 0.575 0.38125 0.577344 0.38125 0.578125 0.378125 0.580469 0.377083 0.580469 0.377083 0.58125 0.376042 0.582031 0.375 0.582031 0.369792 0.585938 0.36875 0.585938 0.366667 0.5875 0.365625 0.5875 0.363542 0.589062 0.3625 0.589062 0.361458 0.589844 0.360417 0.589844 0.359375 0.590625 0.358333 0.590625 0.357292 0.591406 0.35625 0.591406 0.355208 0.592187 0.353125 0.592187 0.352083 0.592969 0.351042 0.592969 0.35 0.59375 0.348958 0.59375 0.347917 0.594531 0.345833 0.594531 0.344792 0.595312 0.341667 0.595312 0.340625 0.596094 0.338542 0.596094 0.3375 0.596875 0.336458 0.596875 0.335417 0.597656 0.333333 0.597656 0.332292 0.598437 0.327083 0.598437 0.326042 0.599219 0.322917 0.599219 0.321875 0.6 0.319792 0.6 0.31875 0.600781 0.314583 0.600781 0.313542 0.601562 0.305208 0.601562 0.304167 0.602344 0.296875 0.602344 0.295833 0.603125 0.2875 0.603125 0.286458 0.603906 0.25625 0.603906 0.255208 0.603125 0.246875 0.603125 0.245833 0.602344 0.2375 0.602344 0.236458 0.601562 0.232292 0.601562 0.23125 0.600781 0.228125 0.600781 0.227083 0.6 0.225 0.6 0.223958 0.599219 0.220833 0.599219 0.219792 0.598437 0.217708 0.598437 0.216667 0.597656 0.215625 0.597656 0.214583 0.596875 0.213542 0.596875 0.2125 0.596094 0.211458 0.596094 0.210417 0.595312 0.209375 0.595312 0.207292 0.59375 0.20625 0.59375 0.205208 0.592969 0.204167 0.592969 0.202083 0.591406 0.201042 0.591406 0.197917 0.589062 0.197917 0.596875 0.198958 0.597656 0.198958 0.598437 0.202083 0.600781 0.203125 0.600781 0.20625 0.603125 0.207292 0.603125 0.209375 0.604687 0.210417 0.604687 0.2125 0.60625 0.213542 0.60625 0.214583 0.607031 0.215625 0.607031 0.216667 0.607812 0.21875 0.607812 0.219792 0.608594 0.220833 0.608594 0.221875 0.609375 0.223958 0.609375 0.225 0.610156 0.227083 0.610156 0.228125 0.610937 0.230208 0.610937 0.23125 0.611719 0.234375 0.611719 0.235417 0.6125 0.239583 0.6125 0.240625 0.613281 0.245833 0.613281 0.246875 0.614062 0.254167 0.614062 0.255208 0.614844 0.3 0.614844 0.301042 0.614062 0.309375 0.614062 0.310417 0.613281 0.316667 0.613281 0.317708 0.6125 0.321875 0.6125 0.322917 0.611719 0.326042 0.611719 0.327083 0.610937 0.330208 0.610937 0.33125 0.610156 0.333333 0.610156 0.334375 0.609375 0.3375 0.609375 0.338542 0.608594 0.340625 0.608594 0.341667 0.607812 0.34375 0.607812 0.344792 0.607031 0.346875 0.607031 0.347917 0.60625 0.348958 0.60625 0.35 0.605469 0.351042 0.605469 0.352083 0.604687 0.353125 0.604687 0.354167 0.603906 0.35625 0.603906 0.357292 0.603125 0.358333 0.603125 0.359375 0.602344 0.360417 0.602344 0.361458 0.601562 0.3625 0.601562 0.363542 0.600781 0.364583 0.600781 0.366667 0.599219 0.367708 0.599219 0.369792 0.597656 0.370833 0.597656 0.373958 0.595312 0.375 0.595312 0.385417 0.5875 0.385417 0.586719 0.386458 0.585938 0.386458 0.585156 0.3875 0.584375 0.3875 0.583594 0.388542 0.582812 0.908416
0 0.684375 0.490625 0.684375 0.500781 0.688542 0.503906 0.689583 0.503906 0.69375 0.507031 0.694792 0.507031 0.695833 0.507812 0.696875 0.507812 0.697917 0.508594 0.698958 0.508594 0.701042 0.510156 0.702083 0.510156 0.703125 0.510937 0.704167 0.510937 0.705208 0.511719 0.70625 0.511719 0.707292 0.5125 0.708333 0.5125 0.709375 0.513281 0.711458 0.513281 0.7125 0.514062 0.714583 0.514062 0.715625 0.514844 0.716667 0.514844 0.717708 0.515625 0.719792 0.515625 0.720833 0.516406 0.723958 0.516406 0.725 0.517188 0.727083 0.517188 0.728125 0.517969 0.729167 0.517969 0.730208 0.51875 0.732292 0.51875 0.733333 0.519531 0.738542 0.519531 0.739583 0.520312 0.742708 0.520312 0.74375 0.521094 0.745833 0.521094 0.746875 0.521875 0.751042 0.521875 0.752083 0.522656 0.760417 0.522656 0.761458 0.523438 0.765625 0.523438 0.766667 0.524219 0.770833 0.524219 0.771875 0.525 0.779167 0.525 0.780208 0.525781 0.807292 0.525781 0.808333 0.526562 0.809375 0.526562 0.810417 0.525781 0.832292 0.525781 0.833333 0.525 0.839583 0.525 0.840625 0.524219 0.844792 0.524219 0.845833 0.523438 0.85 0.523438 0.851042 0.522656 0.857292 0.522656 0.858333 0.521875 0.860417 0.521875 0.861458 0.521094 0.8625 0.521094 0.863542 0.520312 0.865625 0.520312 0.866667 0.519531 0.869792 0.519531 0.870833 0.51875 0.871875 0.51875 0.872917 0.517969 0.873958 0.517969 0.876042 0.516406 0.877083 0.516406 0.879167 0.514844 0.880208 0.514844 0.883333 0.5125 0.884375 0.5125 0.885417 0.511719 0.885417 0.510937 0.886458 0.510156 0.886458 0.504687 0.885417 0.503906 0.884375 0.503906 0.883333 0.504687 0.882292 0.504687 0.880208 0.50625 0.879167 0.50625 0.877083 0.507812 0.873958 0.507812 0.872917 0.508594 0.871875 0.508594 0.870833 0.509375 0.869792 0.509375 0.86875 0.510156 0.866667 0.510156 0.865625 0.510937 0.859375 0.510937 0.858333 0.511719 0.85625 0.511719 0.855208 0.5125 0.853125 0.5125 0.852083 0.513281 0.846875 0.513281 0.845833 0.514062 0.83125 0.514062 0.830208 0.514844 0.81875 0.514844 0.817708 0.515625 0.798958 0.515625 0.797917 0.514844 0.78125 0.514844 0.780208 0.514062 0.765625 0.514062 0.764583 0.513281 0.761458 0.513281 0.760417 0.5125 0.757292 0.5125 0.75625 0.511719 0.752083 0.511719 0.751042 0.510937 0.744792 0.510937 0.74375 0.510156 0.740625 0.510156 0.739583 0.509375 0.7375 0.509375 0.736458 0.508594 0.733333 0.508594 0.732292 0.507812 0.728125 0.507812 0.727083 0.507031 0.725 0.507031 0.723958 0.50625 0.722917 0.50625 0.721875 0.505469 0.71875 0.505469 0.717708 0.504687 0.714583 0.504687 0.713542 0.503906 0.7125 0.503906 0.711458 0.503125 0.710417 0.503125 0.709375 0.502344 0.707292 0.502344 0.70625 0.501562 0.705208 0.501562 0.704167 0.500781 0.703125 0.500781 0.701042 0.499219 0.7 0.499219 0.698958 0.498437 0.697917 0.498437 0.696875 0.497656 0.695833 0.497656 0.6875 0.491406 0.686458 0.491406 0.685417 0.490625 0.905432
0 0.372917 0.472656 0.371875 0.473437 0.371875 0.474219 0.369792 0.475781 0.36875 0.475781 0.365625 0.478125 0.364583 0.478125 0.363542 0.478906 0.3625 0.478906 0.361458 0.479687 0.360417 0.479687 0.358333 0.48125 0.357292 0.48125 0.35625 0.482031 0.354167 0.482031 0.353125 0.482812 0.351042 0.482812 0.35 0.483594 0.348958 0.483594 0.347917 0.484375 0.346875 0.484375 0.345833 0.485156 0.34375 0.485156 0.342708 0.485937 0.338542 0.485937 0.3375 0.486719 0.335417 0.486719 0.334375 0.4875 0.333333 0.4875 0.332292 0.488281 0.328125 0.488281 0.327083 0.489062 0.320833 0.489062 0.319792 0.489844 0.316667 0.489844 0.315625 0.490625 0.3125 0.490625 0.311458 0.491406 0.304167 0.491406 0.303125 0.492187 0.292708 0.492187 0.291667 0.492969 0.28125 0.492969 0.280208 0.49375 0.239583 0.49375 0.238542 0.492969 0.229167 0.492969 0.228125 0.492187 0.220833 0.492187 0.219792 0.491406 0.213542 0.491406 0.2125 0.490625 0.209375 0.490625 0.208333 0.489844 0.205208 0.489844 0.204167 0.489062 0.201042 0.489062 0.2 0.488281 0.198958 0.488281 0.197917 0.4875 0.196875 0.4875 0.195833 0.486719 0.19375 0.486719 0.192708 0.485937 0.189583 0.485937 0.188542 0.485156 0.1875 0.485156 0.186458 0.484375 0.185417 0.484375 0.184375 0.483594 0.183333 0.483594 0.176042 0.478125 0.176042 0.489062 0.180208 0.492187 0.18125 0.492187 0.184375 0.494531 0.185417 0.494531 0.1875 0.496094 0.188542 0.496094 0.189583 0.496875 0.190625 0.496875 0.191667 0.497656 0.19375 0.497656 0.194792 0.498437 0.195833 0.498437 0.197917 0.5 0.201042 0.5 0.202083 0.500781 0.20625 0.500781 0.207292 0.501562 0.209375 0.501562 0.210417 0.502344 0.213542 0.502344 0.214583 0.503125 0.220833 0.503125 0.221875 0.503906 0.230208 0.503906 0.23125 0.504687 0.2375 0.504687 0.238542 0.505469 0.278125 0.505469 0.279167 0.504687 0.288542 0.504687 0.289583 0.503906 0.302083 0.503906 0.303125 0.503125 0.309375 0.503125 0.310417 0.502344 0.3125 0.502344 0.313542 0.501562 0.316667 0.501562 0.317708 0.500781 0.325 0.500781 0.326042 0.5 0.329167 0.5 0.330208 0.499219 0.33125 0.499219 0.332292 0.498437 0.334375 0.498437 0.335417 0.497656 0.339583 0.497656 0.340625 0.496875 0.342708 0.496875 0.34375 0.496094 0.344792 0.496094 0.346875 0.494531 0.35 0.494531 0.351042 0.49375 0.353125 0.49375 0.354167 0.492969 0.355208 0.492969 0.35625 0.492187 0.357292 0.492187 0.358333 0.491406 0.359375 0.491406 0.360417 0.490625 0.361458 0.490625 0.364583 0.488281 0.365625 0.488281 0.366667 0.4875 0.367708 0.4875 0.372917 0.483594 0.373958 0.483594 0.375 0.482812 0.375 0.482031 0.376042 0.48125 0.376042 0.480469 0.377083 0.479687 0.377083 0.472656 0.878454
0 0.609375 0.563281 0.609375 0.573437 0.608333 0.574219 0.608333 0.575 0.607292 0.575781 0.607292 0.576562 0.60625 0.577344 0.60625 0.578125 0.595833 0.585938 0.594792 0.585938 0.592708 0.5875 0.591667 0.5875 0.590625 0.588281 0.589583 0.588281 0.588542 0.589062 0.5875 0.589062 0.586458 0.589844 0.585417 0.589844 0.584375 0.590625 0.583333 0.590625 0.582292 0.591406 0.580208 0.591406 0.579167 0.592187 0.577083 0.592187 0.576042 0.592969 0.573958 0.592969 0.572917 0.59375 0.570833 0.59375 0.569792 0.594531 0.567708 0.594531 0.566667 0.595312 0.563542 0.595312 0.5625 0.596094 0.558333 0.596094 0.557292 0.596875 0.554167 0.596875 0.553125 0.597656 0.548958 0.597656 0.547917 0.598437 0.541667 0.598437 0.540625 0.599219 0.494792 0.599219 0.49375 0.598437 0.485417 0.598437 0.484375 0.597656 0.480208 0.597656 0.479167 0.596875 0.476042 0.596875 0.475 0.596094 0.470833 0.596094 0.469792 0.595312 0.466667 0.595312 0.465625 0.594531 0.463542 0.594531 0.4625 0.59375 0.461458 0.59375 0.460417 0.592969 0.458333 0.592969 0.457292 0.592187 0.455208 0.592187 0.454167 0.591406 0.452083 0.591406 0.451042 0.590625 0.45 0.590625 0.448958 0.589844 0.447917 0.589844 0.446875 0.589062 0.445833 0.589062 0.444792 0.588281 0.44375 0.588281 0.442708 0.5875 0.441667 0.5875 0.440625 0.586719 0.439583 0.586719 0.438542 0.585938 0.4375 0.585938 0.435417 0.584375 0.434375 0.584375 0.43125 0.582031 0.429167 0.582031 0.429167 0.582812 0.430208 0.583594 0.430208 0.584375 0.43125 0.585156 0.43125 0.585938 0.433333 0.5875 0.433333 0.588281 0.438542 0.592187 0.439583 0.592187 0.44375 0.595312 0.444792 0.595312 0.446875 0.596875 0.447917 0.596875 0.45 0.598437 0.451042 0.598437 0.452083 0.599219 0.453125 0.599219 0.455208 0.600781 0.457292 0.600781 0.458333 0.601562 0.459375 0.601562 0.460417 0.602344 0.4625 0.602344 0.463542 0.603125 0.464583 0.603125 0.465625 0.603906 0.467708 0.603906 0.46875 0.604687 0.470833 0.604687 0.471875 0.605469 0.473958 0.605469 0.475 0.60625 0.479167 0.60625 0.480208 0.607031 0.484375 0.607031 0.485417 0.607812 0.489583 0.607812 0.490625 0.608594 0.495833 0.608594 0.496875 0.609375 0.55625 0.609375 0.557292 0.608594 0.5625 0.608594 0.563542 0.607812 0.567708 0.607812 0.56875 0.607031 0.571875 0.607031 0.572917 0.60625 0.575 0.60625 0.576042 0.605469 0.578125 0.605469 0.579167 0.604687 0.58125 0.604687 0.582292 0.603906 0.584375 0.603906 0.585417 0.603125 0.586458 0.603125 0.5875 0.602344 0.588542 0.602344 0.589583 0.601562 0.590625 0.601562 0.591667 0.600781 0.59375 0.600781 0.595833 0.599219 0.596875 0.599219 0.597917 0.598437 0.598958 0.598437 0.601042 0.596875 0.602083 0.596875 0.610417 0.590625 0.610417 0.589844 0.6125 0.588281 0.6125 0.5875 0.613542 0.586719 0.613542 0.585938 0.614583 0.585156 0.614583 0.582812 0.615625 0.582031 0.615625 0.579687 0.616667 0.578906 0.616667 0.569531 0.615625 0.56875 0.615625 0.566406 0.614583 0.565625 0.614583 0.564844 0.613542 0.564062 0.6125 0.564062 0.611458 0.563281 0.874464
0 0.609375 0.563281 0.609375 0.573437 0.608333 0.574219 0.608333 0.575 0.607292 0.575781 0.607292 0.576562 0.60625 0.577344 0.60625 0.578125 0.595833 0.585938 0.594792 0.585938 0.59375 0.586719 0.592708 0.586719 0.590625 0.588281 0.589583 0.588281 0.588542 0.589062 0.5875 0.589062 0.586458 0.589844 0.585417 0.589844 0.584375 0.590625 0.583333 0.590625 0.582292 0.591406 0.580208 0.591406 0.579167 0.592187 0.577083 0.592187 0.576042 0.592969 0.573958 0.592969 0.572917 0.59375 0.570833 0.59375 0.569792 0.594531 0.567708 0.594531 0.566667 0.595312 0.563542 0.595312 0.5625 0.596094 0.558333 0.596094 0.557292 0.596875 0.554167 0.596875 0.553125 0.597656 0.548958 0.597656 0.547917 0.598437 0.540625 0.598437 0.539583 0.599219 0.494792 0.599219 0.49375 0.598437 0.485417 0.598437 0.484375 0.597656 0.480208 0.597656 0.479167 0.596875 0.476042 0.596875 0.475 0.596094 0.470833 0.596094 0.469792 0.595312 0.467708 0.595312 0.466667 0.594531 0.464583 0.594531 0.463542 0.59375 0.461458 0.59375 0.460417 0.592969 0.458333 0.592969 0.457292 0.592187 0.455208 0.592187 0.454167 0.591406 0.452083 0.591406 0.451042 0.590625 0.45 0.590625 0.448958 0.589844 0.447917 0.589844 0.446875 0.589062 0.445833 0.589062 0.444792 0.588281 0.44375 0.588281 0.442708 0.5875 0.441667 0.5875 0.440625 0.586719 0.439583 0.586719 0.4375 0.585156 0.436458 0.585156 0.434375 0.583594 0.433333 0.583594 0.432292 0.582812 0.432292 0.586719 0.434375 0.588281 0.434375 0.589062 0.435417 0.589062 0.4375 0.590625 0.4375 0.591406 0.438542 0.592187 0.439583 0.592187 0.44375 0.595312 0.444792 0.595312 0.446875 0.596875 0.447917 0.596875 0.45 0.598437 0.451042 0.598437 0.452083 0.599219 0.453125 0.599219 0.454167 0.6 0.455208 0.6 0.45625 0.600781 0.457292 0.600781 0.458333 0.601562 0.459375 0.601562 0.460417 0.602344 0.4625 0.602344 0.463542 0.603125 0.464583 0.603125 0.465625 0.603906 0.467708 0.603906 0.46875 0.604687 0.470833 0.604687 0.471875 0.605469 0.473958 0.605469 0.475 0.60625 0.479167 0.60625 0.480208 0.607031 0.484375 0.607031 0.485417 0.607812 0.489583 0.607812 0.490625 0.608594 0.495833 0.608594 0.496875 0.609375 0.55625 0.609375 0.557292 0.608594 0.5625 0.608594 0.563542 0.607812 0.567708 0.607812 0.56875 0.607031 0.571875 0.607031 0.572917 0.60625 0.575 0.60625 0.576042 0.605469 0.578125 0.605469 0.579167 0.604687 0.58125 0.604687 0.582292 0.603906 0.584375 0.603906 0.585417 0.603125 0.586458 0.603125 0.5875 0.602344 0.588542 0.602344 0.589583 0.601562 0.591667 0.601562 0.592708 0.600781 0.59375 0.600781 0.595833 0.599219 0.596875 0.599219 0.597917 0.598437 0.598958 0.598437 0.601042 0.596875 0.602083 0.596875 0.605208 0.594531 0.60625 0.594531 0.60625 0.59375 0.611458 0.589844 0.611458 0.589062 0.6125 0.588281 0.6125 0.5875 0.613542 0.586719 0.613542 0.585156 0.614583 0.584375 0.614583 0.582812 0.615625 0.582031 0.615625 0.578906 0.616667 0.578125 0.616667 0.570312 0.615625 0.569531 0.615625 0.567187 0.614583 0.566406 0.614583 0.565625 0.613542 0.564844 0.613542 0.564062 0.6125 0.564062 0.611458 0.563281 0.800674
0 0.686458 0.521875 0.686458 0.533594 0.690625 0.536719 0.690625 0.5375 0.69375 0.539844 0.694792 0.539844 0.697917 0.542187 0.698958 0.542187 0.702083 0.544531 0.704167 0.544531 0.70625 0.546094 0.707292 0.546094 0.708333 0.546875 0.709375 0.546875 0.710417 0.547656 0.7125 0.547656 0.713542 0.548437 0.714583 0.548437 0.715625 0.549219 0.716667 0.549219 0.717708 0.55 0.71875 0.55 0.719792 0.550781 0.722917 0.550781 0.723958 0.551562 0.726042 0.551562 0.727083 0.552344 0.728125 0.552344 0.729167 0.553125 0.73125 0.553125 0.732292 0.553906 0.735417 0.553906 0.736458 0.554688 0.738542 0.554688 0.739583 0.555469 0.741667 0.555469 0.742708 0.55625 0.745833 0.55625 0.746875 0.557031 0.752083 0.557031 0.753125 0.557812 0.75625 0.557812 0.757292 0.558594 0.759375 0.558594 0.760417 0.559375 0.766667 0.559375 0.767708 0.560156 0.778125 0.560156 0.779167 0.560937 0.786458 0.560937 0.7875 0.561719 0.796875 0.561719 0.797917 0.5625 0.819792 0.5625 0.820833 0.561719 0.829167 0.561719 0.830208 0.560937 0.835417 0.560937 0.836458 0.560156 0.844792 0.560156 0.845833 0.559375 0.85 0.559375 0.851042 0.558594 0.853125 0.558594 0.854167 0.557812 0.85625 0.557812 0.857292 0.557031 0.860417 0.557031 0.861458 0.55625 0.864583 0.55625 0.866667 0.554688 0.867708 0.554688 0.86875 0.553906 0.869792 0.553906 0.870833 0.553125 0.871875 0.553125 0.872917 0.552344 0.873958 0.552344 0.876042 0.550781 0.877083 0.550781 0.879167 0.549219 0.880208 0.549219 0.882292 0.547656 0.883333 0.547656 0.883333 0.546875 0.885417 0.545312 0.885417 0.542969 0.886458 0.542187 0.886458 0.538281 0.885417 0.5375 0.885417 0.535937 0.88125 0.539062 0.880208 0.539062 0.877083 0.541406 0.876042 0.541406 0.875 0.542187 0.872917 0.542187 0.871875 0.542969 0.870833 0.542969 0.86875 0.544531 0.866667 0.544531 0.865625 0.545312 0.8625 0.545312 0.861458 0.546094 0.859375 0.546094 0.858333 0.546875 0.857292 0.546875 0.85625 0.547656 0.852083 0.547656 0.851042 0.548437 0.84375 0.548437 0.842708 0.549219 0.8375 0.549219 0.836458 0.55 0.830208 0.55 0.829167 0.550781 0.792708 0.550781 0.791667 0.55 0.782292 0.55 0.78125 0.549219 0.773958 0.549219 0.772917 0.548437 0.7625 0.548437 0.761458 0.547656 0.757292 0.547656 0.75625 0.546875 0.753125 0.546875 0.752083 0.546094 0.747917 0.546094 0.746875 0.545312 0.742708 0.545312 0.741667 0.544531 0.739583 0.544531 0.738542 0.54375 0.736458 0.54375 0.735417 0.542969 0.732292 0.542969 0.73125 0.542187 0.728125 0.542187 0.727083 0.541406 0.725 0.541406 0.723958 0.540625 0.722917 0.540625 0.721875 0.539844 0.719792 0.539844 0.71875 0.539062 0.717708 0.539062 0.716667 0.538281 0.715625 0.538281 0.714583 0.5375 0.713542 0.5375 0.7125 0.536719 0.711458 0.536719 0.710417 0.535937 0.709375 0.535937 0.708333 0.535156 0.707292 0.535156 0.70625 0.534375 0.705208 0.534375 0.704167 0.533594 0.703125 0.533594 0.702083 0.532812 0.701042 0.532812 0.697917 0.530469 0.696875 0.530469 0.686458 0.522656 0.752638
0 0.673958 0.575 0.673958 0.5875 0.675 0.588281 0.675 0.589062 0.677083 0.590625 0.677083 0.591406 0.686458 0.598437 0.6875 0.598437 0.690625 0.600781 0.691667 0.600781 0.69375 0.602344 0.694792 0.602344 0.696875 0.603906 0.697917 0.603906 0.698958 0.604687 0.7 0.604687 0.702083 0.60625 0.703125 0.60625 0.704167 0.607031 0.705208 0.607031 0.70625 0.607812 0.708333 0.607812 0.709375 0.608594 0.710417 0.608594 0.711458 0.609375 0.7125 0.609375 0.713542 0.610156 0.714583 0.610156 0.715625 0.610937 0.717708 0.610937 0.71875 0.611719 0.719792 0.611719 0.720833 0.6125 0.722917 0.6125 0.723958 0.613281 0.728125 0.613281 0.729167 0.614062 0.73125 0.614062 0.732292 0.614844 0.734375 0.614844 0.735417 0.615625 0.738542 0.615625 0.739583 0.616406 0.74375 0.616406 0.744792 0.617188 0.747917 0.617188 0.748958 0.617969 0.752083 0.617969 0.753125 0.61875 0.758333 0.61875 0.759375 0.619531 0.769792 0.619531 0.770833 0.620312 0.8125 0.620312 0.813542 0.619531 0.822917 0.619531 0.823958 0.61875 0.828125 0.61875 0.829167 0.617969 0.83125 0.617969 0.832292 0.617188 0.835417 0.617188 0.836458 0.616406 0.839583 0.616406 0.840625 0.615625 0.842708 0.615625 0.84375 0.614844 0.844792 0.614844 0.845833 0.614062 0.846875 0.614062 0.847917 0.613281 0.85 0.613281 0.851042 0.6125 0.852083 0.6125 0.854167 0.610937 0.855208 0.610937 0.857292 0.609375 0.858333 0.609375 0.861458 0.607031 0.8625 0.607031 0.8625 0.60625 0.865625 0.603906 0.865625 0.603125 0.867708 0.601562 0.867708 0.6 0.86875 0.599219 0.86875 0.59375 0.867708 0.59375 0.8625 0.597656 0.861458 0.597656 0.859375 0.599219 0.858333 0.599219 0.85625 0.600781 0.855208 0.600781 0.854167 0.601562 0.853125 0.601562 0.852083 0.602344 0.85 0.602344 0.848958 0.603125 0.846875 0.603125 0.845833 0.603906 0.844792 0.603906 0.84375 0.604687 0.839583 0.604687 0.838542 0.605469 0.834375 0.605469 0.833333 0.60625 0.83125 0.60625 0.830208 0.607031 0.825 0.607031 0.823958 0.607812 0.811458 0.607812 0.810417 0.608594 0.772917 0.608594 0.771875 0.607812 0.761458 0.607812 0.760417 0.607031 0.755208 0.607031 0.754167 0.60625 0.751042 0.60625 0.75 0.605469 0.744792 0.605469 0.74375 0.604687 0.739583 0.604687 0.738542 0.603906 0.736458 0.603906 0.735417 0.603125 0.733333 0.603125 0.732292 0.602344 0.729167 0.602344 0.728125 0.601562 0.725 0.601562 0.723958 0.600781 0.722917 0.600781 0.721875 0.6 0.719792 0.6 0.71875 0.599219 0.717708 0.599219 0.716667 0.598437 0.714583 0.598437 0.713542 0.597656 0.7125 0.597656 0.711458 0.596875 0.709375 0.596875 0.708333 0.596094 0.707292 0.596094 0.70625 0.595312 0.705208 0.595312 0.704167 0.594531 0.703125 0.594531 0.702083 0.59375 0.701042 0.59375 0.698958 0.592187 0.697917 0.592187 0.695833 0.590625 0.694792 0.590625 0.692708 0.589062 0.691667 0.589062 0.689583 0.5875 0.688542 0.5875 0.677083 0.578906 0.677083 0.578125 0.673958 0.575781 0.62977
