0 0.359375 0.390625 0.359375 0.407812 0.3625 0.410156 0.363542 0.410156 0.367708 0.413281 0.36875 0.413281 0.371875 0.415625 0.373958 0.415625 0.375 0.416406 0.377083 0.416406 0.378125 0.417187 0.379167 0.417187 0.380208 0.417969 0.38125 0.417969 0.382292 0.41875 0.383333 0.41875 0.384375 0.419531 0.388542 0.419531 0.389583 0.420312 0.391667 0.420312 0.392708 0.421094 0.39375 0.421094 0.394792 0.421875 0.397917 0.421875 0.398958 0.422656 0.40625 0.422656 0.407292 0.423437 0.411458 0.423437 0.4125 0.424219 0.415625 0.424219 0.416667 0.425 0.421875 0.425 0.422917 0.425781 0.440625 0.425781 0.441667 0.426562 0.488542 0.426562 0.489583 0.425781 0.508333 0.425781 0.509375 0.425 0.514583 0.425 0.515625 0.424219 0.51875 0.424219 0.519792 0.423437 0.525 0.423437 0.526042 0.422656 0.534375 0.422656 0.535417 0.421875 0.5375 0.421875 0.538542 0.421094 0.541667 0.421094 0.542708 0.420312 0.544792 0.420312 0.545833 0.419531 0.551042 0.419531 0.552083 0.41875 0.554167 0.41875 0.555208 0.417969 0.55625 0.417969 0.557292 0.417187 0.558333 0.417187 0.559375 0.416406 0.5625 0.416406 0.563542 0.415625 0.565625 0.415625 0.566667 0.414844 0.567708 0.414844 0.56875 0.414062 0.569792 0.414062 0.570833 0.413281 0.572917 0.413281 0.575 0.411719 0.576042 0.411719 0.578125 0.410156 0.579167 0.410156 0.582292 0.407812 0.583333 0.407812 0.585417 0.40625 0.586458 0.40625 0.5875 0.405469 0.5875 0.404687 0.588542 0.403906 0.588542 0.403125 0.589583 0.402344 0.589583 0.4 0.590625 0.399219 0.590625 0.395312 0.589583 0.394531 0.588542 0.394531 0.5875 0.395312 0.586458 0.395312 0.583333 0.397656 0.582292 0.397656 0.58125 0.398438 0.579167 0.398438 0.578125 0.399219 0.577083 0.399219 0.575 0.400781 0.573958 0.400781 0.572917 0.401562 0.570833 0.401562 0.569792 0.402344 0.567708 0.402344 0.566667 0.403125 0.565625 0.403125 0.564583 0.403906 0.5625 0.403906 0.561458 0.404687 0.557292 0.404687 0.55625 0.405469 0.554167 0.405469 0.553125 0.40625 0.551042 0.40625 0.55 0.407031 0.546875 0.407031 0.545833 0.407812 0.542708 0.407812 0.541667 0.408594 0.536458 0.408594 0.535417 0.409375 0.530208 0.409375 0.529167 0.410156 0.522917 0.410156 0.521875 0.410937 0.5125 0.410937 0.511458 0.411719 0.501042 0.411719 0.5 0.4125 0.484375 0.4125 0.483333 0.413281 0.459375 0.413281 0.458333 0.4125 0.4375 0.4125 0.436458 0.411719 0.426042 0.411719 0.425 0.410937 0.416667 0.410937 0.415625 0.410156 0.411458 0.410156 0.410417 0.409375 0.407292 0.409375 0.40625 0.408594 0.402083 0.408594 0.401042 0.407812 0.398958 0.407812 0.397917 0.407031 0.394792 0.407031 0.39375 0.40625 0.391667 0.40625 0.390625 0.405469 0.3875 0.405469 0.386458 0.404687 0.384375 0.404687 0.383333 0.403906 0.382292 0.403906 0.38125 0.403125 0.379167 0.403125 0.378125 0.402344 0.377083 0.402344 0.376042 0.401562 0.375 0.401562 0.372917 0.4 0.371875 0.4 0.370833 0.399219 0.369792 0.399219 0.36875 0.398438 0.367708 0.398438 0.361458 0.39375 0.361458 0.392969 0.360417 0.392187 0.360417 0.391406 0.960026
0 0.361458 0.432812 0.361458 0.446094 0.3625 0.446875 0.3625 0.447656 0.367708 0.451562 0.36875 0.451562 0.373958 0.455469 0.375 0.455469 0.377083 0.457031 0.378125 0.457031 0.379167 0.457812 0.380208 0.457812 0.382292 0.459375 0.383333 0.459375 0.384375 0.460156 0.386458 0.460156 0.3875 0.460937 0.389583 0.460937 0.390625 0.461719 0.391667 0.461719 0.39375 0.463281 0.398958 0.463281 0.4 0.464062 0.403125 0.464062 0.404167 0.464844 0.405208 0.464844 0.40625 0.465625 0.408333 0.465625 0.409375 0.466406 0.415625 0.466406 0.416667 0.467187 0.421875 0.467187 0.422917 0.467969 0.426042 0.467969 0.427083 0.46875 0.432292 0.46875 0.433333 0.469531 0.448958 0.469531 0.45 0.470312 0.48125 0.470312 0.482292 0.469531 0.50625 0.469531 0.507292 0.46875 0.513542 0.46875 0.514583 0.467969 0.517708 0.467969 0.51875 0.467187 0.522917 0.467187 0.523958 0.466406 0.53125 0.466406 0.532292 0.465625 0.536458 0.465625 0.5375 0.464844 0.539583 0.464844 0.540625 0.464062 0.542708 0.464062 0.54375 0.463281 0.548958 0.463281 0.55 0.4625 0.551042 0.4625 0.552083 0.461719 0.553125 0.461719 0.554167 0.460937 0.55625 0.460937 0.557292 0.460156 0.560417 0.460156 0.561458 0.459375 0.5625 0.459375 0.563542 0.458594 0.564583 0.458594 0.565625 0.457812 0.566667 0.457812 0.567708 0.457031 0.56875 0.457031 0.569792 0.45625 0.570833 0.45625 0.572917 0.454687 0.573958 0.454687 0.575 0.453906 0.576042 0.453906 0.579167 0.451562 0.580208 0.451562 0.5875 0.446094 0.5875 0.445312 0.588542 0.444531 0.588542 0.44375 0.590625 0.442187 0.590625 0.435156 0.589583 0.434375 0.588542 0.434375 0.582292 0.439062 0.58125 0.439062 0.578125 0.441406 0.577083 0.441406 0.576042 0.442187 0.573958 0.442187 0.571875 0.44375 0.570833 0.44375 0.569792 0.444531 0.56875 0.444531 0.567708 0.445312 0.565625 0.445312 0.564583 0.446094 0.5625 0.446094 0.561458 0.446875 0.560417 0.446875 0.559375 0.447656 0.557292 0.447656 0.55625 0.448437 0.553125 0.448437 0.552083 0.449219 0.55 0.449219 0.548958 0.45 0.546875 0.45 0.545833 0.450781 0.542708 0.450781 0.541667 0.451562 0.5375 0.451562 0.536458 0.452344 0.532292 0.452344 0.53125 0.453125 0.528125 0.453125 0.527083 0.453906 0.521875 0.453906 0.520833 0.454687 0.5125 0.454687 0.511458 0.455469 0.502083 0.455469 0.501042 0.45625 0.492708 0.45625 0.491667 0.457031 0.448958 0.457031 0.447917 0.45625 0.436458 0.45625 0.435417 0.455469 0.426042 0.455469 0.425 0.454687 0.419792 0.454687 0.41875 0.453906 0.414583 0.453906 0.413542 0.453125 0.410417 0.453125 0.409375 0.452344 0.405208 0.452344 0.404167 0.451562 0.401042 0.451562 0.4 0.450781 0.397917 0.450781 0.396875 0.45 0.394792 0.45 0.39375 0.449219 0.391667 0.449219 0.390625 0.448437 0.388542 0.448437 0.3875 0.447656 0.385417 0.447656 0.384375 0.446875 0.383333 0.446875 0.382292 0.446094 0.38125 0.446094 0.380208 0.445312 0.379167 0.445312 0.378125 0.444531 0.377083 0.444531 0.376042 0.44375 0.375 0.44375 0.372917 0.442187 0.371875 0.442187 0.364583 0.436719 0.364583 0.435937 0.361458 0.433594 0.958701
0 0.5875 0.263281 0.586458 0.264062 0.585417 0.264062 0.584375 0.264844 0.583333 0.264844 0.58125 0.266406 0.579167 0.266406 0.578125 0.267187 0.575 0.267187 0.573958 0.267969 0.571875 0.267969 0.570833 0.26875 0.569792 0.26875 0.56875 0.269531 0.564583 0.269531 0.563542 0.270312 0.55625 0.270312 0.555208 0.271094 0.552083 0.271094 0.551042 0.271875 0.547917 0.271875 0.546875 0.272656 0.538542 0.272656 0.5375 0.273438 0.526042 0.273438 0.525 0.274219 0.51875 0.274219 0.517708 0.275 0.510417 0.275 0.509375 0.275781 0.49375 0.275781 0.492708 0.276562 0.411458 0.276562 0.410417 0.275781 0.394792 0.275781 0.39375 0.275 0.38125 0.275 0.380208 0.274219 0.373958 0.274219 0.372917 0.273438 0.364583 0.273438 0.363542 0.272656 0.357292 0.272656 0.35625 0.271875 0.354167 0.271875 0.353125 0.271094 0.35 0.271094 0.348958 0.270312 0.346875 0.270312 0.345833 0.269531 0.344792 0.269531 0.34375 0.26875 0.341667 0.26875 0.339583 0.267187 0.339583 0.28125 0.341667 0.282812 0.342708 0.282812 0.344792 0.284375 0.345833 0.284375 0.346875 0.285156 0.347917 0.285156 0.348958 0.285937 0.351042 0.285937 0.352083 0.286719 0.353125 0.286719 0.354167 0.2875 0.35625 0.2875 0.357292 0.288281 0.361458 0.288281 0.3625 0.289062 0.365625 0.289062 0.366667 0.289844 0.369792 0.289844 0.370833 0.290625 0.378125 0.290625 0.379167 0.291406 0.3875 0.291406 0.388542 0.292187 0.394792 0.292187 0.395833 0.292969 0.402083 0.292969 0.403125 0.29375 0.505208 0.29375 0.50625 0.292969 0.511458 0.292969 0.5125 0.292187 0.519792 0.292187 0.520833 0.291406 0.534375 0.291406 0.535417 0.290625 0.541667 0.290625 0.542708 0.289844 0.545833 0.289844 0.546875 0.289062 0.551042 0.289062 0.552083 0.288281 0.558333 0.288281 0.559375 0.2875 0.563542 0.2875 0.564583 0.286719 0.565625 0.286719 0.566667 0.285937 0.569792 0.285937 0.570833 0.285156 0.575 0.285156 0.576042 0.284375 0.577083 0.284375 0.578125 0.283594 0.579167 0.283594 0.58125 0.282031 0.583333 0.282031 0.584375 0.28125 0.585417 0.28125 0.5875 0.279687 0.588542 0.279687 0.592708 0.276562 0.592708 0.275781 0.59375 0.275 0.59375 0.264062 0.592708 0.263281 0.954319
0 0.585417 0.485937 0.584375 0.486719 0.584375 0.4875 0.572917 0.496094 0.571875 0.496094 0.56875 0.498437 0.567708 0.498437 0.566667 0.499219 0.565625 0.499219 0.563542 0.500781 0.5625 0.500781 0.561458 0.501562 0.559375 0.501562 0.557292 0.503125 0.55625 0.503125 0.555208 0.503906 0.554167 0.503906 0.553125 0.504687 0.551042 0.504687 0.55 0.505469 0.547917 0.505469 0.546875 0.50625 0.545833 0.50625 0.544792 0.507031 0.54375 0.507031 0.542708 0.507812 0.538542 0.507812 0.5375 0.508594 0.534375 0.508594 0.533333 0.509375 0.53125 0.509375 0.530208 0.510156 0.527083 0.510156 0.526042 0.510937 0.519792 0.510937 0.51875 0.511719 0.514583 0.511719 0.513542 0.5125 0.510417 0.5125 0.509375 0.513281 0.503125 0.513281 0.502083 0.514062 0.486458 0.514062 0.485417 0.514844 0.448958 0.514844 0.447917 0.514062 0.435417 0.514062 0.434375 0.513281 0.429167 0.513281 0.428125 0.5125 0.423958 0.5125 0.422917 0.511719 0.417708 0.511719 0.416667 0.510937 0.4125 0.510937 0.411458 0.510156 0.409375 0.510156 0.408333 0.509375 0.40625 0.509375 0.405208 0.508594 0.402083 0.508594 0.401042 0.507812 0.397917 0.507812 0.396875 0.507031 0.395833 0.507031 0.394792 0.50625 0.39375 0.50625 0.392708 0.505469 0.390625 0.505469 0.389583 0.504687 0.388542 0.504687 0.3875 0.503906 0.386458 0.503906 0.385417 0.503125 0.384375 0.503125 0.383333 0.502344 0.382292 0.502344 0.38125 0.501562 0.380208 0.501562 0.377083 0.499219 0.376042 0.499219 0.370833 0.495312 0.369792 0.495312 0.36875 0.494531 0.36875 0.49375 0.367708 0.492969 0.367708 0.503906 0.36875 0.504687 0.36875 0.505469 0.371875 0.507812 0.371875 0.508594 0.373958 0.510156 0.375 0.510156 0.378125 0.5125 0.379167 0.5125 0.38125 0.514062 0.382292 0.514062 0.384375 0.515625 0.385417 0.515625 0.386458 0.516406 0.388542 0.516406 0.389583 0.517188 0.390625 0.517188 0.391667 0.517969 0.392708 0.517969 0.39375 0.51875 0.394792 0.51875 0.395833 0.519531 0.397917 0.519531 0.398958 0.520312 0.401042 0.520312 0.402083 0.521094 0.404167 0.521094 0.405208 0.521875 0.407292 0.521875 0.408333 0.522656 0.4125 0.522656 0.413542 0.523438 0.415625 0.523438 0.416667 0.524219 0.41875 0.524219 0.419792 0.525 0.423958 0.525 0.425 0.525781 0.43125 0.525781 0.432292 0.526562 0.439583 0.526562 0.440625 0.527344 0.448958 0.527344 0.45 0.528125 0.492708 0.528125 0.49375 0.527344 0.501042 0.527344 0.502083 0.526562 0.508333 0.526562 0.509375 0.525781 0.51875 0.525781 0.519792 0.525 0.523958 0.525 0.525 0.524219 0.527083 0.524219 0.528125 0.523438 0.530208 0.523438 0.53125 0.522656 0.535417 0.522656 0.536458 0.521875 0.539583 0.521875 0.540625 0.521094 0.542708 0.521094 0.54375 0.520312 0.545833 0.520312 0.546875 0.519531 0.55 0.519531 0.551042 0.51875 0.552083 0.51875 0.553125 0.517969 0.554167 0.517969 0.55625 0.516406 0.559375 0.516406 0.560417 0.515625 0.561458 0.515625 0.563542 0.514062 0.564583 0.514062 0.565625 0.513281 0.566667 0.513281 0.567708 0.5125 0.56875 0.5125 0.571875 0.510156 0.572917 0.510156 0.584375 0.501562 0.584375 0.500781 0.585417 0.5 0.585417 0.499219 0.586458 0.498437 0.586458 0.486719 0.938691
0 0.590625 0.344531 0.585417 0.348437 0.584375 0.348437 0.583333 0.349219 0.582292 0.349219 0.580208 0.350781 0.579167 0.350781 0.578125 0.351562 0.576042 0.351562 0.575 0.352344 0.573958 0.352344 0.572917 0.353125 0.570833 0.353125 0.569792 0.353906 0.56875 0.353906 0.567708 0.354687 0.5625 0.354687 0.561458 0.355469 0.559375 0.355469 0.558333 0.35625 0.557292 0.35625 0.55625 0.357031 0.552083 0.357031 0.551042 0.357812 0.54375 0.357812 0.542708 0.358594 0.538542 0.358594 0.5375 0.359375 0.533333 0.359375 0.532292 0.360156 0.523958 0.360156 0.522917 0.360937 0.508333 0.360937 0.507292 0.361719 0.501042 0.361719 0.5 0.3625 0.4875 0.3625 0.486458 0.363281 0.434375 0.363281 0.433333 0.3625 0.422917 0.3625 0.421875 0.361719 0.415625 0.361719 0.414583 0.360937 0.403125 0.360937 0.402083 0.360156 0.396875 0.360156 0.395833 0.359375 0.391667 0.359375 0.390625 0.358594 0.386458 0.358594 0.385417 0.357812 0.380208 0.357812 0.379167 0.357031 0.376042 0.357031 0.375 0.35625 0.373958 0.35625 0.372917 0.355469 0.371875 0.355469 0.370833 0.354687 0.367708 0.354687 0.366667 0.353906 0.365625 0.353906 0.364583 0.353125 0.363542 0.353125 0.3625 0.352344 0.361458 0.352344 0.360417 0.351562 0.359375 0.351562 0.358333 0.350781 0.358333 0.363281 0.359375 0.364062 0.360417 0.364062 0.363542 0.366406 0.364583 0.366406 0.366667 0.367969 0.367708 0.367969 0.36875 0.36875 0.369792 0.36875 0.370833 0.369531 0.372917 0.369531 0.373958 0.370312 0.375 0.370312 0.376042 0.371094 0.377083 0.371094 0.378125 0.371875 0.380208 0.371875 0.38125 0.372656 0.386458 0.372656 0.3875 0.373437 0.390625 0.373437 0.391667 0.374219 0.39375 0.374219 0.394792 0.375 0.397917 0.375 0.398958 0.375781 0.40625 0.375781 0.407292 0.376562 0.4125 0.376562 0.413542 0.377344 0.41875 0.377344 0.419792 0.378125 0.428125 0.378125 0.429167 0.378906 0.452083 0.378906 0.453125 0.379687 0.473958 0.379687 0.475 0.378906 0.507292 0.378906 0.508333 0.378125 0.515625 0.378125 0.516667 0.377344 0.521875 0.377344 0.522917 0.376562 0.528125 0.376562 0.529167 0.375781 0.538542 0.375781 0.539583 0.375 0.544792 0.375 0.545833 0.374219 0.547917 0.374219 0.548958 0.373437 0.552083 0.373437 0.553125 0.372656 0.557292 0.372656 0.558333 0.371875 0.561458 0.371875 0.5625 0.371094 0.564583 0.371094 0.565625 0.370312 0.566667 0.370312 0.567708 0.369531 0.571875 0.369531 0.572917 0.36875 0.573958 0.36875 0.575 0.367969 0.576042 0.367969 0.577083 0.367188 0.578125 0.367188 0.579167 0.366406 0.58125 0.366406 0.582292 0.365625 0.583333 0.365625 0.586458 0.363281 0.5875 0.363281 0.589583 0.361719 0.590625 0.361719 0.591667 0.360937 0.591667 0.360156 0.592708 0.359375 0.59375 0.359375 0.595833 0.357812 0.595833 0.344531 0.936468
0 0.589583 0.445312 0.588542 0.446094 0.588542 0.446875 0.5875 0.447656 0.586458 0.447656 0.584375 0.449219 0.584375 0.45 0.583333 0.450781 0.582292 0.450781 0.577083 0.454687 0.576042 0.454687 0.573958 0.45625 0.572917 0.45625 0.571875 0.457031 0.570833 0.457031 0.569792 0.457812 0.56875 0.457812 0.567708 0.458594 0.566667 0.458594 0.565625 0.459375 0.564583 0.459375 0.563542 0.460156 0.5625 0.460156 0.561458 0.460937 0.559375 0.460937 0.558333 0.461719 0.55625 0.461719 0.555208 0.4625 0.554167 0.4625 0.553125 0.463281 0.551042 0.463281 0.55 0.464062 0.546875 0.464062 0.545833 0.464844 0.54375 0.464844 0.542708 0.465625 0.540625 0.465625 0.539583 0.466406 0.536458 0.466406 0.535417 0.467187 0.529167 0.467187 0.528125 0.467969 0.522917 0.467969 0.521875 0.46875 0.51875 0.46875 0.517708 0.469531 0.5125 0.469531 0.511458 0.470312 0.5 0.470312 0.498958 0.471094 0.485417 0.471094 0.484375 0.471875 0.451042 0.471875 0.45 0.471094 0.4375 0.471094 0.436458 0.470312 0.428125 0.470312 0.427083 0.469531 0.422917 0.469531 0.421875 0.46875 0.417708 0.46875 0.416667 0.467969 0.4125 0.467969 0.411458 0.467187 0.407292 0.467187 0.40625 0.466406 0.404167 0.466406 0.403125 0.465625 0.4 0.465625 0.398958 0.464844 0.395833 0.464844 0.394792 0.464062 0.392708 0.464062 0.391667 0.463281 0.390625 0.463281 0.389583 0.4625 0.3875 0.4625 0.386458 0.461719 0.384375 0.461719 0.383333 0.460937 0.382292 0.460937 0.38125 0.460156 0.380208 0.460156 0.379167 0.459375 0.378125 0.459375 0.377083 0.458594 0.376042 0.458594 0.373958 0.457031 0.372917 0.457031 0.367708 0.453125 0.365625 0.453125 0.364583 0.452344 0.364583 0.451562 0.363542 0.450781 0.363542 0.457812 0.365625 0.459375 0.365625 0.460156 0.366667 0.460937 0.366667 0.461719 0.367708 0.4625 0.367708 0.463281 0.372917 0.467187 0.373958 0.467187 0.378125 0.470312 0.379167 0.470312 0.380208 0.471094 0.38125 0.471094 0.382292 0.471875 0.383333 0.471875 0.384375 0.472656 0.385417 0.472656 0.386458 0.473437 0.3875 0.473437 0.389583 0.475 0.391667 0.475 0.392708 0.475781 0.395833 0.475781 0.396875 0.476562 0.398958 0.476562 0.4 0.477344 0.401042 0.477344 0.402083 0.478125 0.404167 0.478125 0.405208 0.478906 0.408333 0.478906 0.409375 0.479687 0.411458 0.479687 0.4125 0.480469 0.415625 0.480469 0.416667 0.48125 0.419792 0.48125 0.420833 0.482031 0.429167 0.482031 0.430208 0.482812 0.436458 0.482812 0.4375 0.483594 0.442708 0.483594 0.44375 0.484375 0.458333 0.484375 0.459375 0.485156 0.483333 0.485156 0.484375 0.484375 0.5 0.484375 0.501042 0.483594 0.508333 0.483594 0.509375 0.482812 0.515625 0.482812 0.516667 0.482031 0.522917 0.482031 0.523958 0.48125 0.528125 0.48125 0.529167 0.480469 0.532292 0.480469 0.533333 0.479687 0.536458 0.479687 0.5375 0.478906 0.541667 0.478906 0.542708 0.478125 0.544792 0.478125 0.545833 0.477344 0.547917 0.477344 0.548958 0.476562 0.551042 0.476562 0.552083 0.475781 0.555208 0.475781 0.55625 0.475 0.557292 0.475 0.558333 0.474219 0.560417 0.474219 0.561458 0.473437 0.5625 0.473437 0.563542 0.472656 0.564583 0.472656 0.565625 0.471875 0.567708 0.471875 0.56875 0.471094 0.569792 0.471094 0.571875 0.469531 0.572917 0.469531 0.573958 0.46875 0.575 0.46875 0.577083 0.467187 0.578125 0.467187 0.58125 0.464844 0.582292 0.464844 0.588542 0.460156 0.588542 0.459375 0.589583 0.458594 0.589583 0.457031 0.590625 0.45625 0.590625 0.452344 0.591667 0.451562 0.591667 0.45 0.590625 0.449219 0.590625 0.446875 0.589583 0.446094 0.935467
0 0.584375 0.474219 0.582292 0.475781 0.58125 0.475781 0.580208 0.476562 0.580208 0.477344 0.577083 0.479687 0.576042 0.479687 0.572917 0.482031 0.571875 0.482031 0.569792 0.483594 0.56875 0.483594 0.566667 0.485156 0.565625 0.485156 0.563542 0.486719 0.5625 0.486719 0.561458 0.4875 0.559375 0.4875 0.558333 0.488281 0.557292 0.488281 0.55625 0.489062 0.554167 0.489062 0.553125 0.489844 0.551042 0.489844 0.55 0.490625 0.548958 0.490625 0.547917 0.491406 0.546875 0.491406 0.545833 0.492187 0.542708 0.492187 0.541667 0.492969 0.538542 0.492969 0.5375 0.49375 0.536458 0.49375 0.535417 0.494531 0.533333 0.494531 0.532292 0.495312 0.527083 0.495312 0.526042 0.496094 0.521875 0.496094 0.520833 0.496875 0.516667 0.496875 0.515625 0.497656 0.511458 0.497656 0.510417 0.498437 0.5 0.498437 0.498958 0.499219 0.488542 0.499219 0.4875 0.5 0.447917 0.5 0.446875 0.499219 0.4375 0.499219 0.436458 0.498437 0.426042 0.498437 0.425 0.497656 0.420833 0.497656 0.419792 0.496875 0.416667 0.496875 0.415625 0.496094 0.410417 0.496094 0.409375 0.495312 0.405208 0.495312 0.404167 0.494531 0.402083 0.494531 0.401042 0.49375 0.398958 0.49375 0.397917 0.492969 0.395833 0.492969 0.394792 0.492187 0.392708 0.492187 0.391667 0.491406 0.389583 0.491406 0.388542 0.490625 0.3875 0.490625 0.386458 0.489844 0.385417 0.489844 0.384375 0.489062 0.383333 0.489062 0.382292 0.488281 0.38125 0.488281 0.380208 0.4875 0.378125 0.4875 0.376042 0.485937 0.375 0.485937 0.372917 0.484375 0.371875 0.484375 0.36875 0.482031 0.367708 0.482031 0.365625 0.480469 0.365625 0.489844 0.377083 0.498437 0.378125 0.498437 0.38125 0.500781 0.383333 0.500781 0.384375 0.501562 0.385417 0.501562 0.3875 0.503125 0.388542 0.503125 0.389583 0.503906 0.392708 0.503906 0.39375 0.504687 0.394792 0.504687 0.395833 0.505469 0.396875 0.505469 0.397917 0.50625 0.4 0.50625 0.401042 0.507031 0.404167 0.507031 0.405208 0.507812 0.408333 0.507812 0.409375 0.508594 0.411458 0.508594 0.4125 0.509375 0.414583 0.509375 0.415625 0.510156 0.423958 0.510156 0.425 0.510937 0.429167 0.510937 0.430208 0.511719 0.433333 0.511719 0.434375 0.5125 0.440625 0.5125 0.441667 0.513281 0.496875 0.513281 0.497917 0.5125 0.505208 0.5125 0.50625 0.511719 0.509375 0.511719 0.510417 0.510937 0.513542 0.510937 0.514583 0.510156 0.522917 0.510156 0.523958 0.509375 0.528125 0.509375 0.529167 0.508594 0.53125 0.508594 0.532292 0.507812 0.535417 0.507812 0.536458 0.507031 0.541667 0.507031 0.542708 0.50625 0.54375 0.50625 0.544792 0.505469 0.545833 0.505469 0.546875 0.504687 0.547917 0.504687 0.548958 0.503906 0.552083 0.503906 0.553125 0.503125 0.554167 0.503125 0.55625 0.501562 0.558333 0.501562 0.559375 0.500781 0.560417 0.500781 0.561458 0.5 0.5625 0.5 0.565625 0.497656 0.567708 0.497656 0.569792 0.496094 0.570833 0.496094 0.575 0.492969 0.576042 0.492969 0.58125 0.489062 0.58125 0.488281 0.584375 0.485937 0.584375 0.485156 0.585417 0.484375 0.585417 0.482812 0.586458 0.482031 0.586458 0.476562 0.585417 0.475781 0.585417 0.474219 0.932715
0 0.355208 0.328906 0.355208 0.348437 0.35625 0.349219 0.357292 0.349219 0.359375 0.350781 0.360417 0.350781 0.361458 0.351562 0.3625 0.351562 0.364583 0.353125 0.365625 0.353125 0.366667 0.353906 0.36875 0.353906 0.369792 0.354687 0.371875 0.354687 0.372917 0.355469 0.375 0.355469 0.376042 0.35625 0.377083 0.35625 0.378125 0.357031 0.384375 0.357031 0.385417 0.357812 0.389583 0.357812 0.390625 0.358594 0.39375 0.358594 0.394792 0.359375 0.398958 0.359375 0.4 0.360156 0.409375 0.360156 0.410417 0.360937 0.416667 0.360937 0.417708 0.361719 0.422917 0.361719 0.423958 0.3625 0.497917 0.3625 0.498958 0.361719 0.50625 0.361719 0.507292 0.360937 0.514583 0.360937 0.515625 0.360156 0.528125 0.360156 0.529167 0.359375 0.534375 0.359375 0.535417 0.358594 0.539583 0.358594 0.540625 0.357812 0.545833 0.357812 0.546875 0.357031 0.553125 0.357031 0.554167 0.35625 0.557292 0.35625 0.558333 0.355469 0.559375 0.355469 0.560417 0.354687 0.563542 0.354687 0.564583 0.353906 0.567708 0.353906 0.56875 0.353125 0.569792 0.353125 0.570833 0.352344 0.572917 0.352344 0.573958 0.351562 0.575 0.351562 0.576042 0.350781 0.577083 0.350781 0.578125 0.35 0.579167 0.35 0.580208 0.349219 0.58125 0.349219 0.582292 0.348437 0.583333 0.348437 0.584375 0.347656 0.585417 0.347656 0.591667 0.342969 0.591667 0.342187 0.592708 0.341406 0.592708 0.340625 0.59375 0.339844 0.59375 0.338281 0.594792 0.3375 0.594792 0.332812 0.59375 0.332031 0.59375 0.330469 0.591667 0.332031 0.589583 0.332031 0.588542 0.332812 0.586458 0.332812 0.585417 0.333594 0.584375 0.333594 0.582292 0.335156 0.580208 0.335156 0.579167 0.335938 0.576042 0.335938 0.575 0.336719 0.573958 0.336719 0.572917 0.3375 0.570833 0.3375 0.569792 0.338281 0.566667 0.338281 0.565625 0.339062 0.560417 0.339062 0.559375 0.339844 0.557292 0.339844 0.55625 0.340625 0.554167 0.340625 0.553125 0.341406 0.546875 0.341406 0.545833 0.342187 0.536458 0.342187 0.535417 0.342969 0.53125 0.342969 0.530208 0.34375 0.525 0.34375 0.523958 0.344531 0.508333 0.344531 0.507292 0.345312 0.489583 0.345312 0.488542 0.346094 0.445833 0.346094 0.444792 0.345312 0.425 0.345312 0.423958 0.344531 0.4125 0.344531 0.411458 0.34375 0.40625 0.34375 0.405208 0.342969 0.402083 0.342969 0.401042 0.342187 0.390625 0.342187 0.389583 0.341406 0.384375 0.341406 0.383333 0.340625 0.38125 0.340625 0.380208 0.339844 0.378125 0.339844 0.377083 0.339062 0.373958 0.339062 0.372917 0.338281 0.370833 0.338281 0.369792 0.3375 0.36875 0.3375 0.366667 0.335938 0.364583 0.335938 0.3625 0.334375 0.361458 0.334375 0.357292 0.33125 0.357292 0.330469 0.93068
0 0.361458 0.457031 0.361458 0.475 0.3625 0.475781 0.3625 0.476562 0.36875 0.48125 0.369792 0.48125 0.370833 0.482031 0.371875 0.482031 0.375 0.484375 0.376042 0.484375 0.377083 0.485156 0.378125 0.485156 0.380208 0.486719 0.38125 0.486719 0.382292 0.4875 0.383333 0.4875 0.384375 0.488281 0.385417 0.488281 0.386458 0.489062 0.3875 0.489062 0.388542 0.489844 0.389583 0.489844 0.390625 0.490625 0.392708 0.490625 0.39375 0.491406 0.396875 0.491406 0.397917 0.492187 0.4 0.492187 0.401042 0.492969 0.402083 0.492969 0.403125 0.49375 0.405208 0.49375 0.40625 0.494531 0.411458 0.494531 0.4125 0.495312 0.417708 0.495312 0.41875 0.496094 0.420833 0.496094 0.421875 0.496875 0.426042 0.496875 0.427083 0.497656 0.439583 0.497656 0.440625 0.498437 0.452083 0.498437 0.453125 0.499219 0.483333 0.499219 0.484375 0.498437 0.495833 0.498437 0.496875 0.497656 0.510417 0.497656 0.511458 0.496875 0.515625 0.496875 0.516667 0.496094 0.519792 0.496094 0.520833 0.495312 0.525 0.495312 0.526042 0.494531 0.532292 0.494531 0.533333 0.49375 0.535417 0.49375 0.536458 0.492969 0.5375 0.492969 0.538542 0.492187 0.541667 0.492187 0.542708 0.491406 0.544792 0.491406 0.545833 0.490625 0.547917 0.490625 0.548958 0.489844 0.55 0.489844 0.551042 0.489062 0.553125 0.489062 0.554167 0.488281 0.55625 0.488281 0.557292 0.4875 0.558333 0.4875 0.559375 0.486719 0.560417 0.486719 0.561458 0.485937 0.5625 0.485937 0.563542 0.485156 0.564583 0.485156 0.565625 0.484375 0.566667 0.484375 0.56875 0.482812 0.569792 0.482812 0.571875 0.48125 0.572917 0.48125 0.583333 0.473437 0.583333 0.472656 0.584375 0.471875 0.584375 0.469531 0.585417 0.46875 0.585417 0.464062 0.584375 0.464062 0.584375 0.464844 0.582292 0.466406 0.58125 0.466406 0.580208 0.467187 0.579167 0.467187 0.576042 0.469531 0.575 0.469531 0.573958 0.470312 0.572917 0.470312 0.570833 0.471875 0.569792 0.471875 0.56875 0.472656 0.566667 0.472656 0.565625 0.473437 0.563542 0.473437 0.5625 0.474219 0.561458 0.474219 0.560417 0.475 0.559375 0.475 0.558333 0.475781 0.55625 0.475781 0.555208 0.476562 0.553125 0.476562 0.552083 0.477344 0.55 0.477344 0.548958 0.478125 0.547917 0.478125 0.546875 0.478906 0.54375 0.478906 0.542708 0.479687 0.539583 0.479687 0.538542 0.480469 0.535417 0.480469 0.534375 0.48125 0.532292 0.48125 0.53125 0.482031 0.527083 0.482031 0.526042 0.482812 0.51875 0.482812 0.517708 0.483594 0.513542 0.483594 0.5125 0.484375 0.507292 0.484375 0.50625 0.485156 0.495833 0.485156 0.494792 0.485937 0.448958 0.485937 0.447917 0.485156 0.439583 0.485156 0.438542 0.484375 0.433333 0.484375 0.432292 0.483594 0.427083 0.483594 0.426042 0.482812 0.41875 0.482812 0.417708 0.482031 0.413542 0.482031 0.4125 0.48125 0.411458 0.48125 0.410417 0.480469 0.408333 0.480469 0.407292 0.479687 0.403125 0.479687 0.402083 0.478906 0.4 0.478906 0.398958 0.478125 0.397917 0.478125 0.396875 0.477344 0.394792 0.477344 0.39375 0.476562 0.390625 0.476562 0.389583 0.475781 0.3875 0.475781 0.385417 0.474219 0.384375 0.474219 0.383333 0.473437 0.382292 0.473437 0.38125 0.472656 0.380208 0.472656 0.378125 0.471094 0.377083 0.471094 0.375 0.469531 0.373958 0.469531 0.372917 0.46875 0.372917 0.467969 0.371875 0.467187 0.370833 0.467187 0.36875 0.465625 0.36875 0.464844 0.365625 0.4625 0.365625 0.461719 0.364583 0.460937 0.364583 0.458594 0.363542 0.457812 0.363542 0.457031 0.922313
0 0.585417 0.501562 0.580208 0.505469 0.580208 0.50625 0.579167 0.507031 0.578125 0.507031 0.572917 0.510937 0.571875 0.510937 0.567708 0.514062 0.565625 0.514062 0.564583 0.514844 0.563542 0.514844 0.561458 0.516406 0.560417 0.516406 0.559375 0.517188 0.557292 0.517188 0.55625 0.517969 0.555208 0.517969 0.554167 0.51875 0.553125 0.51875 0.552083 0.519531 0.551042 0.519531 0.55 0.520312 0.546875 0.520312 0.545833 0.521094 0.54375 0.521094 0.542708 0.521875 0.540625 0.521875 0.539583 0.522656 0.5375 0.522656 0.536458 0.523438 0.532292 0.523438 0.53125 0.524219 0.528125 0.524219 0.527083 0.525 0.525 0.525 0.523958 0.525781 0.520833 0.525781 0.519792 0.526562 0.511458 0.526562 0.510417 0.527344 0.504167 0.527344 0.503125 0.528125 0.495833 0.528125 0.494792 0.528906 0.445833 0.528906 0.444792 0.528125 0.438542 0.528125 0.4375 0.527344 0.43125 0.527344 0.430208 0.526562 0.422917 0.526562 0.421875 0.525781 0.41875 0.525781 0.417708 0.525 0.415625 0.525 0.414583 0.524219 0.4125 0.524219 0.411458 0.523438 0.407292 0.523438 0.40625 0.522656 0.404167 0.522656 0.403125 0.521875 0.401042 0.521875 0.4 0.521094 0.398958 0.521094 0.397917 0.520312 0.394792 0.520312 0.39375 0.519531 0.392708 0.519531 0.391667 0.51875 0.390625 0.51875 0.388542 0.517188 0.386458 0.517188 0.385417 0.516406 0.384375 0.516406 0.383333 0.515625 0.382292 0.515625 0.379167 0.513281 0.378125 0.513281 0.36875 0.50625 0.36875 0.505469 0.36875 0.517188 0.370833 0.51875 0.370833 0.519531 0.373958 0.521875 0.375 0.521875 0.382292 0.527344 0.383333 0.527344 0.385417 0.528906 0.3875 0.528906 0.388542 0.529687 0.389583 0.529687 0.391667 0.53125 0.392708 0.53125 0.39375 0.532031 0.395833 0.532031 0.396875 0.532812 0.397917 0.532812 0.398958 0.533594 0.4 0.533594 0.401042 0.534375 0.403125 0.534375 0.404167 0.535156 0.407292 0.535156 0.408333 0.535937 0.410417 0.535937 0.411458 0.536719 0.4125 0.536719 0.413542 0.5375 0.416667 0.5375 0.417708 0.538281 0.421875 0.538281 0.422917 0.539062 0.427083 0.539062 0.428125 0.539844 0.43125 0.539844 0.432292 0.540625 0.438542 0.540625 0.439583 0.541406 0.454167 0.541406 0.455208 0.542187 0.4875 0.542187 0.488542 0.541406 0.502083 0.541406 0.503125 0.540625 0.509375 0.540625 0.510417 0.539844 0.513542 0.539844 0.514583 0.539062 0.517708 0.539062 0.51875 0.538281 0.526042 0.538281 0.527083 0.5375 0.530208 0.5375 0.53125 0.536719 0.533333 0.536719 0.534375 0.535937 0.535417 0.535937 0.536458 0.535156 0.540625 0.535156 0.541667 0.534375 0.54375 0.534375 0.544792 0.533594 0.545833 0.533594 0.546875 0.532812 0.547917 0.532812 0.548958 0.532031 0.552083 0.532031 0.553125 0.53125 0.554167 0.53125 0.555208 0.530469 0.55625 0.530469 0.557292 0.529687 0.558333 0.529687 0.559375 0.528906 0.560417 0.528906 0.561458 0.528125 0.5625 0.528125 0.564583 0.526562 0.565625 0.526562 0.566667 0.525781 0.567708 0.525781 0.570833 0.523438 0.571875 0.523438 0.578125 0.51875 0.579167 0.51875 0.579167 0.517969 0.582292 0.515625 0.582292 0.514844 0.583333 0.514062 0.583333 0.5125 0.584375 0.511719 0.584375 0.510937 0.585417 0.510156 0.585417 0.508594 0.586458 0.507812 0.586458 0.502344 0.922235
0 0.588542 0.404687 0.588542 0.405469 0.586458 0.407031 0.585417 0.407031 0.580208 0.410937 0.579167 0.410937 0.578125 0.411719 0.577083 0.411719 0.575 0.413281 0.573958 0.413281 0.572917 0.414062 0.570833 0.414062 0.569792 0.414844 0.56875 0.414844 0.566667 0.416406 0.564583 0.416406 0.563542 0.417187 0.560417 0.417187 0.559375 0.417969 0.558333 0.417969 0.557292 0.41875 0.55625 0.41875 0.555208 0.419531 0.552083 0.419531 0.551042 0.420312 0.546875 0.420312 0.545833 0.421094 0.54375 0.421094 0.542708 0.421875 0.540625 0.421875 0.539583 0.422656 0.5375 0.422656 0.536458 0.423437 0.529167 0.423437 0.528125 0.424219 0.523958 0.424219 0.522917 0.425 0.519792 0.425 0.51875 0.425781 0.510417 0.425781 0.509375 0.426562 0.492708 0.426562 0.491667 0.427344 0.473958 0.427344 0.472917 0.428125 0.453125 0.428125 0.452083 0.427344 0.436458 0.427344 0.435417 0.426562 0.420833 0.426562 0.419792 0.425781 0.413542 0.425781 0.4125 0.425 0.409375 0.425 0.408333 0.424219 0.404167 0.424219 0.403125 0.423437 0.396875 0.423437 0.395833 0.422656 0.39375 0.422656 0.392708 0.421875 0.391667 0.421875 0.390625 0.421094 0.388542 0.421094 0.3875 0.420312 0.383333 0.420312 0.382292 0.419531 0.380208 0.419531 0.378125 0.417969 0.377083 0.417969 0.376042 0.417187 0.372917 0.417187 0.370833 0.415625 0.369792 0.415625 0.367708 0.414062 0.366667 0.414062 0.361458 0.410156 0.361458 0.423437 0.363542 0.425 0.364583 0.425 0.365625 0.425781 0.366667 0.425781 0.36875 0.427344 0.369792 0.427344 0.371875 0.428906 0.372917 0.428906 0.373958 0.429688 0.375 0.429688 0.376042 0.430469 0.377083 0.430469 0.378125 0.43125 0.379167 0.43125 0.380208 0.432031 0.382292 0.432031 0.383333 0.432812 0.385417 0.432812 0.386458 0.433594 0.388542 0.433594 0.389583 0.434375 0.392708 0.434375 0.39375 0.435156 0.396875 0.435156 0.397917 0.435937 0.4 0.435937 0.401042 0.436719 0.403125 0.436719 0.404167 0.4375 0.408333 0.4375 0.409375 0.438281 0.417708 0.438281 0.41875 0.439062 0.423958 0.439062 0.425 0.439844 0.43125 0.439844 0.432292 0.440625 0.444792 0.440625 0.445833 0.441406 0.495833 0.441406 0.496875 0.440625 0.50625 0.440625 0.507292 0.439844 0.511458 0.439844 0.5125 0.439062 0.517708 0.439062 0.51875 0.438281 0.529167 0.438281 0.530208 0.4375 0.533333 0.4375 0.534375 0.436719 0.536458 0.436719 0.5375 0.435937 0.540625 0.435937 0.541667 0.435156 0.546875 0.435156 0.547917 0.434375 0.55 0.434375 0.551042 0.433594 0.552083 0.433594 0.553125 0.432812 0.555208 0.432812 0.55625 0.432031 0.560417 0.432031 0.561458 0.43125 0.5625 0.43125 0.564583 0.429688 0.566667 0.429688 0.567708 0.428906 0.569792 0.428906 0.570833 0.428125 0.571875 0.428125 0.573958 0.426562 0.575 0.426562 0.576042 0.425781 0.577083 0.425781 0.58125 0.422656 0.582292 0.422656 0.588542 0.417969 0.588542 0.417187 0.590625 0.415625 0.590625 0.414844 0.591667 0.414062 0.591667 0.413281 0.590625 0.4125 0.590625 0.407031 0.589583 0.40625 0.589583 0.404687 0.921364
0 0.588542 0.378906 0.584375 0.382031 0.582292 0.382031 0.58125 0.382812 0.580208 0.382812 0.578125 0.384375 0.577083 0.384375 0.576042 0.385156 0.573958 0.385156 0.572917 0.385937 0.570833 0.385937 0.569792 0.386719 0.567708 0.386719 0.566667 0.3875 0.565625 0.3875 0.564583 0.388281 0.561458 0.388281 0.560417 0.389062 0.55625 0.389062 0.555208 0.389844 0.553125 0.389844 0.552083 0.390625 0.55 0.390625 0.548958 0.391406 0.54375 0.391406 0.542708 0.392187 0.5375 0.392187 0.536458 0.392969 0.532292 0.392969 0.53125 0.39375 0.526042 0.39375 0.525 0.394531 0.515625 0.394531 0.514583 0.395312 0.504167 0.395312 0.503125 0.396094 0.489583 0.396094 0.488542 0.396875 0.451042 0.396875 0.45 0.396094 0.438542 0.396094 0.4375 0.395312 0.423958 0.395312 0.422917 0.394531 0.415625 0.394531 0.414583 0.39375 0.410417 0.39375 0.409375 0.392969 0.404167 0.392969 0.403125 0.392187 0.397917 0.392187 0.396875 0.391406 0.39375 0.391406 0.392708 0.390625 0.390625 0.390625 0.389583 0.389844 0.386458 0.389844 0.385417 0.389062 0.383333 0.389062 0.382292 0.388281 0.380208 0.388281 0.379167 0.3875 0.378125 0.3875 0.377083 0.386719 0.375 0.386719 0.373958 0.385937 0.371875 0.385937 0.370833 0.385156 0.369792 0.385156 0.36875 0.384375 0.367708 0.384375 0.365625 0.382812 0.364583 0.382812 0.363542 0.382031 0.3625 0.382031 0.361458 0.38125 0.361458 0.392187 0.36875 0.397656 0.370833 0.397656 0.372917 0.399219 0.373958 0.399219 0.375 0.4 0.376042 0.4 0.377083 0.400781 0.378125 0.400781 0.379167 0.401562 0.380208 0.401562 0.38125 0.402344 0.382292 0.402344 0.383333 0.403125 0.385417 0.403125 0.386458 0.403906 0.389583 0.403906 0.390625 0.404687 0.39375 0.404687 0.394792 0.405469 0.395833 0.405469 0.396875 0.40625 0.398958 0.40625 0.4 0.407031 0.404167 0.407031 0.405208 0.407812 0.409375 0.407812 0.410417 0.408594 0.413542 0.408594 0.414583 0.409375 0.41875 0.409375 0.419792 0.410156 0.429167 0.410156 0.430208 0.410937 0.507292 0.410937 0.508333 0.410156 0.519792 0.410156 0.520833 0.409375 0.526042 0.409375 0.527083 0.408594 0.532292 0.408594 0.533333 0.407812 0.539583 0.407812 0.540625 0.407031 0.544792 0.407031 0.545833 0.40625 0.548958 0.40625 0.55 0.405469 0.551042 0.405469 0.552083 0.404687 0.555208 0.404687 0.55625 0.403906 0.560417 0.403906 0.561458 0.403125 0.563542 0.403125 0.564583 0.402344 0.565625 0.402344 0.566667 0.401562 0.56875 0.401562 0.569792 0.400781 0.572917 0.400781 0.575 0.399219 0.576042 0.399219 0.577083 0.398438 0.578125 0.398438 0.579167 0.397656 0.580208 0.397656 0.58125 0.396875 0.582292 0.396875 0.585417 0.394531 0.586458 0.394531 0.5875 0.39375 0.588542 0.39375 0.590625 0.392187 0.591667 0.392187 0.594792 0.389844 0.594792 0.389062 0.595833 0.388281 0.595833 0.378906 0.909492
0 0.59375 0.359375 0.5875 0.364062 0.586458 0.364062 0.584375 0.365625 0.583333 0.365625 0.582292 0.366406 0.58125 0.366406 0.580208 0.367188 0.579167 0.367188 0.578125 0.367969 0.577083 0.367969 0.576042 0.36875 0.575 0.36875 0.573958 0.369531 0.571875 0.369531 0.570833 0.370312 0.567708 0.370312 0.566667 0.371094 0.564583 0.371094 0.563542 0.371875 0.561458 0.371875 0.560417 0.372656 0.557292 0.372656 0.55625 0.373437 0.552083 0.373437 0.551042 0.374219 0.547917 0.374219 0.546875 0.375 0.54375 0.375 0.542708 0.375781 0.536458 0.375781 0.535417 0.376562 0.527083 0.376562 0.526042 0.377344 0.520833 0.377344 0.519792 0.378125 0.514583 0.378125 0.513542 0.378906 0.504167 0.378906 0.503125 0.379687 0.434375 0.379687 0.433333 0.378906 0.422917 0.378906 0.421875 0.378125 0.416667 0.378125 0.415625 0.377344 0.409375 0.377344 0.408333 0.376562 0.401042 0.376562 0.4 0.375781 0.395833 0.375781 0.394792 0.375 0.392708 0.375 0.391667 0.374219 0.388542 0.374219 0.3875 0.373437 0.383333 0.373437 0.382292 0.372656 0.379167 0.372656 0.378125 0.371875 0.376042 0.371875 0.375 0.371094 0.373958 0.371094 0.372917 0.370312 0.371875 0.370312 0.370833 0.369531 0.36875 0.369531 0.367708 0.36875 0.366667 0.36875 0.360417 0.364062 0.359375 0.364062 0.359375 0.378125 0.3625 0.380469 0.364583 0.380469 0.367708 0.382812 0.36875 0.382812 0.369792 0.383594 0.370833 0.383594 0.371875 0.384375 0.372917 0.384375 0.373958 0.385156 0.376042 0.385156 0.377083 0.385937 0.378125 0.385937 0.379167 0.386719 0.380208 0.386719 0.38125 0.3875 0.383333 0.3875 0.384375 0.388281 0.386458 0.388281 0.3875 0.389062 0.390625 0.389062 0.391667 0.389844 0.39375 0.389844 0.394792 0.390625 0.397917 0.390625 0.398958 0.391406 0.404167 0.391406 0.405208 0.392187 0.409375 0.392187 0.410417 0.392969 0.414583 0.392969 0.415625 0.39375 0.423958 0.39375 0.425 0.394531 0.439583 0.394531 0.440625 0.395312 0.457292 0.395312 0.458333 0.396094 0.483333 0.396094 0.484375 0.395312 0.502083 0.395312 0.503125 0.394531 0.515625 0.394531 0.516667 0.39375 0.525 0.39375 0.526042 0.392969 0.53125 0.392969 0.532292 0.392187 0.536458 0.392187 0.5375 0.391406 0.541667 0.391406 0.542708 0.390625 0.547917 0.390625 0.548958 0.389844 0.552083 0.389844 0.553125 0.389062 0.555208 0.389062 0.55625 0.388281 0.560417 0.388281 0.561458 0.3875 0.564583 0.3875 0.565625 0.386719 0.566667 0.386719 0.567708 0.385937 0.569792 0.385937 0.570833 0.385156 0.572917 0.385156 0.573958 0.384375 0.575 0.384375 0.576042 0.383594 0.577083 0.383594 0.578125 0.382812 0.579167 0.382812 0.580208 0.382031 0.58125 0.382031 0.583333 0.380469 0.584375 0.380469 0.586458 0.378906 0.5875 0.378906 0.595833 0.372656 0.595833 0.371875 0.596875 0.371094 0.596875 0.359375 0.895341
0 0.588542 0.279687 0.588542 0.280469 0.5875 0.28125 0.586458 0.28125 0.585417 0.282031 0.584375 0.282031 0.583333 0.282812 0.580208 0.282812 0.578125 0.284375 0.577083 0.284375 0.576042 0.285156 0.573958 0.285156 0.572917 0.285937 0.567708 0.285937 0.566667 0.286719 0.565625 0.286719 0.564583 0.2875 0.563542 0.2875 0.5625 0.288281 0.557292 0.288281 0.55625 0.289062 0.548958 0.289062 0.547917 0.289844 0.544792 0.289844 0.54375 0.290625 0.540625 0.290625 0.539583 0.291406 0.529167 0.291406 0.528125 0.292187 0.515625 0.292187 0.514583 0.292969 0.510417 0.292969 0.509375 0.29375 0.504167 0.29375 0.503125 0.294531 0.48125 0.294531 0.480208 0.295312 0.451042 0.295312 0.45 0.294531 0.407292 0.294531 0.40625 0.29375 0.398958 0.29375 0.397917 0.292969 0.39375 0.292969 0.392708 0.292187 0.383333 0.292187 0.382292 0.291406 0.371875 0.291406 0.370833 0.290625 0.367708 0.290625 0.366667 0.289844 0.365625 0.289844 0.364583 0.289062 0.359375 0.289062 0.358333 0.288281 0.355208 0.288281 0.354167 0.2875 0.353125 0.2875 0.352083 0.286719 0.351042 0.286719 0.35 0.285937 0.35 0.3 0.352083 0.301562 0.353125 0.301562 0.354167 0.302344 0.355208 0.302344 0.35625 0.303125 0.357292 0.303125 0.358333 0.303906 0.361458 0.303906 0.3625 0.304688 0.365625 0.304688 0.366667 0.305469 0.367708 0.305469 0.36875 0.30625 0.371875 0.30625 0.372917 0.307031 0.378125 0.307031 0.379167 0.307812 0.382292 0.307812 0.383333 0.308594 0.386458 0.308594 0.3875 0.309375 0.390625 0.309375 0.391667 0.310156 0.398958 0.310156 0.4 0.310937 0.520833 0.310937 0.521875 0.310156 0.527083 0.310156 0.528125 0.309375 0.53125 0.309375 0.532292 0.308594 0.535417 0.308594 0.536458 0.307812 0.540625 0.307812 0.541667 0.307031 0.547917 0.307031 0.548958 0.30625 0.553125 0.30625 0.554167 0.305469 0.55625 0.305469 0.557292 0.304688 0.561458 0.304688 0.5625 0.303906 0.567708 0.303906 0.56875 0.303125 0.570833 0.303125 0.571875 0.302344 0.573958 0.302344 0.575 0.301562 0.577083 0.301562 0.578125 0.300781 0.579167 0.300781 0.580208 0.3 0.582292 0.3 0.583333 0.299219 0.584375 0.299219 0.585417 0.298437 0.586458 0.298437 0.588542 0.296875 0.589583 0.296875 0.591667 0.295312 0.591667 0.294531 0.594792 0.292187 0.594792 0.283594 0.59375 0.282812 0.59375 0.280469 0.592708 0.279687 0.893521
0 0.582292 0.244531 0.580208 0.246094 0.579167 0.246094 0.577083 0.247656 0.576042 0.247656 0.575 0.248437 0.572917 0.248437 0.571875 0.249219 0.570833 0.249219 0.569792 0.25 0.567708 0.25 0.566667 0.250781 0.563542 0.250781 0.5625 0.251563 0.557292 0.251563 0.55625 0.252344 0.552083 0.252344 0.551042 0.253125 0.546875 0.253125 0.545833 0.253906 0.539583 0.253906 0.538542 0.254688 0.528125 0.254688 0.527083 0.255469 0.517708 0.255469 0.516667 0.25625 0.504167 0.25625 0.503125 0.257031 0.490625 0.257031 0.489583 0.257812 0.460417 0.257812 0.459375 0.258594 0.457292 0.258594 0.45625 0.257812 0.455208 0.257812 0.454167 0.258594 0.429167 0.258594 0.428125 0.257812 0.425 0.257812 0.423958 0.258594 0.421875 0.258594 0.420833 0.257812 0.384375 0.257812 0.383333 0.257031 0.371875 0.257031 0.370833 0.25625 0.361458 0.25625 0.360417 0.255469 0.352083 0.255469 0.351042 0.254688 0.346875 0.254688 0.345833 0.253906 0.344792 0.253906 0.34375 0.253125 0.341667 0.253125 0.340625 0.252344 0.338542 0.252344 0.338542 0.266406 0.339583 0.266406 0.340625 0.267187 0.341667 0.267187 0.342708 0.267969 0.34375 0.267969 0.344792 0.26875 0.346875 0.26875 0.347917 0.269531 0.35 0.269531 0.351042 0.270312 0.352083 0.270312 0.353125 0.271094 0.355208 0.271094 0.35625 0.271875 0.360417 0.271875 0.361458 0.272656 0.369792 0.272656 0.370833 0.273438 0.375 0.273438 0.376042 0.274219 0.382292 0.274219 0.383333 0.275 0.395833 0.275 0.396875 0.275781 0.428125 0.275781 0.429167 0.276562 0.473958 0.276562 0.475 0.275781 0.503125 0.275781 0.504167 0.275 0.513542 0.275 0.514583 0.274219 0.519792 0.274219 0.520833 0.273438 0.528125 0.273438 0.529167 0.272656 0.54375 0.272656 0.544792 0.271875 0.548958 0.271875 0.55 0.271094 0.552083 0.271094 0.553125 0.270312 0.557292 0.270312 0.558333 0.269531 0.564583 0.269531 0.565625 0.26875 0.56875 0.26875 0.569792 0.267969 0.570833 0.267969 0.571875 0.267187 0.573958 0.267187 0.575 0.266406 0.578125 0.266406 0.579167 0.265625 0.58125 0.265625 0.583333 0.264062 0.584375 0.264062 0.585417 0.263281 0.586458 0.263281 0.5875 0.2625 0.589583 0.2625 0.591667 0.260937 0.592708 0.260937 0.594792 0.259375 0.594792 0.244531 0.87099
0 0.585417 0.513281 0.584375 0.514062 0.584375 0.514844 0.582292 0.516406 0.582292 0.517188 0.573958 0.523438 0.572917 0.523438 0.569792 0.525781 0.56875 0.525781 0.566667 0.527344 0.565625 0.527344 0.564583 0.528125 0.563542 0.528125 0.561458 0.529687 0.559375 0.529687 0.558333 0.530469 0.557292 0.530469 0.55625 0.53125 0.555208 0.53125 0.554167 0.532031 0.553125 0.532031 0.552083 0.532812 0.55 0.532812 0.548958 0.533594 0.547917 0.533594 0.546875 0.534375 0.545833 0.534375 0.544792 0.535156 0.542708 0.535156 0.541667 0.535937 0.5375 0.535937 0.536458 0.536719 0.534375 0.536719 0.533333 0.5375 0.53125 0.5375 0.530208 0.538281 0.528125 0.538281 0.527083 0.539062 0.522917 0.539062 0.521875 0.539844 0.517708 0.539844 0.516667 0.540625 0.513542 0.540625 0.5125 0.541406 0.50625 0.541406 0.505208 0.542187 0.49375 0.542187 0.492708 0.542969 0.477083 0.542969 0.476042 0.54375 0.464583 0.54375 0.463542 0.542969 0.448958 0.542969 0.447917 0.542187 0.436458 0.542187 0.435417 0.541406 0.430208 0.541406 0.429167 0.540625 0.425 0.540625 0.423958 0.539844 0.419792 0.539844 0.41875 0.539062 0.415625 0.539062 0.414583 0.538281 0.4125 0.538281 0.411458 0.5375 0.409375 0.5375 0.408333 0.536719 0.40625 0.536719 0.405208 0.535937 0.403125 0.535937 0.402083 0.535156 0.4 0.535156 0.398958 0.534375 0.397917 0.534375 0.396875 0.533594 0.395833 0.533594 0.394792 0.532812 0.392708 0.532812 0.390625 0.53125 0.389583 0.53125 0.388542 0.530469 0.3875 0.530469 0.386458 0.529687 0.385417 0.529687 0.383333 0.528125 0.382292 0.528125 0.379167 0.525781 0.378125 0.525781 0.370833 0.520312 0.369792 0.520312 0.369792 0.528906 0.370833 0.529687 0.370833 0.530469 0.372917 0.532031 0.372917 0.532812 0.38125 0.539062 0.382292 0.539062 0.386458 0.542187 0.3875 0.542187 0.388542 0.542969 0.389583 0.542969 0.391667 0.544531 0.39375 0.544531 0.394792 0.545312 0.395833 0.545312 0.396875 0.546094 0.397917 0.546094 0.398958 0.546875 0.4 0.546875 0.401042 0.547656 0.402083 0.547656 0.403125 0.548437 0.405208 0.548437 0.40625 0.549219 0.407292 0.549219 0.408333 0.55 0.410417 0.55 0.411458 0.550781 0.415625 0.550781 0.416667 0.551562 0.419792 0.551562 0.420833 0.552344 0.422917 0.552344 0.423958 0.553125 0.427083 0.553125 0.428125 0.553906 0.433333 0.553906 0.434375 0.554688 0.440625 0.554688 0.441667 0.555469 0.503125 0.555469 0.504167 0.554688 0.510417 0.554688 0.511458 0.553906 0.51875 0.553906 0.519792 0.553125 0.523958 0.553125 0.525 0.552344 0.528125 0.552344 0.529167 0.551562 0.533333 0.551562 0.534375 0.550781 0.5375 0.550781 0.538542 0.55 0.540625 0.55 0.541667 0.549219 0.54375 0.549219 0.544792 0.548437 0.545833 0.548437 0.546875 0.547656 0.548958 0.547656 0.55 0.546875 0.552083 0.546875 0.553125 0.546094 0.554167 0.546094 0.555208 0.545312 0.55625 0.545312 0.557292 0.544531 0.559375 0.544531 0.561458 0.542969 0.5625 0.542969 0.563542 0.542187 0.564583 0.542187 0.565625 0.541406 0.566667 0.541406 0.56875 0.539844 0.569792 0.539844 0.571875 0.538281 0.572917 0.538281 0.584375 0.529687 0.584375 0.528906 0.585417 0.528125 0.585417 0.526562 0.586458 0.525781 0.586458 0.523438 0.5875 0.522656 0.5875 0.515625 0.586458 0.514844 0.586458 0.514062 0.802173
0 0.590625 0.295312 0.588542 0.296875 0.5875 0.296875 0.585417 0.298437 0.584375 0.298437 0.58125 0.300781 0.578125 0.300781 0.577083 0.301562 0.575 0.301562 0.573958 0.302344 0.572917 0.302344 0.571875 0.303125 0.56875 0.303125 0.567708 0.303906 0.564583 0.303906 0.563542 0.304688 0.558333 0.304688 0.557292 0.305469 0.55625 0.305469 0.555208 0.30625 0.552083 0.30625 0.551042 0.307031 0.542708 0.307031 0.541667 0.307812 0.534375 0.307812 0.533333 0.308594 0.53125 0.308594 0.530208 0.309375 0.526042 0.309375 0.525 0.310156 0.516667 0.310156 0.515625 0.310937 0.5 0.310937 0.498958 0.311719 0.486458 0.311719 0.485417 0.3125 0.461458 0.3125 0.460417 0.313281 0.445833 0.313281 0.444792 0.3125 0.429167 0.3125 0.428125 0.311719 0.41875 0.311719 0.417708 0.310937 0.404167 0.310937 0.403125 0.310156 0.392708 0.310156 0.391667 0.309375 0.386458 0.309375 0.385417 0.308594 0.383333 0.308594 0.382292 0.307812 0.378125 0.307812 0.377083 0.307031 0.370833 0.307031 0.369792 0.30625 0.36875 0.30625 0.367708 0.305469 0.365625 0.305469 0.364583 0.304688 0.361458 0.304688 0.360417 0.303906 0.357292 0.303906 0.35625 0.303125 0.355208 0.303125 0.353125 0.301562 0.352083 0.301562 0.351042 0.300781 0.348958 0.300781 0.348958 0.310156 0.35 0.310937 0.35 0.311719 0.351042 0.3125 0.351042 0.313281 0.352083 0.314062 0.352083 0.314844 0.353125 0.315625 0.354167 0.315625 0.35625 0.317187 0.357292 0.317187 0.358333 0.317969 0.359375 0.317969 0.360417 0.31875 0.3625 0.31875 0.363542 0.319531 0.364583 0.319531 0.365625 0.320312 0.367708 0.320312 0.36875 0.321094 0.369792 0.321094 0.370833 0.321875 0.373958 0.321875 0.375 0.322656 0.378125 0.322656 0.379167 0.323437 0.382292 0.323437 0.383333 0.324219 0.385417 0.324219 0.386458 0.325 0.391667 0.325 0.392708 0.325781 0.401042 0.325781 0.402083 0.326562 0.408333 0.326562 0.409375 0.327344 0.416667 0.327344 0.417708 0.328125 0.428125 0.328125 0.429167 0.328906 0.49375 0.328906 0.494792 0.328125 0.515625 0.328125 0.516667 0.327344 0.521875 0.327344 0.522917 0.326562 0.528125 0.326562 0.529167 0.325781 0.542708 0.325781 0.54375 0.325 0.546875 0.325 0.547917 0.324219 0.55 0.324219 0.551042 0.323437 0.554167 0.323437 0.555208 0.322656 0.560417 0.322656 0.561458 0.321875 0.564583 0.321875 0.565625 0.321094 0.566667 0.321094 0.567708 0.320312 0.570833 0.320312 0.571875 0.319531 0.575 0.319531 0.576042 0.31875 0.577083 0.31875 0.578125 0.317969 0.579167 0.317969 0.580208 0.317187 0.58125 0.317187 0.582292 0.316406 0.584375 0.316406 0.586458 0.314844 0.5875 0.314844 0.591667 0.311719 0.592708 0.311719 0.594792 0.310156 0.594792 0.309375 0.596875 0.307812 0.596875 0.295312 0.789612
0 0.585417 0.513281 0.584375 0.514062 0.584375 0.514844 0.582292 0.516406 0.582292 0.517188 0.575 0.522656 0.573958 0.522656 0.569792 0.525781 0.56875 0.525781 0.567708 0.526562 0.566667 0.526562 0.564583 0.528125 0.563542 0.528125 0.5625 0.528906 0.561458 0.528906 0.560417 0.529687 0.559375 0.529687 0.558333 0.530469 0.557292 0.530469 0.55625 0.53125 0.555208 0.53125 0.554167 0.532031 0.553125 0.532031 0.552083 0.532812 0.55 0.532812 0.548958 0.533594 0.546875 0.533594 0.545833 0.534375 0.544792 0.534375 0.54375 0.535156 0.542708 0.535156 0.541667 0.535937 0.5375 0.535937 0.536458 0.536719 0.534375 0.536719 0.533333 0.5375 0.53125 0.5375 0.530208 0.538281 0.528125 0.538281 0.527083 0.539062 0.521875 0.539062 0.520833 0.539844 0.516667 0.539844 0.515625 0.540625 0.5125 0.540625 0.511458 0.541406 0.505208 0.541406 0.504167 0.542187 0.492708 0.542187 0.491667 0.542969 0.45 0.542969 0.448958 0.542187 0.436458 0.542187 0.435417 0.541406 0.430208 0.541406 0.429167 0.540625 0.425 0.540625 0.423958 0.539844 0.420833 0.539844 0.419792 0.539062 0.415625 0.539062 0.414583 0.538281 0.4125 0.538281 0.411458 0.5375 0.410417 0.5375 0.409375 0.536719 0.40625 0.536719 0.405208 0.535937 0.403125 0.535937 0.402083 0.535156 0.4 0.535156 0.398958 0.534375 0.397917 0.534375 0.396875 0.533594 0.395833 0.533594 0.394792 0.532812 0.392708 0.532812 0.390625 0.53125 0.389583 0.53125 0.388542 0.530469 0.3875 0.530469 0.386458 0.529687 0.385417 0.529687 0.384375 0.528906 0.383333 0.528906 0.380208 0.526562 0.379167 0.526562 0.371875 0.521094 0.371875 0.53125 0.376042 0.534375 0.376042 0.535156 0.377083 0.535937 0.378125 0.535937 0.385417 0.541406 0.386458 0.541406 0.3875 0.542187 0.388542 0.542187 0.390625 0.54375 0.391667 0.54375 0.392708 0.544531 0.39375 0.544531 0.394792 0.545312 0.395833 0.545312 0.396875 0.546094 0.397917 0.546094 0.398958 0.546875 0.4 0.546875 0.401042 0.547656 0.403125 0.547656 0.404167 0.548437 0.405208 0.548437 0.40625 0.549219 0.408333 0.549219 0.409375 0.55 0.411458 0.55 0.4125 0.550781 0.415625 0.550781 0.416667 0.551562 0.419792 0.551562 0.420833 0.552344 0.423958 0.552344 0.425 0.553125 0.428125 0.553125 0.429167 0.553906 0.433333 0.553906 0.434375 0.554688 0.441667 0.554688 0.442708 0.555469 0.503125 0.555469 0.504167 0.554688 0.510417 0.554688 0.511458 0.553906 0.51875 0.553906 0.519792 0.553125 0.522917 0.553125 0.523958 0.552344 0.528125 0.552344 0.529167 0.551562 0.533333 0.551562 0.534375 0.550781 0.5375 0.550781 0.538542 0.55 0.540625 0.55 0.541667 0.549219 0.54375 0.549219 0.544792 0.548437 0.545833 0.548437 0.546875 0.547656 0.548958 0.547656 0.55 0.546875 0.552083 0.546875 0.553125 0.546094 0.554167 0.546094 0.555208 0.545312 0.55625 0.545312 0.557292 0.544531 0.558333 0.544531 0.559375 0.54375 0.560417 0.54375 0.561458 0.542969 0.5625 0.542969 0.564583 0.541406 0.565625 0.541406 0.566667 0.540625 0.567708 0.540625 0.569792 0.539062 0.570833 0.539062 0.573958 0.536719 0.575 0.536719 0.583333 0.530469 0.583333 0.529687 0.584375 0.528906 0.584375 0.528125 0.585417 0.527344 0.585417 0.526562 0.586458 0.525781 0.586458 0.521875 0.5875 0.521094 0.5875 0.516406 0.586458 0.515625 0.586458 0.514062 0.780631
0 0.596875 0.310156 0.592708 0.313281 0.591667 0.313281 0.589583 0.314844 0.588542 0.314844 0.586458 0.316406 0.585417 0.316406 0.584375 0.317187 0.582292 0.317187 0.58125 0.317969 0.580208 0.317969 0.578125 0.319531 0.575 0.319531 0.573958 0.320312 0.570833 0.320312 0.569792 0.321094 0.567708 0.321094 0.566667 0.321875 0.564583 0.321875 0.563542 0.322656 0.560417 0.322656 0.559375 0.323437 0.554167 0.323437 0.553125 0.324219 0.55 0.324219 0.548958 0.325 0.546875 0.325 0.545833 0.325781 0.539583 0.325781 0.538542 0.326562 0.529167 0.326562 0.528125 0.327344 0.522917 0.327344 0.521875 0.328125 0.516667 0.328125 0.515625 0.328906 0.496875 0.328906 0.495833 0.329687 0.435417 0.329687 0.434375 0.328906 0.41875 0.328906 0.417708 0.328125 0.40625 0.328125 0.405208 0.327344 0.397917 0.327344 0.396875 0.326562 0.390625 0.326562 0.389583 0.325781 0.384375 0.325781 0.383333 0.325 0.379167 0.325 0.378125 0.324219 0.376042 0.324219 0.375 0.323437 0.371875 0.323437 0.370833 0.322656 0.36875 0.322656 0.367708 0.321875 0.365625 0.321875 0.364583 0.321094 0.363542 0.321094 0.3625 0.320312 0.361458 0.320312 0.360417 0.319531 0.359375 0.319531 0.358333 0.31875 0.357292 0.31875 0.355208 0.317187 0.353125 0.317187 0.353125 0.327344 0.359375 0.332031 0.360417 0.332031 0.364583 0.335156 0.366667 0.335156 0.367708 0.335938 0.36875 0.335938 0.369792 0.336719 0.370833 0.336719 0.371875 0.3375 0.372917 0.3375 0.373958 0.338281 0.378125 0.338281 0.379167 0.339062 0.382292 0.339062 0.383333 0.339844 0.384375 0.339844 0.385417 0.340625 0.388542 0.340625 0.389583 0.341406 0.395833 0.341406 0.396875 0.342187 0.402083 0.342187 0.403125 0.342969 0.407292 0.342969 0.408333 0.34375 0.414583 0.34375 0.415625 0.344531 0.434375 0.344531 0.435417 0.345312 0.501042 0.345312 0.502083 0.344531 0.51875 0.344531 0.519792 0.34375 0.527083 0.34375 0.528125 0.342969 0.532292 0.342969 0.533333 0.342187 0.538542 0.342187 0.539583 0.341406 0.547917 0.341406 0.548958 0.340625 0.553125 0.340625 0.554167 0.339844 0.557292 0.339844 0.558333 0.339062 0.561458 0.339062 0.5625 0.338281 0.567708 0.338281 0.56875 0.3375 0.570833 0.3375 0.571875 0.336719 0.572917 0.336719 0.573958 0.335938 0.576042 0.335938 0.577083 0.335156 0.580208 0.335156 0.58125 0.334375 0.582292 0.334375 0.584375 0.332812 0.585417 0.332812 0.586458 0.332031 0.588542 0.332031 0.589583 0.33125 0.590625 0.33125 0.59375 0.328906 0.594792 0.328906 0.597917 0.326562 0.597917 0.325 0.598958 0.324219 0.598958 0.3125 0.597917 0.311719 0.597917 0.310156 0.678272
0 0.592708 0.415625 0.591667 0.416406 0.590625 0.416406 0.588542 0.417969 0.588542 0.41875 0.582292 0.423437 0.58125 0.423437 0.577083 0.426562 0.576042 0.426562 0.575 0.427344 0.573958 0.427344 0.571875 0.428906 0.570833 0.428906 0.569792 0.429688 0.567708 0.429688 0.566667 0.430469 0.565625 0.430469 0.564583 0.43125 0.563542 0.43125 0.5625 0.432031 0.560417 0.432031 0.559375 0.432812 0.55625 0.432812 0.555208 0.433594 0.554167 0.433594 0.553125 0.434375 0.551042 0.434375 0.55 0.435156 0.547917 0.435156 0.546875 0.435937 0.541667 0.435937 0.540625 0.436719 0.538542 0.436719 0.5375 0.4375 0.534375 0.4375 0.533333 0.438281 0.529167 0.438281 0.528125 0.439062 0.519792 0.439062 0.51875 0.439844 0.513542 0.439844 0.5125 0.440625 0.508333 0.440625 0.507292 0.441406 0.498958 0.441406 0.497917 0.442187 0.44375 0.442187 0.442708 0.441406 0.430208 0.441406 0.429167 0.440625 0.423958 0.440625 0.422917 0.439844 0.417708 0.439844 0.416667 0.439062 0.410417 0.439062 0.409375 0.438281 0.404167 0.438281 0.403125 0.4375 0.4 0.4375 0.398958 0.436719 0.396875 0.436719 0.395833 0.435937 0.391667 0.435937 0.390625 0.435156 0.3875 0.435156 0.386458 0.434375 0.385417 0.434375 0.384375 0.433594 0.382292 0.433594 0.38125 0.432812 0.380208 0.432812 0.379167 0.432031 0.377083 0.432031 0.375 0.430469 0.373958 0.430469 0.372917 0.429688 0.371875 0.429688 0.370833 0.428906 0.369792 0.428906 0.366667 0.426562 0.365625 0.426562 0.363542 0.425 0.363542 0.434375 0.365625 0.435937 0.365625 0.436719 0.367708 0.438281 0.36875 0.438281 0.372917 0.441406 0.373958 0.441406 0.375 0.442187 0.376042 0.442187 0.378125 0.44375 0.379167 0.44375 0.380208 0.444531 0.382292 0.444531 0.383333 0.445312 0.384375 0.445312 0.385417 0.446094 0.386458 0.446094 0.3875 0.446875 0.388542 0.446875 0.389583 0.447656 0.392708 0.447656 0.39375 0.448437 0.395833 0.448437 0.396875 0.449219 0.397917 0.449219 0.398958 0.45 0.401042 0.45 0.402083 0.450781 0.407292 0.450781 0.408333 0.451562 0.4125 0.451562 0.413542 0.452344 0.416667 0.452344 0.417708 0.453125 0.421875 0.453125 0.422917 0.453906 0.433333 0.453906 0.434375 0.454687 0.442708 0.454687 0.44375 0.455469 0.497917 0.455469 0.498958 0.454687 0.50625 0.454687 0.507292 0.453906 0.51875 0.453906 0.519792 0.453125 0.525 0.453125 0.526042 0.452344 0.529167 0.452344 0.530208 0.451562 0.534375 0.451562 0.535417 0.450781 0.541667 0.450781 0.542708 0.45 0.545833 0.45 0.546875 0.449219 0.547917 0.449219 0.548958 0.448437 0.551042 0.448437 0.552083 0.447656 0.55625 0.447656 0.557292 0.446875 0.558333 0.446875 0.559375 0.446094 0.561458 0.446094 0.5625 0.445312 0.563542 0.445312 0.564583 0.444531 0.566667 0.444531 0.567708 0.44375 0.569792 0.44375 0.571875 0.442187 0.572917 0.442187 0.573958 0.441406 0.576042 0.441406 0.579167 0.439062 0.580208 0.439062 0.584375 0.435937 0.585417 0.435937 0.589583 0.432812 0.589583 0.432031 0.591667 0.430469 0.591667 0.429688 0.592708 0.428906 0.559292
