0 0.444792 0.375 0.44375 0.375781 0.439583 0.375781 0.438542 0.376562 0.435417 0.376562 0.434375 0.377344 0.432292 0.377344 0.43125 0.378125 0.429167 0.378125 0.428125 0.378906 0.425 0.378906 0.423958 0.379687 0.421875 0.379687 0.420833 0.380469 0.41875 0.380469 0.417708 0.38125 0.416667 0.38125 0.415625 0.382031 0.414583 0.382031 0.413542 0.382812 0.411458 0.382812 0.410417 0.383594 0.409375 0.383594 0.408333 0.384375 0.40625 0.384375 0.405208 0.385156 0.404167 0.385156 0.403125 0.385937 0.402083 0.385937 0.401042 0.386719 0.4 0.386719 0.397917 0.388281 0.396875 0.388281 0.395833 0.389062 0.394792 0.389062 0.392708 0.390625 0.391667 0.390625 0.390625 0.391406 0.389583 0.391406 0.3875 0.392969 0.386458 0.392969 0.380208 0.397656 0.379167 0.397656 0.370833 0.403906 0.370833 0.404687 0.367708 0.407031 0.367708 0.407812 0.363542 0.410937 0.363542 0.411719 0.361458 0.413281 0.361458 0.414062 0.360417 0.414844 0.360417 0.415625 0.358333 0.417187 0.358333 0.417969 0.357292 0.41875 0.357292 0.419531 0.35625 0.420312 0.35625 0.421875 0.355208 0.422656 0.355208 0.424219 0.354167 0.425 0.354167 0.426562 0.353125 0.427344 0.353125 0.428906 0.352083 0.429688 0.352083 0.45 0.353125 0.450781 0.353125 0.453125 0.354167 0.453906 0.354167 0.455469 0.355208 0.45625 0.355208 0.457031 0.35625 0.457812 0.35625 0.459375 0.357292 0.460156 0.357292 0.460937 0.358333 0.461719 0.358333 0.4625 0.359375 0.463281 0.359375 0.464844 0.360417 0.465625 0.360417 0.466406 0.361458 0.467187 0.361458 0.467969 0.3625 0.46875 0.3625 0.469531 0.364583 0.471094 0.364583 0.471875 0.366667 0.473437 0.366667 0.474219 0.373958 0.479687 0.375 0.479687 0.384375 0.486719 0.385417 0.486719 0.388542 0.489062 0.389583 0.489062 0.391667 0.490625 0.392708 0.490625 0.39375 0.491406 0.394792 0.491406 0.396875 0.492969 0.397917 0.492969 0.4 0.494531 0.401042 0.494531 0.403125 0.496094 0.404167 0.496094 0.405208 0.496875 0.407292 0.496875 0.408333 0.497656 0.409375 0.497656 0.410417 0.498437 0.411458 0.498437 0.4125 0.499219 0.414583 0.499219 0.415625 0.5 0.417708 0.5 0.41875 0.500781 0.419792 0.500781 0.420833 0.501562 0.421875 0.501562 0.422917 0.502344 0.427083 0.502344 0.428125 0.503125 0.430208 0.503125 0.43125 0.503906 0.433333 0.503906 0.434375 0.504687 0.436458 0.504687 0.4375 0.505469 0.441667 0.505469 0.442708 0.50625 0.451042 0.50625 0.452083 0.507031 0.457292 0.507031 0.458333 0.507812 0.467708 0.507812 0.46875 0.508594 0.483333 0.508594 0.484375 0.507812 0.492708 0.507812 0.49375 0.507031 0.5 0.507031 0.501042 0.50625 0.510417 0.50625 0.511458 0.505469 0.515625 0.505469 0.516667 0.504687 0.51875 0.504687 0.519792 0.503906 0.522917 0.503906 0.523958 0.503125 0.527083 0.503125 0.528125 0.502344 0.530208 0.502344 0.53125 0.501562 0.532292 0.501562 0.533333 0.500781 0.535417 0.500781 0.536458 0.5 0.538542 0.5 0.539583 0.499219 0.541667 0.499219 0.542708 0.498437 0.54375 0.498437 0.544792 0.497656 0.546875 0.497656 0.547917 0.496875 0.548958 0.496875 0.55 0.496094 0.551042 0.496094 0.552083 0.495312 0.553125 0.495312 0.554167 0.494531 0.555208 0.494531 0.55625 0.49375 0.557292 0.49375 0.558333 0.492969 0.559375 0.492969 0.560417 0.492187 0.561458 0.492187 0.563542 0.490625 0.564583 0.490625 0.565625 0.489844 0.566667 0.489844 0.569792 0.4875 0.570833 0.4875 0.573958 0.485156 0.575 0.485156 0.580208 0.48125 0.580208 0.480469 0.585417 0.476562 0.585417 0.475781 0.589583 0.472656 0.589583 0.471875 0.592708 0.469531 0.592708 0.46875 0.59375 0.467969 0.59375 0.467187 0.594792 0.466406 0.594792 0.465625 0.595833 0.464844 0.595833 0.464062 0.597917 0.4625 0.597917 0.460937 0.598958 0.460156 0.598958 0.459375 0.6 0.458594 0.6 0.457031 0.601042 0.45625 0.601042 0.453125 0.602083 0.452344 0.602083 0.449219 0.603125 0.448437 0.603125 0.445312 0.604167 0.444531 0.604167 0.442187 0.605208 0.441406 0.605208 0.433594 0.604167 0.432812 0.604167 0.429688 0.603125 0.428906 0.603125 0.426562 0.602083 0.425781 0.602083 0.424219 0.601042 0.423437 0.601042 0.421875 0.6 0.421094 0.6 0.419531 0.598958 0.41875 0.598958 0.417969 0.597917 0.417187 0.597917 0.416406 0.596875 0.415625 0.596875 0.414844 0.595833 0.414062 0.595833 0.413281 0.59375 0.411719 0.59375 0.410937 0.591667 0.409375 0.591667 0.408594 0.588542 0.40625 0.588542 0.405469 0.578125 0.397656 0.577083 0.397656 0.571875 0.39375 0.570833 0.39375 0.56875 0.392187 0.567708 0.392187 0.565625 0.390625 0.564583 0.390625 0.5625 0.389062 0.561458 0.389062 0.560417 0.388281 0.559375 0.388281 0.557292 0.386719 0.55625 0.386719 0.555208 0.385937 0.554167 0.385937 0.553125 0.385156 0.552083 0.385156 0.551042 0.384375 0.55 0.384375 0.548958 0.383594 0.547917 0.383594 0.546875 0.382812 0.545833 0.382812 0.544792 0.382031 0.54375 0.382031 0.542708 0.38125 0.540625 0.38125 0.539583 0.380469 0.5375 0.380469 0.536458 0.379687 0.534375 0.379687 0.533333 0.378906 0.532292 0.378906 0.53125 0.378125 0.529167 0.378125 0.528125 0.377344 0.525 0.377344 0.523958 0.376562 0.519792 0.376562 0.51875 0.375781 0.516667 0.375781 0.515625 0.375 0.99034
0 0.377083 0.492969 0.377083 0.491406 0.376042 0.491406 0.377083 0.492187 0.377083 0.492969 0.379167 0.494531 0.379167 0.495312 0.380208 0.496094 0.380208 0.496875 0.383333 0.499219 0.383333 0.500781 0.384375 0.501562 0.384375 0.502344 0.385417 0.503125 0.385417 0.503906 0.388542 0.50625 0.388542 0.507031 0.389583 0.507812 0.389583 0.508594 0.390625 0.509375 0.391667 0.509375 0.39375 0.510937 0.39375 0.513281 0.394792 0.5125 0.397917 0.5125 0.4 0.514062 0.401042 0.514062 0.403125 0.515625 0.404167 0.515625 0.408333 0.51875 0.409375 0.51875 0.411458 0.520312 0.4125 0.520312 0.413542 0.521094 0.414583 0.521094 0.415625 0.521875 0.416667 0.521875 0.417708 0.522656 0.41875 0.522656 0.420833 0.524219 0.421875 0.524219 0.422917 0.525 0.423958 0.525 0.425 0.525781 0.426042 0.525781 0.427083 0.526562 0.428125 0.526562 0.430208 0.528125 0.434375 0.528125 0.435417 0.528906 0.436458 0.528906 0.4375 0.529687 0.439583 0.529687 0.440625 0.530469 0.441667 0.530469 0.442708 0.53125 0.446875 0.53125 0.447917 0.532031 0.452083 0.532031 0.453125 0.532812 0.45625 0.532812 0.457292 0.533594 0.459375 0.533594 0.460417 0.534375 0.465625 0.534375 0.466667 0.535156 0.475 0.535156 0.476042 0.535937 0.5 0.535937 0.501042 0.535156 0.5125 0.535156 0.513542 0.534375 0.520833 0.534375 0.521875 0.533594 0.525 0.533594 0.526042 0.532812 0.528125 0.532812 0.529167 0.532031 0.533333 0.532031 0.534375 0.53125 0.5375 0.53125 0.538542 0.530469 0.540625 0.530469 0.541667 0.529687 0.542708 0.529687 0.54375 0.528906 0.546875 0.528906 0.547917 0.528125 0.55 0.528125 0.551042 0.527344 0.552083 0.527344 0.553125 0.526562 0.554167 0.526562 0.555208 0.525781 0.55625 0.525781 0.557292 0.525 0.558333 0.525 0.559375 0.524219 0.560417 0.524219 0.561458 0.523438 0.5625 0.523438 0.564583 0.521875 0.565625 0.521875 0.566667 0.521094 0.567708 0.521094 0.569792 0.519531 0.570833 0.519531 0.571875 0.51875 0.572917 0.51875 0.577083 0.515625 0.578125 0.515625 0.594792 0.503125 0.594792 0.502344 0.598958 0.499219 0.598958 0.498437 0.6 0.497656 0.6 0.496094 0.601042 0.495312 0.601042 0.494531 0.603125 0.492969 0.603125 0.491406 0.604167 0.490625 0.604167 0.488281 0.605208 0.4875 0.605208 0.486719 0.60625 0.485937 0.60625 0.485156 0.607292 0.484375 0.607292 0.482812 0.608333 0.482031 0.608333 0.478906 0.609375 0.478125 0.609375 0.475 0.610417 0.474219 0.610417 0.466406 0.609375 0.465625 0.609375 0.464844 0.609375 0.467969 0.608333 0.46875 0.608333 0.471094 0.607292 0.471875 0.607292 0.473437 0.60625 0.474219 0.60625 0.475 0.605208 0.475781 0.605208 0.478125 0.604167 0.478906 0.604167 0.480469 0.603125 0.48125 0.603125 0.482031 0.601042 0.483594 0.601042 0.484375 0.598958 0.485937 0.598958 0.486719 0.597917 0.4875 0.597917 0.488281 0.596875 0.489062 0.596875 0.489844 0.592708 0.492969 0.592708 0.49375 0.579167 0.503906 0.578125 0.503906 0.573958 0.507031 0.572917 0.507031 0.569792 0.509375 0.56875 0.509375 0.567708 0.510156 0.566667 0.510156 0.564583 0.511719 0.563542 0.511719 0.561458 0.513281 0.560417 0.513281 0.559375 0.514062 0.558333 0.514062 0.557292 0.514844 0.55625 0.514844 0.555208 0.515625 0.554167 0.515625 0.553125 0.516406 0.552083 0.516406 0.551042 0.517188 0.55 0.517188 0.548958 0.517969 0.546875 0.517969 0.545833 0.51875 0.544792 0.51875 0.54375 0.519531 0.541667 0.519531 0.540625 0.520312 0.538542 0.520312 0.5375 0.521094 0.535417 0.521094 0.534375 0.521875 0.53125 0.521875 0.530208 0.522656 0.527083 0.522656 0.526042 0.523438 0.522917 0.523438 0.521875 0.524219 0.517708 0.524219 0.516667 0.525 0.511458 0.525 0.510417 0.525781 0.503125 0.525781 0.502083 0.526562 0.471875 0.526562 0.470833 0.525781 0.463542 0.525781 0.4625 0.525 0.45625 0.525 0.455208 0.524219 0.452083 0.524219 0.451042 0.523438 0.447917 0.523438 0.446875 0.522656 0.442708 0.522656 0.441667 0.521875 0.438542 0.521875 0.4375 0.521094 0.435417 0.521094 0.434375 0.520312 0.433333 0.520312 0.432292 0.519531 0.429167 0.519531 0.428125 0.51875 0.426042 0.51875 0.425 0.517969 0.423958 0.517969 0.422917 0.517188 0.421875 0.517188 0.420833 0.516406 0.419792 0.516406 0.41875 0.515625 0.416667 0.515625 0.415625 0.514844 0.414583 0.514844 0.4125 0.513281 0.411458 0.513281 0.410417 0.5125 0.408333 0.5125 0.405208 0.510156 0.404167 0.510156 0.403125 0.509375 0.402083 0.509375 0.397917 0.50625 0.396875 0.50625 0.392708 0.503125 0.391667 0.503125 0.389583 0.501562 0.389583 0.500781 0.388542 0.500781 0.3875 0.5 0.386458 0.5 0.385417 0.499219 0.385417 0.498437 0.384375 0.497656 0.382292 0.497656 0.38125 0.496875 0.38125 0.494531 0.379167 0.494531 0.976008
0 0.60625 0.497656 0.60625 0.498437 0.605208 0.499219 0.605208 0.502344 0.604167 0.503125 0.604167 0.503906 0.602083 0.505469 0.602083 0.50625 0.601042 0.507031 0.601042 0.508594 0.596875 0.511719 0.596875 0.5125 0.595833 0.513281 0.595833 0.514062 0.592708 0.516406 0.592708 0.517188 0.58125 0.525781 0.580208 0.525781 0.576042 0.528906 0.575 0.528906 0.573958 0.529687 0.572917 0.529687 0.56875 0.532812 0.567708 0.532812 0.566667 0.533594 0.565625 0.533594 0.563542 0.535156 0.561458 0.535156 0.560417 0.535937 0.559375 0.535937 0.557292 0.5375 0.55625 0.5375 0.555208 0.538281 0.553125 0.538281 0.552083 0.539062 0.55 0.539062 0.548958 0.539844 0.546875 0.539844 0.545833 0.540625 0.544792 0.540625 0.54375 0.541406 0.541667 0.541406 0.540625 0.542187 0.5375 0.542187 0.536458 0.542969 0.533333 0.542969 0.532292 0.54375 0.530208 0.54375 0.529167 0.544531 0.525 0.544531 0.523958 0.545312 0.517708 0.545312 0.516667 0.546094 0.5125 0.546094 0.511458 0.546875 0.50625 0.546875 0.505208 0.547656 0.477083 0.547656 0.476042 0.546875 0.469792 0.546875 0.46875 0.546094 0.463542 0.546094 0.4625 0.545312 0.455208 0.545312 0.454167 0.544531 0.451042 0.544531 0.45 0.54375 0.448958 0.54375 0.447917 0.542969 0.445833 0.542969 0.444792 0.542187 0.441667 0.542187 0.440625 0.541406 0.438542 0.541406 0.4375 0.540625 0.436458 0.540625 0.435417 0.539844 0.434375 0.539844 0.433333 0.539062 0.430208 0.539062 0.429167 0.538281 0.428125 0.538281 0.426042 0.536719 0.425 0.536719 0.423958 0.535937 0.422917 0.535937 0.421875 0.535156 0.420833 0.535156 0.417708 0.532812 0.415625 0.532812 0.414583 0.532031 0.413542 0.532031 0.410417 0.529687 0.409375 0.529687 0.405208 0.526562 0.404167 0.526562 0.395833 0.520312 0.394792 0.520312 0.39375 0.519531 0.39375 0.51875 0.384375 0.511719 0.384375 0.510937 0.383333 0.510937 0.38125 0.509375 0.38125 0.507812 0.38125 0.510937 0.382292 0.511719 0.382292 0.5125 0.383333 0.513281 0.383333 0.514844 0.384375 0.515625 0.384375 0.516406 0.3875 0.51875 0.3875 0.519531 0.388542 0.520312 0.388542 0.521094 0.389583 0.521875 0.389583 0.522656 0.396875 0.528125 0.396875 0.528906 0.402083 0.532812 0.403125 0.532812 0.409375 0.5375 0.410417 0.5375 0.4125 0.539062 0.413542 0.539062 0.416667 0.541406 0.417708 0.541406 0.419792 0.542969 0.420833 0.542969 0.421875 0.54375 0.422917 0.54375 0.423958 0.544531 0.425 0.544531 0.426042 0.545312 0.427083 0.545312 0.428125 0.546094 0.429167 0.546094 0.43125 0.547656 0.433333 0.547656 0.434375 0.548437 0.436458 0.548437 0.4375 0.549219 0.438542 0.549219 0.439583 0.55 0.441667 0.55 0.442708 0.550781 0.445833 0.550781 0.446875 0.551562 0.448958 0.551562 0.45 0.552344 0.451042 0.552344 0.452083 0.553125 0.454167 0.553125 0.455208 0.553906 0.460417 0.553906 0.461458 0.554688 0.466667 0.554688 0.467708 0.555469 0.470833 0.555469 0.471875 0.55625 0.477083 0.55625 0.478125 0.557031 0.510417 0.557031 0.511458 0.55625 0.515625 0.55625 0.516667 0.555469 0.519792 0.555469 0.520833 0.554688 0.525 0.554688 0.526042 0.553906 0.53125 0.553906 0.532292 0.553125 0.535417 0.553125 0.536458 0.552344 0.5375 0.552344 0.538542 0.551562 0.541667 0.551562 0.542708 0.550781 0.545833 0.550781 0.546875 0.55 0.547917 0.55 0.548958 0.549219 0.55 0.549219 0.551042 0.548437 0.553125 0.548437 0.554167 0.547656 0.555208 0.547656 0.55625 0.546875 0.557292 0.546875 0.558333 0.546094 0.559375 0.546094 0.560417 0.545312 0.561458 0.545312 0.5625 0.544531 0.563542 0.544531 0.565625 0.542969 0.566667 0.542969 0.56875 0.541406 0.569792 0.541406 0.571875 0.539844 0.572917 0.539844 0.575 0.538281 0.576042 0.538281 0.579167 0.535937 0.580208 0.535937 0.59375 0.525781 0.59375 0.525 0.595833 0.523438 0.595833 0.522656 0.596875 0.521875 0.596875 0.521094 0.597917 0.520312 0.597917 0.519531 0.6 0.517969 0.6 0.517188 0.601042 0.516406 0.601042 0.515625 0.602083 0.514844 0.602083 0.514062 0.603125 0.513281 0.603125 0.5125 0.604167 0.511719 0.604167 0.510937 0.605208 0.510156 0.605208 0.508594 0.60625 0.507812 0.60625 0.505469 0.607292 0.504687 0.607292 0.498437 0.973412
0 0.60625 0.461719 0.60625 0.464062 0.605208 0.464844 0.605208 0.467187 0.604167 0.467969 0.604167 0.46875 0.602083 0.470312 0.602083 0.471094 0.601042 0.471875 0.601042 0.472656 0.6 0.473437 0.6 0.474219 0.597917 0.475781 0.597917 0.476562 0.596875 0.477344 0.596875 0.478125 0.594792 0.479687 0.594792 0.480469 0.592708 0.482031 0.592708 0.482812 0.577083 0.494531 0.576042 0.494531 0.572917 0.496875 0.571875 0.496875 0.569792 0.498437 0.56875 0.498437 0.565625 0.500781 0.564583 0.500781 0.563542 0.501562 0.5625 0.501562 0.561458 0.502344 0.560417 0.502344 0.558333 0.503906 0.557292 0.503906 0.55625 0.504687 0.555208 0.504687 0.554167 0.505469 0.553125 0.505469 0.552083 0.50625 0.551042 0.50625 0.55 0.507031 0.548958 0.507031 0.547917 0.507812 0.546875 0.507812 0.545833 0.508594 0.54375 0.508594 0.542708 0.509375 0.541667 0.509375 0.540625 0.510156 0.538542 0.510156 0.5375 0.510937 0.535417 0.510937 0.534375 0.511719 0.532292 0.511719 0.53125 0.5125 0.529167 0.5125 0.528125 0.513281 0.525 0.513281 0.523958 0.514062 0.520833 0.514062 0.519792 0.514844 0.514583 0.514844 0.513542 0.515625 0.508333 0.515625 0.507292 0.516406 0.501042 0.516406 0.5 0.517188 0.464583 0.517188 0.463542 0.516406 0.457292 0.516406 0.45625 0.515625 0.451042 0.515625 0.45 0.514844 0.444792 0.514844 0.44375 0.514062 0.441667 0.514062 0.440625 0.513281 0.4375 0.513281 0.436458 0.5125 0.434375 0.5125 0.433333 0.511719 0.430208 0.511719 0.429167 0.510937 0.427083 0.510937 0.426042 0.510156 0.425 0.510156 0.423958 0.509375 0.421875 0.509375 0.420833 0.508594 0.419792 0.508594 0.41875 0.507812 0.417708 0.507812 0.416667 0.507031 0.415625 0.507031 0.414583 0.50625 0.4125 0.50625 0.411458 0.505469 0.410417 0.505469 0.409375 0.504687 0.408333 0.504687 0.40625 0.503125 0.404167 0.503125 0.401042 0.500781 0.4 0.500781 0.397917 0.499219 0.396875 0.499219 0.392708 0.496094 0.391667 0.496094 0.388542 0.49375 0.3875 0.49375 0.386458 0.492969 0.386458 0.492187 0.384375 0.490625 0.383333 0.490625 0.382292 0.489844 0.382292 0.489062 0.377083 0.485156 0.377083 0.484375 0.376042 0.483594 0.375 0.483594 0.372917 0.482031 0.372917 0.479687 0.372917 0.482812 0.373958 0.482812 0.375 0.483594 0.375 0.485156 0.376042 0.485937 0.376042 0.486719 0.377083 0.4875 0.377083 0.488281 0.379167 0.489844 0.379167 0.490625 0.380208 0.491406 0.380208 0.492187 0.382292 0.49375 0.382292 0.494531 0.3875 0.498437 0.3875 0.499219 0.388542 0.499219 0.395833 0.504687 0.396875 0.504687 0.397917 0.505469 0.398958 0.505469 0.403125 0.508594 0.404167 0.508594 0.40625 0.510156 0.407292 0.510156 0.409375 0.511719 0.410417 0.511719 0.411458 0.5125 0.4125 0.5125 0.413542 0.513281 0.414583 0.513281 0.415625 0.514062 0.416667 0.514062 0.417708 0.514844 0.419792 0.514844 0.420833 0.515625 0.421875 0.515625 0.422917 0.516406 0.423958 0.516406 0.425 0.517188 0.426042 0.517188 0.427083 0.517969 0.429167 0.517969 0.430208 0.51875 0.432292 0.51875 0.433333 0.519531 0.435417 0.519531 0.436458 0.520312 0.438542 0.520312 0.439583 0.521094 0.442708 0.521094 0.44375 0.521875 0.446875 0.521875 0.447917 0.522656 0.451042 0.522656 0.452083 0.523438 0.45625 0.523438 0.457292 0.524219 0.461458 0.524219 0.4625 0.525 0.470833 0.525 0.471875 0.525781 0.501042 0.525781 0.502083 0.525 0.509375 0.525 0.510417 0.524219 0.515625 0.524219 0.516667 0.523438 0.521875 0.523438 0.522917 0.522656 0.526042 0.522656 0.527083 0.521875 0.530208 0.521875 0.53125 0.521094 0.533333 0.521094 0.534375 0.520312 0.536458 0.520312 0.5375 0.519531 0.539583 0.519531 0.540625 0.51875 0.542708 0.51875 0.54375 0.517969 0.544792 0.517969 0.545833 0.517188 0.547917 0.517188 0.548958 0.516406 0.55 0.516406 0.551042 0.515625 0.553125 0.515625 0.554167 0.514844 0.555208 0.514844 0.55625 0.514062 0.557292 0.514062 0.558333 0.513281 0.559375 0.513281 0.561458 0.511719 0.5625 0.511719 0.564583 0.510156 0.565625 0.510156 0.566667 0.509375 0.567708 0.509375 0.569792 0.507812 0.570833 0.507812 0.572917 0.50625 0.573958 0.50625 0.580208 0.501562 0.58125 0.501562 0.589583 0.495312 0.589583 0.494531 0.59375 0.491406 0.59375 0.490625 0.596875 0.488281 0.596875 0.4875 0.597917 0.486719 0.597917 0.485937 0.598958 0.485156 0.598958 0.484375 0.6 0.483594 0.6 0.482812 0.602083 0.48125 0.602083 0.479687 0.603125 0.478906 0.603125 0.477344 0.604167 0.476562 0.604167 0.475 0.605208 0.474219 0.605208 0.473437 0.60625 0.472656 0.60625 0.46875 0.607292 0.467969 0.607292 0.464062 0.60625 0.463281 0.969507
0 0.385417 0.530469 0.385417 0.539062 0.386458 0.539844 0.386458 0.541406 0.3875 0.542187 0.3875 0.544531 0.388542 0.545312 0.388542 0.546094 0.389583 0.546875 0.389583 0.547656 0.391667 0.549219 0.391667 0.55 0.392708 0.550781 0.392708 0.551562 0.39375 0.552344 0.39375 0.553125 0.394792 0.553906 0.394792 0.554688 0.397917 0.557031 0.397917 0.557812 0.411458 0.567969 0.4125 0.567969 0.417708 0.571875 0.41875 0.571875 0.420833 0.573437 0.421875 0.573437 0.423958 0.575 0.425 0.575 0.426042 0.575781 0.427083 0.575781 0.429167 0.577344 0.430208 0.577344 0.43125 0.578125 0.432292 0.578125 0.433333 0.578906 0.434375 0.578906 0.435417 0.579687 0.436458 0.579687 0.4375 0.580469 0.438542 0.580469 0.439583 0.58125 0.441667 0.58125 0.442708 0.582031 0.444792 0.582031 0.445833 0.582812 0.447917 0.582812 0.448958 0.583594 0.451042 0.583594 0.452083 0.584375 0.454167 0.584375 0.455208 0.585156 0.459375 0.585156 0.460417 0.585938 0.463542 0.585938 0.464583 0.586719 0.467708 0.586719 0.46875 0.5875 0.473958 0.5875 0.475 0.588281 0.517708 0.588281 0.51875 0.5875 0.523958 0.5875 0.525 0.586719 0.528125 0.586719 0.529167 0.585938 0.532292 0.585938 0.533333 0.585156 0.535417 0.585156 0.536458 0.584375 0.539583 0.584375 0.540625 0.583594 0.542708 0.583594 0.54375 0.582812 0.545833 0.582812 0.546875 0.582031 0.548958 0.582031 0.55 0.58125 0.551042 0.58125 0.552083 0.580469 0.553125 0.580469 0.554167 0.579687 0.555208 0.579687 0.55625 0.578906 0.557292 0.578906 0.558333 0.578125 0.559375 0.578125 0.560417 0.577344 0.561458 0.577344 0.5625 0.576562 0.563542 0.576562 0.564583 0.575781 0.565625 0.575781 0.567708 0.574219 0.56875 0.574219 0.569792 0.573437 0.570833 0.573437 0.573958 0.571094 0.575 0.571094 0.578125 0.56875 0.579167 0.56875 0.590625 0.560156 0.590625 0.559375 0.594792 0.55625 0.594792 0.555469 0.596875 0.553906 0.596875 0.553125 0.597917 0.552344 0.597917 0.551562 0.598958 0.550781 0.598958 0.55 0.601042 0.548437 0.601042 0.547656 0.602083 0.546875 0.602083 0.544531 0.603125 0.54375 0.603125 0.540625 0.604167 0.539844 0.604167 0.539062 0.605208 0.538281 0.605208 0.536719 0.60625 0.535937 0.60625 0.532031 0.60625 0.532812 0.605208 0.533594 0.605208 0.535937 0.604167 0.536719 0.604167 0.5375 0.603125 0.538281 0.602083 0.538281 0.601042 0.539062 0.601042 0.540625 0.597917 0.542969 0.597917 0.54375 0.595833 0.545312 0.595833 0.546094 0.588542 0.551562 0.588542 0.552344 0.582292 0.557031 0.58125 0.557031 0.577083 0.560156 0.576042 0.560156 0.573958 0.561719 0.572917 0.561719 0.569792 0.564062 0.56875 0.564062 0.567708 0.564844 0.566667 0.564844 0.564583 0.566406 0.563542 0.566406 0.5625 0.567187 0.561458 0.567187 0.560417 0.567969 0.559375 0.567969 0.558333 0.56875 0.557292 0.56875 0.55625 0.569531 0.555208 0.569531 0.554167 0.570312 0.552083 0.570312 0.551042 0.571094 0.548958 0.571094 0.547917 0.571875 0.546875 0.571875 0.545833 0.572656 0.54375 0.572656 0.542708 0.573437 0.539583 0.573437 0.538542 0.574219 0.535417 0.574219 0.534375 0.575 0.533333 0.575 0.532292 0.575781 0.529167 0.575781 0.528125 0.576562 0.522917 0.576562 0.521875 0.577344 0.515625 0.577344 0.514583 0.578125 0.508333 0.578125 0.507292 0.578906 0.483333 0.578906 0.482292 0.578125 0.476042 0.578125 0.475 0.577344 0.467708 0.577344 0.466667 0.576562 0.461458 0.576562 0.460417 0.575781 0.457292 0.575781 0.45625 0.575 0.454167 0.575 0.453125 0.574219 0.45 0.574219 0.448958 0.573437 0.446875 0.573437 0.445833 0.572656 0.444792 0.572656 0.44375 0.571875 0.441667 0.571875 0.440625 0.571094 0.439583 0.571094 0.438542 0.570312 0.436458 0.570312 0.435417 0.569531 0.434375 0.569531 0.433333 0.56875 0.432292 0.56875 0.43125 0.567969 0.430208 0.567969 0.429167 0.567187 0.428125 0.567187 0.427083 0.566406 0.426042 0.566406 0.423958 0.564844 0.422917 0.564844 0.420833 0.563281 0.419792 0.563281 0.417708 0.561719 0.416667 0.561719 0.413542 0.559375 0.4125 0.559375 0.405208 0.553906 0.404167 0.553906 0.402083 0.552344 0.402083 0.551562 0.394792 0.546094 0.394792 0.545312 0.392708 0.54375 0.392708 0.542969 0.390625 0.541406 0.390625 0.540625 0.389583 0.539844 0.389583 0.539062 0.388542 0.538281 0.388542 0.5375 0.386458 0.535937 0.386458 0.534375 0.385417 0.533594 0.963568
0 0.603125 0.517188 0.602083 0.517188 0.601042 0.517969 0.601042 0.51875 0.6 0.519531 0.6 0.520312 0.597917 0.521875 0.597917 0.522656 0.596875 0.523438 0.596875 0.524219 0.589583 0.529687 0.589583 0.530469 0.586458 0.532812 0.585417 0.532812 0.578125 0.538281 0.577083 0.538281 0.573958 0.540625 0.572917 0.540625 0.571875 0.541406 0.570833 0.541406 0.56875 0.542969 0.567708 0.542969 0.565625 0.544531 0.564583 0.544531 0.563542 0.545312 0.5625 0.545312 0.561458 0.546094 0.560417 0.546094 0.558333 0.547656 0.557292 0.547656 0.55625 0.548437 0.554167 0.548437 0.553125 0.549219 0.552083 0.549219 0.551042 0.55 0.55 0.55 0.548958 0.550781 0.547917 0.550781 0.546875 0.551562 0.54375 0.551562 0.542708 0.552344 0.539583 0.552344 0.538542 0.553125 0.5375 0.553125 0.536458 0.553906 0.534375 0.553906 0.533333 0.554688 0.528125 0.554688 0.527083 0.555469 0.521875 0.555469 0.520833 0.55625 0.517708 0.55625 0.516667 0.557031 0.5125 0.557031 0.511458 0.557812 0.477083 0.557812 0.476042 0.557031 0.470833 0.557031 0.469792 0.55625 0.466667 0.55625 0.465625 0.555469 0.460417 0.555469 0.459375 0.554688 0.455208 0.554688 0.454167 0.553906 0.452083 0.553906 0.451042 0.553125 0.448958 0.553125 0.447917 0.552344 0.444792 0.552344 0.44375 0.551562 0.441667 0.551562 0.440625 0.550781 0.439583 0.550781 0.438542 0.55 0.436458 0.55 0.435417 0.549219 0.434375 0.549219 0.433333 0.548437 0.43125 0.548437 0.430208 0.547656 0.429167 0.547656 0.427083 0.546094 0.426042 0.546094 0.425 0.545312 0.422917 0.545312 0.420833 0.54375 0.419792 0.54375 0.41875 0.542969 0.417708 0.542969 0.415625 0.541406 0.414583 0.541406 0.411458 0.539062 0.410417 0.539062 0.407292 0.536719 0.40625 0.536719 0.389583 0.524219 0.389583 0.523438 0.388542 0.522656 0.3875 0.522656 0.385417 0.521094 0.385417 0.519531 0.384375 0.51875 0.384375 0.517969 0.384375 0.51875 0.383333 0.519531 0.383333 0.520312 0.384375 0.521094 0.384375 0.523438 0.386458 0.525 0.386458 0.525781 0.3875 0.526562 0.3875 0.527344 0.388542 0.528125 0.388542 0.528906 0.390625 0.530469 0.390625 0.53125 0.391667 0.532031 0.391667 0.532812 0.394792 0.535156 0.394792 0.535937 0.401042 0.540625 0.401042 0.541406 0.405208 0.544531 0.40625 0.544531 0.410417 0.547656 0.411458 0.547656 0.413542 0.549219 0.414583 0.549219 0.416667 0.550781 0.417708 0.550781 0.419792 0.552344 0.420833 0.552344 0.422917 0.553906 0.425 0.553906 0.427083 0.555469 0.428125 0.555469 0.429167 0.55625 0.430208 0.55625 0.43125 0.557031 0.432292 0.557031 0.433333 0.557812 0.435417 0.557812 0.4375 0.559375 0.438542 0.559375 0.439583 0.560156 0.442708 0.560156 0.44375 0.560937 0.445833 0.560937 0.446875 0.561719 0.448958 0.561719 0.45 0.5625 0.451042 0.5625 0.452083 0.563281 0.457292 0.563281 0.458333 0.564062 0.461458 0.564062 0.4625 0.564844 0.464583 0.564844 0.465625 0.565625 0.46875 0.565625 0.469792 0.566406 0.483333 0.566406 0.484375 0.567187 0.50625 0.567187 0.507292 0.566406 0.517708 0.566406 0.51875 0.565625 0.522917 0.565625 0.523958 0.564844 0.526042 0.564844 0.527083 0.564062 0.530208 0.564062 0.53125 0.563281 0.535417 0.563281 0.536458 0.5625 0.538542 0.5625 0.539583 0.561719 0.540625 0.561719 0.541667 0.560937 0.54375 0.560937 0.544792 0.560156 0.547917 0.560156 0.548958 0.559375 0.55 0.559375 0.551042 0.558594 0.552083 0.558594 0.553125 0.557812 0.554167 0.557812 0.555208 0.557031 0.557292 0.557031 0.558333 0.55625 0.560417 0.55625 0.5625 0.554688 0.563542 0.554688 0.564583 0.553906 0.565625 0.553906 0.566667 0.553125 0.567708 0.553125 0.569792 0.551562 0.570833 0.551562 0.572917 0.55 0.573958 0.55 0.577083 0.547656 0.578125 0.547656 0.583333 0.54375 0.584375 0.54375 0.590625 0.539062 0.590625 0.538281 0.59375 0.535937 0.59375 0.535156 0.596875 0.532812 0.596875 0.532031 0.597917 0.53125 0.597917 0.530469 0.598958 0.529687 0.598958 0.528906 0.6 0.528125 0.6 0.527344 0.601042 0.526562 0.601042 0.525781 0.602083 0.525 0.602083 0.523438 0.603125 0.522656 0.603125 0.520312 0.604167 0.519531 0.603125 0.51875 0.603125 0.517188 0.605208 0.514844 0.60625 0.514062 0.60625 0.510937 0.60625 0.5125 0.605208 0.513281 0.605208 0.514844 0.9582
0 0.60625 0.517969 0.60625 0.51875 0.605208 0.519531 0.605208 0.524219 0.604167 0.525 0.604167 0.525781 0.603125 0.526562 0.602083 0.526562 0.602083 0.528125 0.601042 0.528906 0.601042 0.530469 0.597917 0.532812 0.597917 0.533594 0.594792 0.535937 0.594792 0.536719 0.58125 0.546875 0.580208 0.546875 0.577083 0.549219 0.576042 0.549219 0.571875 0.552344 0.570833 0.552344 0.56875 0.553906 0.567708 0.553906 0.566667 0.554688 0.565625 0.554688 0.564583 0.555469 0.563542 0.555469 0.561458 0.557031 0.560417 0.557031 0.559375 0.557812 0.557292 0.557812 0.55625 0.558594 0.554167 0.558594 0.553125 0.559375 0.552083 0.559375 0.551042 0.560156 0.55 0.560156 0.548958 0.560937 0.546875 0.560937 0.545833 0.561719 0.542708 0.561719 0.541667 0.5625 0.540625 0.5625 0.539583 0.563281 0.538542 0.563281 0.5375 0.564062 0.534375 0.564062 0.533333 0.564844 0.529167 0.564844 0.528125 0.565625 0.525 0.565625 0.523958 0.566406 0.520833 0.566406 0.519792 0.567187 0.511458 0.567187 0.510417 0.567969 0.480208 0.567969 0.479167 0.567187 0.46875 0.567187 0.467708 0.566406 0.463542 0.566406 0.4625 0.565625 0.460417 0.565625 0.459375 0.564844 0.455208 0.564844 0.454167 0.564062 0.451042 0.564062 0.45 0.563281 0.447917 0.563281 0.446875 0.5625 0.445833 0.5625 0.444792 0.561719 0.442708 0.561719 0.441667 0.560937 0.438542 0.560937 0.4375 0.560156 0.436458 0.560156 0.435417 0.559375 0.434375 0.559375 0.433333 0.558594 0.432292 0.558594 0.43125 0.557812 0.430208 0.557812 0.429167 0.557031 0.428125 0.557031 0.427083 0.55625 0.426042 0.55625 0.425 0.555469 0.423958 0.555469 0.422917 0.554688 0.421875 0.554688 0.419792 0.553125 0.41875 0.553125 0.415625 0.550781 0.414583 0.550781 0.413542 0.55 0.4125 0.55 0.409375 0.547656 0.408333 0.547656 0.396875 0.539062 0.396875 0.538281 0.395833 0.538281 0.39375 0.536719 0.39375 0.535937 0.390625 0.533594 0.390625 0.532812 0.389583 0.532031 0.389583 0.53125 0.388542 0.530469 0.388542 0.529687 0.3875 0.529687 0.386458 0.528906 0.386458 0.528125 0.386458 0.532031 0.3875 0.532812 0.3875 0.534375 0.388542 0.535156 0.388542 0.535937 0.389583 0.536719 0.389583 0.5375 0.390625 0.538281 0.390625 0.539062 0.391667 0.539844 0.391667 0.540625 0.39375 0.542187 0.39375 0.542969 0.395833 0.544531 0.395833 0.545312 0.401042 0.549219 0.401042 0.55 0.407292 0.554688 0.408333 0.554688 0.414583 0.559375 0.415625 0.559375 0.417708 0.560937 0.41875 0.560937 0.421875 0.563281 0.422917 0.563281 0.423958 0.564062 0.425 0.564062 0.427083 0.565625 0.428125 0.565625 0.429167 0.566406 0.430208 0.566406 0.43125 0.567187 0.432292 0.567187 0.433333 0.567969 0.434375 0.567969 0.435417 0.56875 0.436458 0.56875 0.4375 0.569531 0.439583 0.569531 0.440625 0.570312 0.442708 0.570312 0.44375 0.571094 0.444792 0.571094 0.445833 0.571875 0.446875 0.571875 0.447917 0.572656 0.451042 0.572656 0.452083 0.573437 0.455208 0.573437 0.45625 0.574219 0.457292 0.574219 0.458333 0.575 0.461458 0.575 0.4625 0.575781 0.46875 0.575781 0.469792 0.576562 0.477083 0.576562 0.478125 0.577344 0.511458 0.577344 0.5125 0.576562 0.51875 0.576562 0.519792 0.575781 0.527083 0.575781 0.528125 0.575 0.530208 0.575 0.53125 0.574219 0.533333 0.574219 0.534375 0.573437 0.536458 0.573437 0.5375 0.572656 0.540625 0.572656 0.541667 0.571875 0.54375 0.571875 0.544792 0.571094 0.545833 0.571094 0.546875 0.570312 0.548958 0.570312 0.55 0.569531 0.552083 0.569531 0.553125 0.56875 0.554167 0.56875 0.555208 0.567969 0.55625 0.567969 0.557292 0.567187 0.558333 0.567187 0.559375 0.566406 0.560417 0.566406 0.561458 0.565625 0.5625 0.565625 0.564583 0.564062 0.565625 0.564062 0.566667 0.563281 0.567708 0.563281 0.569792 0.561719 0.570833 0.561719 0.572917 0.560156 0.573958 0.560156 0.576042 0.558594 0.577083 0.558594 0.582292 0.554688 0.583333 0.554688 0.5875 0.551562 0.5875 0.550781 0.592708 0.546875 0.592708 0.546094 0.594792 0.544531 0.594792 0.54375 0.596875 0.542187 0.596875 0.541406 0.598958 0.539844 0.598958 0.539062 0.601042 0.5375 0.601042 0.536719 0.602083 0.535937 0.602083 0.534375 0.603125 0.533594 0.603125 0.532031 0.604167 0.53125 0.604167 0.530469 0.605208 0.529687 0.605208 0.528125 0.60625 0.527344 0.954223
0 0.60625 0.488281 0.60625 0.489062 0.605208 0.489844 0.605208 0.492969 0.604167 0.49375 0.604167 0.494531 0.603125 0.495312 0.602083 0.495312 0.602083 0.496094 0.601042 0.496875 0.601042 0.497656 0.6 0.498437 0.6 0.499219 0.596875 0.501562 0.596875 0.502344 0.589583 0.507812 0.589583 0.508594 0.586458 0.510937 0.585417 0.510937 0.584375 0.511719 0.584375 0.5125 0.583333 0.513281 0.582292 0.513281 0.578125 0.516406 0.577083 0.516406 0.572917 0.519531 0.571875 0.519531 0.570833 0.520312 0.569792 0.520312 0.567708 0.521875 0.566667 0.521875 0.565625 0.522656 0.564583 0.522656 0.5625 0.524219 0.561458 0.524219 0.560417 0.525 0.559375 0.525 0.558333 0.525781 0.557292 0.525781 0.55625 0.526562 0.555208 0.526562 0.554167 0.527344 0.553125 0.527344 0.552083 0.528125 0.551042 0.528125 0.55 0.528906 0.547917 0.528906 0.546875 0.529687 0.54375 0.529687 0.542708 0.530469 0.541667 0.530469 0.540625 0.53125 0.538542 0.53125 0.5375 0.532031 0.534375 0.532031 0.533333 0.532812 0.530208 0.532812 0.529167 0.533594 0.527083 0.533594 0.526042 0.534375 0.522917 0.534375 0.521875 0.535156 0.514583 0.535156 0.513542 0.535937 0.501042 0.535937 0.5 0.536719 0.476042 0.536719 0.475 0.535937 0.467708 0.535937 0.466667 0.535156 0.460417 0.535156 0.459375 0.534375 0.45625 0.534375 0.455208 0.533594 0.453125 0.533594 0.452083 0.532812 0.447917 0.532812 0.446875 0.532031 0.442708 0.532031 0.441667 0.53125 0.440625 0.53125 0.439583 0.530469 0.4375 0.530469 0.436458 0.529687 0.434375 0.529687 0.433333 0.528906 0.430208 0.528906 0.429167 0.528125 0.428125 0.528125 0.426042 0.526562 0.425 0.526562 0.423958 0.525781 0.421875 0.525781 0.419792 0.524219 0.41875 0.524219 0.417708 0.523438 0.416667 0.523438 0.415625 0.522656 0.414583 0.522656 0.413542 0.521875 0.4125 0.521875 0.409375 0.519531 0.408333 0.519531 0.405208 0.517188 0.404167 0.517188 0.402083 0.515625 0.401042 0.515625 0.397917 0.513281 0.396875 0.513281 0.395833 0.5125 0.394792 0.5125 0.39375 0.511719 0.39375 0.510937 0.392708 0.510937 0.385417 0.505469 0.385417 0.504687 0.382292 0.502344 0.382292 0.501562 0.38125 0.500781 0.38125 0.5 0.380208 0.499219 0.380208 0.498437 0.378125 0.496875 0.378125 0.496094 0.377083 0.495312 0.377083 0.492969 0.377083 0.499219 0.378125 0.5 0.378125 0.500781 0.379167 0.501562 0.379167 0.502344 0.380208 0.503125 0.380208 0.505469 0.38125 0.50625 0.38125 0.507031 0.384375 0.509375 0.384375 0.510156 0.392708 0.516406 0.392708 0.517188 0.402083 0.524219 0.403125 0.524219 0.407292 0.527344 0.408333 0.527344 0.4125 0.530469 0.413542 0.530469 0.414583 0.53125 0.415625 0.53125 0.416667 0.532031 0.417708 0.532031 0.419792 0.533594 0.420833 0.533594 0.422917 0.535156 0.425 0.535156 0.427083 0.536719 0.428125 0.536719 0.429167 0.5375 0.430208 0.5375 0.43125 0.538281 0.434375 0.538281 0.435417 0.539062 0.436458 0.539062 0.4375 0.539844 0.438542 0.539844 0.439583 0.540625 0.441667 0.540625 0.442708 0.541406 0.444792 0.541406 0.445833 0.542187 0.447917 0.542187 0.448958 0.542969 0.451042 0.542969 0.452083 0.54375 0.455208 0.54375 0.45625 0.544531 0.464583 0.544531 0.465625 0.545312 0.470833 0.545312 0.471875 0.546094 0.479167 0.546094 0.480208 0.546875 0.502083 0.546875 0.503125 0.546094 0.509375 0.546094 0.510417 0.545312 0.514583 0.545312 0.515625 0.544531 0.521875 0.544531 0.522917 0.54375 0.528125 0.54375 0.529167 0.542969 0.53125 0.542969 0.532292 0.542187 0.534375 0.542187 0.535417 0.541406 0.539583 0.541406 0.540625 0.540625 0.54375 0.540625 0.544792 0.539844 0.545833 0.539844 0.546875 0.539062 0.547917 0.539062 0.548958 0.538281 0.551042 0.538281 0.552083 0.5375 0.554167 0.5375 0.555208 0.536719 0.55625 0.536719 0.557292 0.535937 0.558333 0.535937 0.560417 0.534375 0.561458 0.534375 0.5625 0.533594 0.563542 0.533594 0.564583 0.532812 0.565625 0.532812 0.566667 0.532031 0.567708 0.532031 0.569792 0.530469 0.570833 0.530469 0.573958 0.528125 0.575 0.528125 0.579167 0.525 0.580208 0.525 0.591667 0.516406 0.591667 0.515625 0.594792 0.513281 0.594792 0.5125 0.596875 0.510937 0.596875 0.510156 0.598958 0.508594 0.598958 0.507812 0.6 0.507031 0.6 0.50625 0.601042 0.505469 0.601042 0.504687 0.602083 0.503906 0.602083 0.503125 0.603125 0.502344 0.603125 0.501562 0.604167 0.500781 0.604167 0.498437 0.60625 0.496875 0.60625 0.496094 0.607292 0.495312 0.607292 0.489844 0.60625 0.489062 0.951979
0 0.372917 0.480469 0.372917 0.478906 0.372917 0.480469 0.375 0.482031 0.375 0.482812 0.376042 0.483594 0.376042 0.484375 0.382292 0.489062 0.383333 0.489062 0.384375 0.489844 0.385417 0.489844 0.3875 0.491406 0.3875 0.492187 0.388542 0.492187 0.392708 0.495312 0.39375 0.495312 0.398958 0.499219 0.4 0.499219 0.403125 0.501562 0.404167 0.501562 0.405208 0.502344 0.40625 0.502344 0.407292 0.503125 0.408333 0.503125 0.409375 0.503906 0.410417 0.503906 0.411458 0.504687 0.4125 0.504687 0.413542 0.505469 0.415625 0.505469 0.417708 0.507031 0.41875 0.507031 0.419792 0.507812 0.422917 0.507812 0.423958 0.508594 0.425 0.508594 0.426042 0.509375 0.427083 0.509375 0.428125 0.510156 0.430208 0.510156 0.43125 0.510937 0.435417 0.510937 0.436458 0.511719 0.438542 0.511719 0.439583 0.5125 0.441667 0.5125 0.442708 0.513281 0.445833 0.513281 0.446875 0.514062 0.452083 0.514062 0.453125 0.514844 0.458333 0.514844 0.459375 0.515625 0.465625 0.515625 0.466667 0.516406 0.497917 0.516406 0.498958 0.515625 0.505208 0.515625 0.50625 0.514844 0.511458 0.514844 0.5125 0.514062 0.51875 0.514062 0.519792 0.513281 0.522917 0.513281 0.523958 0.5125 0.526042 0.5125 0.527083 0.511719 0.530208 0.511719 0.53125 0.510937 0.533333 0.510937 0.534375 0.510156 0.536458 0.510156 0.5375 0.509375 0.538542 0.509375 0.539583 0.508594 0.541667 0.508594 0.542708 0.507812 0.544792 0.507812 0.545833 0.507031 0.546875 0.507031 0.547917 0.50625 0.548958 0.50625 0.55 0.505469 0.551042 0.505469 0.552083 0.504687 0.553125 0.504687 0.554167 0.503906 0.555208 0.503906 0.55625 0.503125 0.557292 0.503125 0.559375 0.501562 0.561458 0.501562 0.563542 0.5 0.564583 0.5 0.566667 0.498437 0.567708 0.498437 0.570833 0.496094 0.571875 0.496094 0.575 0.49375 0.576042 0.49375 0.582292 0.489062 0.583333 0.489062 0.584375 0.488281 0.584375 0.4875 0.5875 0.485156 0.588542 0.485156 0.588542 0.484375 0.590625 0.482812 0.590625 0.482031 0.59375 0.479687 0.59375 0.478906 0.595833 0.477344 0.595833 0.476562 0.596875 0.475781 0.596875 0.475 0.597917 0.474219 0.597917 0.473437 0.598958 0.472656 0.598958 0.471875 0.601042 0.470312 0.601042 0.469531 0.602083 0.46875 0.602083 0.467187 0.603125 0.466406 0.603125 0.464844 0.604167 0.464062 0.604167 0.461719 0.605208 0.460937 0.605208 0.459375 0.60625 0.458594 0.60625 0.441406 0.605208 0.441406 0.605208 0.44375 0.604167 0.444531 0.604167 0.453125 0.603125 0.453906 0.603125 0.454687 0.602083 0.455469 0.602083 0.457031 0.601042 0.457812 0.601042 0.460156 0.6 0.460937 0.6 0.4625 0.596875 0.464844 0.596875 0.466406 0.595833 0.467187 0.595833 0.467969 0.592708 0.470312 0.592708 0.471094 0.588542 0.474219 0.588542 0.475 0.582292 0.479687 0.582292 0.480469 0.573958 0.486719 0.572917 0.486719 0.569792 0.489062 0.56875 0.489062 0.566667 0.490625 0.565625 0.490625 0.564583 0.491406 0.563542 0.491406 0.561458 0.492969 0.560417 0.492969 0.559375 0.49375 0.558333 0.49375 0.557292 0.494531 0.55625 0.494531 0.555208 0.495312 0.554167 0.495312 0.553125 0.496094 0.552083 0.496094 0.551042 0.496875 0.55 0.496875 0.548958 0.497656 0.546875 0.497656 0.545833 0.498437 0.544792 0.498437 0.54375 0.499219 0.542708 0.499219 0.541667 0.5 0.539583 0.5 0.538542 0.500781 0.536458 0.500781 0.535417 0.501562 0.533333 0.501562 0.532292 0.502344 0.530208 0.502344 0.529167 0.503125 0.527083 0.503125 0.526042 0.503906 0.522917 0.503906 0.521875 0.504687 0.51875 0.504687 0.517708 0.505469 0.514583 0.505469 0.513542 0.50625 0.508333 0.50625 0.507292 0.507031 0.501042 0.507031 0.5 0.507812 0.492708 0.507812 0.491667 0.508594 0.459375 0.508594 0.458333 0.507812 0.451042 0.507812 0.45 0.507031 0.442708 0.507031 0.441667 0.50625 0.438542 0.50625 0.4375 0.505469 0.434375 0.505469 0.433333 0.504687 0.43125 0.504687 0.430208 0.503906 0.427083 0.503906 0.426042 0.503125 0.423958 0.503125 0.422917 0.502344 0.420833 0.502344 0.419792 0.501562 0.41875 0.501562 0.417708 0.500781 0.415625 0.500781 0.414583 0.5 0.4125 0.5 0.411458 0.499219 0.410417 0.499219 0.409375 0.498437 0.408333 0.498437 0.407292 0.497656 0.40625 0.497656 0.405208 0.496875 0.403125 0.496875 0.402083 0.496094 0.401042 0.496094 0.397917 0.49375 0.396875 0.49375 0.39375 0.491406 0.391667 0.491406 0.390625 0.490625 0.389583 0.490625 0.386458 0.488281 0.385417 0.488281 0.384375 0.4875 0.383333 0.4875 0.382292 0.486719 0.382292 0.485937 0.38125 0.485156 0.379167 0.485156 0.378125 0.484375 0.378125 0.483594 0.377083 0.482812 0.377083 0.482031 0.375 0.482031 0.924918
0 0.692708 0.00078125 0.692708 0.0015625 0.69375 0.00234375 0.695833 0.00234375 0.696875 0.003125 0.698958 0.003125 0.7 0.00390625 0.701042 0.00390625 0.702083 0.0046875 0.703125 0.0046875 0.704167 0.00546875 0.70625 0.00546875 0.707292 0.00625 0.739583 0.00625 0.740625 0.00546875 0.744792 0.00546875 0.745833 0.0046875 0.748958 0.0046875 0.75 0.00390625 0.753125 0.00390625 0.754167 0.003125 0.757292 0.003125 0.758333 0.00234375 0.761458 0.00234375 0.7625 0.0015625 0.763542 0.0015625 0.764583 0.00078125 0.765625 0.00078125 0.47768
