0 0.470833 0.198437 0.46875 0.2 0.464583 0.2 0.4625 0.201562 0.460417 0.201562 0.458333 0.203125 0.45625 0.203125 0.454167 0.204687 0.452083 0.204687 0.447917 0.207812 0.445833 0.207812 0.441667 0.210938 0.439583 0.210938 0.435417 0.214062 0.433333 0.214062 0.425 0.220312 0.425 0.221875 0.422917 0.223437 0.422917 0.225 0.416667 0.229687 0.416667 0.25625 0.41875 0.25625 0.420833 0.257812 0.420833 0.259375 0.422917 0.260937 0.422917 0.2625 0.425 0.264062 0.425 0.265625 0.433333 0.271875 0.433333 0.273438 0.435417 0.273438 0.441667 0.278125 0.44375 0.278125 0.445833 0.279687 0.447917 0.279687 0.452083 0.282812 0.454167 0.282812 0.458333 0.285937 0.4625 0.285937 0.464583 0.2875 0.46875 0.2875 0.470833 0.289062 0.475 0.289062 0.477083 0.290625 0.48125 0.290625 0.483333 0.292187 0.49375 0.292187 0.495833 0.29375 0.54375 0.29375 0.545833 0.292187 0.554167 0.292187 0.55625 0.290625 0.560417 0.290625 0.5625 0.289062 0.564583 0.289062 0.566667 0.2875 0.56875 0.2875 0.570833 0.285937 0.575 0.285937 0.577083 0.284375 0.579167 0.284375 0.583333 0.28125 0.5875 0.28125 0.595833 0.275 0.597917 0.275 0.6 0.273438 0.6 0.271875 0.610417 0.264062 0.610417 0.2625 0.6125 0.260937 0.6125 0.235937 0.610417 0.234375 0.610417 0.232812 0.608333 0.23125 0.608333 0.228125 0.602083 0.223437 0.602083 0.221875 0.59375 0.215625 0.591667 0.215625 0.585417 0.210938 0.583333 0.210938 0.58125 0.209375 0.579167 0.209375 0.575 0.20625 0.572917 0.20625 0.570833 0.204687 0.566667 0.204687 0.564583 0.203125 0.560417 0.203125 0.558333 0.201562 0.55625 0.201562 0.554167 0.2 0.547917 0.2 0.545833 0.198437 0.979565
0 0.604167 0.314062 0.602083 0.315625 0.602083 0.321875 0.6 0.323437 0.6 0.329687 0.597917 0.33125 0.597917 0.332812 0.59375 0.335938 0.59375 0.3375 0.591667 0.339062 0.591667 0.340625 0.589583 0.342187 0.5875 0.342187 0.577083 0.35 0.575 0.35 0.572917 0.351562 0.570833 0.351562 0.56875 0.353125 0.566667 0.353125 0.5625 0.35625 0.558333 0.35625 0.55625 0.357812 0.547917 0.357812 0.545833 0.359375 0.541667 0.359375 0.539583 0.360937 0.533333 0.360937 0.53125 0.3625 0.49375 0.3625 0.491667 0.360937 0.4875 0.360937 0.485417 0.359375 0.48125 0.359375 0.479167 0.357812 0.466667 0.357812 0.464583 0.35625 0.460417 0.35625 0.45625 0.353125 0.454167 0.353125 0.452083 0.351562 0.447917 0.351562 0.445833 0.35 0.44375 0.35 0.4375 0.345312 0.433333 0.345312 0.429167 0.342187 0.429167 0.340625 0.427083 0.340625 0.420833 0.335938 0.420833 0.334375 0.41875 0.334375 0.41875 0.340625 0.420833 0.340625 0.425 0.34375 0.425 0.345312 0.429167 0.348437 0.43125 0.348437 0.433333 0.35 0.433333 0.351562 0.435417 0.353125 0.4375 0.353125 0.439583 0.354687 0.441667 0.354687 0.447917 0.359375 0.45 0.359375 0.452083 0.360937 0.45625 0.360937 0.458333 0.3625 0.460417 0.3625 0.4625 0.364062 0.464583 0.364062 0.466667 0.365625 0.472917 0.365625 0.475 0.367188 0.479167 0.367188 0.48125 0.36875 0.485417 0.36875 0.4875 0.370312 0.49375 0.370312 0.495833 0.371875 0.535417 0.371875 0.5375 0.370312 0.54375 0.370312 0.545833 0.36875 0.55 0.36875 0.552083 0.367188 0.55625 0.367188 0.558333 0.365625 0.564583 0.365625 0.56875 0.3625 0.570833 0.3625 0.572917 0.360937 0.575 0.360937 0.577083 0.359375 0.579167 0.359375 0.585417 0.354687 0.5875 0.354687 0.6 0.345312 0.6 0.34375 0.604167 0.340625 0.604167 0.335938 0.60625 0.334375 0.60625 0.326562 0.608333 0.325 0.608333 0.31875 0.60625 0.317187 0.60625 0.315625 0.949901
0 0.427083 0.284375 0.427083 0.289062 0.435417 0.295312 0.435417 0.296875 0.4375 0.296875 0.447917 0.304688 0.45 0.304688 0.452083 0.30625 0.45625 0.30625 0.458333 0.307812 0.460417 0.307812 0.4625 0.309375 0.466667 0.309375 0.46875 0.310937 0.472917 0.310937 0.475 0.3125 0.477083 0.3125 0.479167 0.314062 0.48125 0.314062 0.483333 0.315625 0.495833 0.315625 0.497917 0.317187 0.535417 0.317187 0.5375 0.315625 0.552083 0.315625 0.554167 0.314062 0.55625 0.314062 0.558333 0.3125 0.560417 0.3125 0.5625 0.310937 0.566667 0.310937 0.56875 0.309375 0.572917 0.309375 0.575 0.307812 0.577083 0.307812 0.58125 0.304688 0.583333 0.304688 0.5875 0.301562 0.589583 0.301562 0.595833 0.296875 0.595833 0.295312 0.604167 0.289062 0.604167 0.285937 0.60625 0.284375 0.60625 0.28125 0.604167 0.279687 0.602083 0.28125 0.602083 0.282812 0.6 0.284375 0.6 0.285937 0.597917 0.2875 0.595833 0.2875 0.5875 0.29375 0.585417 0.29375 0.583333 0.295312 0.58125 0.295312 0.577083 0.298437 0.575 0.298437 0.572917 0.3 0.570833 0.3 0.56875 0.301562 0.564583 0.301562 0.5625 0.303125 0.55625 0.303125 0.554167 0.304688 0.552083 0.304688 0.55 0.30625 0.54375 0.30625 0.541667 0.307812 0.49375 0.307812 0.491667 0.30625 0.483333 0.30625 0.48125 0.304688 0.479167 0.304688 0.477083 0.303125 0.470833 0.303125 0.46875 0.301562 0.464583 0.301562 0.4625 0.3 0.458333 0.3 0.45625 0.298437 0.454167 0.298437 0.45 0.295312 0.447917 0.295312 0.445833 0.29375 0.441667 0.29375 0.435417 0.289062 0.43125 0.289062 0.429167 0.2875 0.429167 0.285937 0.427083 0.284375 0.420833 0.279687 0.420833 0.273438 0.420833 0.279687 0.941133
0 0.59375 0.314062 0.59375 0.314062 0.585417 0.320312 0.577083 0.320312 0.575 0.321875 0.570833 0.321875 0.566667 0.325 0.564583 0.325 0.5625 0.326562 0.552083 0.326562 0.55 0.328125 0.491667 0.328125 0.489583 0.326562 0.479167 0.326562 0.477083 0.325 0.475 0.325 0.472917 0.323437 0.470833 0.323437 0.46875 0.321875 0.464583 0.321875 0.4625 0.320312 0.45625 0.320312 0.45 0.315625 0.447917 0.315625 0.445833 0.314062 0.441667 0.314062 0.433333 0.307812 0.43125 0.307812 0.429167 0.30625 0.429167 0.301562 0.427083 0.301562 0.425 0.3 0.422917 0.3 0.422917 0.303125 0.425 0.304688 0.425 0.30625 0.429167 0.309375 0.43125 0.309375 0.433333 0.310937 0.433333 0.3125 0.435417 0.314062 0.435417 0.315625 0.4375 0.315625 0.445833 0.321875 0.447917 0.321875 0.45 0.323437 0.452083 0.323437 0.458333 0.328125 0.460417 0.328125 0.4625 0.329687 0.470833 0.329687 0.472917 0.33125 0.477083 0.33125 0.479167 0.332812 0.48125 0.332812 0.483333 0.334375 0.4875 0.334375 0.489583 0.335938 0.504167 0.335938 0.50625 0.3375 0.525 0.3375 0.527083 0.335938 0.54375 0.335938 0.545833 0.334375 0.55 0.334375 0.554167 0.33125 0.558333 0.33125 0.560417 0.329687 0.56875 0.329687 0.570833 0.328125 0.572917 0.328125 0.58125 0.321875 0.585417 0.321875 0.585417 0.320312 0.920924
0 0.41875 0.257812 0.416667 0.259375 0.416667 0.267187 0.41875 0.26875 0.41875 0.270312 0.422917 0.273438 0.422917 0.276562 0.43125 0.282812 0.43125 0.284375 0.433333 0.285937 0.435417 0.285937 0.441667 0.290625 0.445833 0.290625 0.45 0.29375 0.452083 0.29375 0.454167 0.295312 0.45625 0.295312 0.458333 0.296875 0.460417 0.296875 0.4625 0.298437 0.466667 0.298437 0.46875 0.3 0.470833 0.3 0.472917 0.301562 0.48125 0.301562 0.483333 0.303125 0.491667 0.303125 0.49375 0.304688 0.502083 0.304688 0.504167 0.30625 0.529167 0.30625 0.53125 0.304688 0.54375 0.304688 0.545833 0.303125 0.55 0.303125 0.552083 0.301562 0.560417 0.301562 0.5625 0.3 0.564583 0.3 0.566667 0.298437 0.570833 0.298437 0.572917 0.296875 0.575 0.296875 0.58125 0.292187 0.583333 0.292187 0.585417 0.290625 0.5875 0.290625 0.597917 0.282812 0.597917 0.279687 0.602083 0.276562 0.602083 0.275 0.604167 0.273438 0.604167 0.271875 0.604167 0.273438 0.597917 0.278125 0.595833 0.278125 0.589583 0.282812 0.585417 0.282812 0.579167 0.2875 0.575 0.2875 0.572917 0.289062 0.566667 0.289062 0.5625 0.292187 0.560417 0.292187 0.558333 0.29375 0.554167 0.29375 0.552083 0.295312 0.489583 0.295312 0.4875 0.29375 0.479167 0.29375 0.477083 0.292187 0.475 0.292187 0.472917 0.290625 0.470833 0.290625 0.46875 0.289062 0.4625 0.289062 0.460417 0.2875 0.45625 0.2875 0.45 0.282812 0.447917 0.282812 0.445833 0.28125 0.44375 0.28125 0.4375 0.276562 0.435417 0.276562 0.429167 0.271875 0.429167 0.270312 0.427083 0.270312 0.420833 0.265625 0.420833 0.260937 0.41875 0.259375 0.920077
0 0.420833 0.3 0.420833 0.310937 0.425 0.314062 0.425 0.315625 0.427083 0.317187 0.427083 0.31875 0.435417 0.325 0.435417 0.326562 0.4375 0.328125 0.439583 0.328125 0.447917 0.334375 0.45 0.334375 0.452083 0.335938 0.45625 0.335938 0.460417 0.339062 0.4625 0.339062 0.464583 0.340625 0.472917 0.340625 0.475 0.342187 0.479167 0.342187 0.485417 0.346875 0.54375 0.346875 0.547917 0.34375 0.55 0.34375 0.552083 0.342187 0.558333 0.342187 0.560417 0.340625 0.566667 0.340625 0.570833 0.3375 0.572917 0.3375 0.575 0.335938 0.577083 0.335938 0.585417 0.329687 0.5875 0.329687 0.589583 0.328125 0.589583 0.326562 0.595833 0.321875 0.595833 0.315625 0.59375 0.317187 0.59375 0.31875 0.591667 0.320312 0.589583 0.320312 0.58125 0.326562 0.579167 0.326562 0.572917 0.33125 0.566667 0.33125 0.564583 0.332812 0.55625 0.332812 0.554167 0.334375 0.552083 0.334375 0.547917 0.3375 0.541667 0.3375 0.539583 0.339062 0.5 0.339062 0.497917 0.3375 0.485417 0.3375 0.48125 0.334375 0.479167 0.334375 0.477083 0.332812 0.46875 0.332812 0.466667 0.33125 0.460417 0.33125 0.454167 0.326562 0.45 0.326562 0.441667 0.320312 0.439583 0.320312 0.43125 0.314062 0.43125 0.3125 0.429167 0.310937 0.429167 0.309375 0.422917 0.304688 0.422917 0.301562 0.888487
0 0.410417 0.289062 0.410417 0.290625 0.408333 0.292187 0.408333 0.31875 0.410417 0.320312 0.410417 0.321875 0.4125 0.323437 0.4125 0.326562 0.422917 0.334375 0.422917 0.335938 0.425 0.335938 0.433333 0.342187 0.435417 0.342187 0.441667 0.346875 0.44375 0.346875 0.445833 0.348437 0.45 0.348437 0.454167 0.351562 0.45625 0.351562 0.458333 0.353125 0.4625 0.353125 0.464583 0.354687 0.472917 0.354687 0.475 0.35625 0.48125 0.35625 0.483333 0.357812 0.4875 0.357812 0.489583 0.359375 0.502083 0.359375 0.504167 0.360937 0.522917 0.360937 0.525 0.359375 0.5375 0.359375 0.539583 0.357812 0.54375 0.357812 0.545833 0.35625 0.55 0.35625 0.552083 0.354687 0.558333 0.354687 0.560417 0.353125 0.564583 0.353125 0.570833 0.348437 0.572917 0.348437 0.575 0.346875 0.579167 0.346875 0.579167 0.345312 0.585417 0.340625 0.5875 0.340625 0.5875 0.339062 0.589583 0.3375 0.589583 0.335938 0.59375 0.332812 0.59375 0.33125 0.595833 0.329687 0.595833 0.326562 0.59375 0.326562 0.59375 0.328125 0.589583 0.33125 0.585417 0.33125 0.583333 0.332812 0.583333 0.334375 0.58125 0.335938 0.579167 0.335938 0.577083 0.3375 0.575 0.3375 0.572917 0.339062 0.570833 0.339062 0.566667 0.342187 0.564583 0.342187 0.5625 0.34375 0.558333 0.34375 0.55625 0.345312 0.55 0.345312 0.547917 0.346875 0.54375 0.346875 0.541667 0.348437 0.533333 0.348437 0.53125 0.35 0.504167 0.35 0.502083 0.348437 0.489583 0.348437 0.4875 0.346875 0.483333 0.346875 0.48125 0.345312 0.477083 0.345312 0.475 0.34375 0.46875 0.34375 0.466667 0.342187 0.4625 0.342187 0.458333 0.339062 0.45625 0.339062 0.454167 0.3375 0.452083 0.3375 0.45 0.335938 0.447917 0.335938 0.439583 0.329687 0.4375 0.329687 0.427083 0.321875 0.427083 0.320312 0.425 0.31875 0.425 0.317187 0.422917 0.315625 0.422917 0.3125 0.420833 0.310937 0.420833 0.309375 0.41875 0.307812 0.41875 0.303125 0.416667 0.301562 0.416667 0.296875 0.414583 0.295312 0.414583 0.290625 0.4125 0.289062 0.806771
0 0.427083 0.29375 0.425 0.295312 0.425 0.296875 0.43125 0.301562 0.43125 0.303125 0.435417 0.30625 0.435417 0.307812 0.4375 0.309375 0.439583 0.309375 0.44375 0.3125 0.447917 0.3125 0.452083 0.315625 0.454167 0.315625 0.45625 0.317187 0.458333 0.317187 0.460417 0.31875 0.466667 0.31875 0.46875 0.320312 0.470833 0.320312 0.472917 0.321875 0.477083 0.321875 0.479167 0.323437 0.485417 0.323437 0.4875 0.325 0.49375 0.325 0.497917 0.328125 0.495833 0.329687 0.49375 0.329687 0.54375 0.329687 0.539583 0.329687 0.5375 0.328125 0.539583 0.326562 0.54375 0.326562 0.545833 0.325 0.55625 0.325 0.558333 0.323437 0.564583 0.323437 0.56875 0.320312 0.570833 0.320312 0.572917 0.31875 0.575 0.31875 0.577083 0.317187 0.579167 0.317187 0.58125 0.315625 0.583333 0.315625 0.589583 0.310937 0.591667 0.310937 0.59375 0.309375 0.59375 0.307812 0.602083 0.301562 0.602083 0.298437 0.604167 0.296875 0.604167 0.295312 0.602083 0.29375 0.602083 0.295312 0.6 0.296875 0.6 0.298437 0.595833 0.301562 0.59375 0.301562 0.59375 0.303125 0.591667 0.304688 0.589583 0.304688 0.5875 0.30625 0.585417 0.30625 0.583333 0.307812 0.58125 0.307812 0.579167 0.309375 0.577083 0.309375 0.572917 0.3125 0.56875 0.3125 0.566667 0.314062 0.560417 0.314062 0.558333 0.315625 0.55625 0.315625 0.554167 0.317187 0.55 0.317187 0.547917 0.31875 0.53125 0.31875 0.529167 0.320312 0.5 0.320312 0.497917 0.31875 0.4875 0.31875 0.485417 0.317187 0.479167 0.317187 0.477083 0.315625 0.475 0.315625 0.472917 0.314062 0.466667 0.314062 0.464583 0.3125 0.4625 0.3125 0.460417 0.310937 0.458333 0.310937 0.45625 0.309375 0.454167 0.309375 0.452083 0.307812 0.447917 0.307812 0.439583 0.301562 0.4375 0.301562 0.435417 0.3 0.433333 0.3 0.43125 0.298437 0.43125 0.296875 0.429167 0.295312 0.429167 0.29375 0.427083 0.29375 0.420833 0.284375 0.420833 0.284375 0.796033
0 0.604167 0.290625 0.602083 0.292187 0.602083 0.29375 0.5875 0.304688 0.585417 0.304688 0.58125 0.307812 0.579167 0.307812 0.577083 0.309375 0.575 0.309375 0.572917 0.310937 0.56875 0.310937 0.566667 0.3125 0.564583 0.3125 0.5625 0.314062 0.558333 0.314062 0.55625 0.315625 0.554167 0.315625 0.552083 0.317187 0.539583 0.317187 0.5375 0.31875 0.497917 0.31875 0.495833 0.317187 0.483333 0.317187 0.48125 0.315625 0.479167 0.315625 0.477083 0.314062 0.472917 0.314062 0.470833 0.3125 0.466667 0.3125 0.464583 0.310937 0.4625 0.310937 0.460417 0.309375 0.458333 0.309375 0.45625 0.307812 0.452083 0.307812 0.45 0.30625 0.447917 0.30625 0.439583 0.3 0.4375 0.3 0.429167 0.29375 0.427083 0.29375 0.427083 0.296875 0.429167 0.298437 0.43125 0.298437 0.433333 0.3 0.433333 0.303125 0.441667 0.309375 0.44375 0.309375 0.445833 0.310937 0.45 0.310937 0.45625 0.315625 0.458333 0.315625 0.460417 0.317187 0.466667 0.317187 0.46875 0.31875 0.470833 0.31875 0.472917 0.320312 0.475 0.320312 0.477083 0.321875 0.48125 0.321875 0.483333 0.323437 0.491667 0.323437 0.49375 0.325 0.545833 0.325 0.547917 0.323437 0.55625 0.323437 0.558333 0.321875 0.564583 0.321875 0.56875 0.31875 0.570833 0.31875 0.572917 0.317187 0.575 0.317187 0.577083 0.315625 0.58125 0.315625 0.5875 0.310937 0.589583 0.310937 0.6 0.303125 0.6 0.301562 0.602083 0.3 0.602083 0.298437 0.604167 0.296875 0.604167 0.290625 0.610417 0.282812 0.610417 0.282812 0.266142
0 0.410417 0.289062 0.410417 0.290625 0.408333 0.292187 0.408333 0.31875 0.410417 0.320312 0.410417 0.321875 0.4125 0.323437 0.4125 0.326562 0.422917 0.334375 0.422917 0.335938 0.425 0.335938 0.433333 0.342187 0.435417 0.342187 0.441667 0.346875 0.44375 0.346875 0.445833 0.348437 0.45 0.348437 0.454167 0.351562 0.45625 0.351562 0.458333 0.353125 0.4625 0.353125 0.464583 0.354687 0.475 0.354687 0.477083 0.35625 0.48125 0.35625 0.483333 0.357812 0.4875 0.357812 0.489583 0.359375 0.502083 0.359375 0.504167 0.360937 0.522917 0.360937 0.525 0.359375 0.5375 0.359375 0.539583 0.357812 0.54375 0.357812 0.545833 0.35625 0.547917 0.35625 0.55 0.354687 0.55625 0.354687 0.558333 0.353125 0.564583 0.353125 0.570833 0.348437 0.572917 0.348437 0.575 0.346875 0.577083 0.346875 0.585417 0.340625 0.5875 0.340625 0.5875 0.339062 0.589583 0.3375 0.589583 0.335938 0.59375 0.332812 0.59375 0.33125 0.595833 0.329687 0.595833 0.326562 0.59375 0.326562 0.59375 0.328125 0.589583 0.33125 0.5875 0.33125 0.579167 0.3375 0.577083 0.3375 0.575 0.339062 0.572917 0.339062 0.570833 0.340625 0.56875 0.340625 0.564583 0.34375 0.558333 0.34375 0.55625 0.345312 0.55 0.345312 0.547917 0.346875 0.545833 0.346875 0.54375 0.348437 0.5375 0.348437 0.535417 0.35 0.502083 0.35 0.5 0.348437 0.489583 0.348437 0.4875 0.346875 0.483333 0.346875 0.48125 0.345312 0.477083 0.345312 0.475 0.34375 0.46875 0.34375 0.466667 0.342187 0.4625 0.342187 0.458333 0.339062 0.45625 0.339062 0.454167 0.3375 0.45 0.3375 0.441667 0.33125 0.439583 0.33125 0.427083 0.321875 0.427083 0.320312 0.422917 0.317187 0.422917 0.3125 0.420833 0.310937 0.420833 0.309375 0.41875 0.307812 0.41875 0.303125 0.416667 0.301562 0.416667 0.295312 0.414583 0.29375 0.414583 0.289062 0.0655108
