0 0.389063 0.56875 0.384375 0.573438 0.382812 0.573438 0.376563 0.579688 0.375 0.579688 0.371875 0.582813 0.370313 0.582813 0.367188 0.585938 0.365625 0.585938 0.364063 0.5875 0.360938 0.5875 0.359375 0.589063 0.35625 0.589063 0.354688 0.590625 0.351562 0.590625 0.35 0.592188 0.348438 0.592188 0.346875 0.59375 0.342188 0.59375 0.340625 0.595313 0.334375 0.595313 0.332813 0.596875 0.328125 0.596875 0.326563 0.598437 0.320312 0.598437 0.31875 0.6 0.3125 0.6 0.310937 0.601562 0.3 0.601562 0.298438 0.603125 0.25 0.603125 0.248438 0.601562 0.2375 0.601562 0.235938 0.6 0.226562 0.6 0.225 0.598437 0.220313 0.598437 0.21875 0.596875 0.215625 0.596875 0.214063 0.595313 0.2125 0.595313 0.210938 0.59375 0.207813 0.59375 0.20625 0.592188 0.204688 0.592188 0.19375 0.58125 0.19375 0.595313 0.2 0.601562 0.201563 0.601562 0.204688 0.604688 0.20625 0.604688 0.207813 0.60625 0.210938 0.60625 0.214063 0.609375 0.217188 0.609375 0.21875 0.610938 0.221875 0.610938 0.223438 0.6125 0.226562 0.6125 0.228125 0.614062 0.229688 0.614062 0.23125 0.615625 0.23125 0.617188 0.29375 0.617188 0.295313 0.615625 0.303125 0.615625 0.304688 0.614062 0.314063 0.614062 0.315625 0.6125 0.323438 0.6125 0.325 0.610938 0.332813 0.610938 0.334375 0.609375 0.339063 0.609375 0.340625 0.607813 0.345313 0.607813 0.346875 0.60625 0.35 0.60625 0.351562 0.604688 0.354688 0.604688 0.35625 0.603125 0.360938 0.603125 0.3625 0.601562 0.364063 0.601562 0.367188 0.598437 0.36875 0.598437 0.370313 0.596875 0.373438 0.596875 0.378125 0.592188 0.379688 0.592188 0.3875 0.584375 0.3875 0.582813 0.390625 0.579688 0.390625 0.56875 0.92914
0 0.176563 0.510938 0.176563 0.525 0.179688 0.528125 0.179688 0.529688 0.18125 0.53125 0.18125 0.532813 0.182813 0.534375 0.184375 0.534375 0.185938 0.535938 0.185938 0.5375 0.189063 0.540625 0.190625 0.540625 0.192188 0.542188 0.19375 0.542188 0.195312 0.54375 0.196875 0.54375 0.198438 0.545313 0.201563 0.545313 0.203125 0.546875 0.20625 0.546875 0.207813 0.548438 0.2125 0.548438 0.214063 0.55 0.217188 0.55 0.21875 0.551563 0.225 0.551563 0.226562 0.553125 0.232813 0.553125 0.234375 0.554688 0.26875 0.554688 0.270313 0.55625 0.276563 0.55625 0.278125 0.557813 0.325 0.557813 0.323438 0.55625 0.321875 0.55625 0.320312 0.554688 0.31875 0.554688 0.317188 0.553125 0.317188 0.551563 0.31875 0.55 0.323438 0.55 0.325 0.548438 0.328125 0.548438 0.33125 0.551563 0.33125 0.553125 0.34375 0.553125 0.345313 0.551563 0.346875 0.551563 0.346875 0.55 0.34375 0.546875 0.34375 0.545313 0.345313 0.54375 0.346875 0.54375 0.348438 0.545313 0.348438 0.546875 0.35 0.548438 0.351562 0.548438 0.353125 0.546875 0.357813 0.546875 0.359375 0.545313 0.359375 0.54375 0.364063 0.539063 0.371875 0.539063 0.371875 0.535938 0.373438 0.534375 0.375 0.534375 0.376563 0.532813 0.376563 0.510938 0.375 0.510938 0.375 0.514063 0.364063 0.525 0.3625 0.525 0.360938 0.526563 0.359375 0.526563 0.354688 0.53125 0.353125 0.53125 0.351562 0.532813 0.346875 0.532813 0.345313 0.534375 0.342188 0.534375 0.340625 0.535938 0.339063 0.535938 0.3375 0.5375 0.329688 0.5375 0.328125 0.539063 0.3125 0.539063 0.310937 0.540625 0.279688 0.540625 0.278125 0.542188 0.251563 0.542188 0.25 0.540625 0.228125 0.540625 0.226562 0.539063 0.214063 0.539063 0.2125 0.5375 0.209375 0.5375 0.207813 0.535938 0.204688 0.535938 0.203125 0.534375 0.201563 0.534375 0.2 0.532813 0.198438 0.532813 0.196875 0.53125 0.195312 0.53125 0.19375 0.529688 0.192188 0.529688 0.182813 0.520313 0.18125 0.520313 0.179688 0.51875 0.179688 0.517188 0.178125 0.515625 0.178125 0.514063 0.176563 0.5125 0.925381
0 0.38125 0.559375 0.376563 0.564063 0.376563 0.565625 0.375 0.567188 0.373438 0.567188 0.371875 0.56875 0.370313 0.56875 0.36875 0.570313 0.367188 0.570313 0.365625 0.571875 0.364063 0.571875 0.3625 0.573438 0.360938 0.573438 0.359375 0.575 0.357813 0.575 0.35625 0.576563 0.353125 0.576563 0.351562 0.578125 0.35 0.578125 0.348438 0.579688 0.345313 0.579688 0.34375 0.58125 0.340625 0.58125 0.339063 0.582813 0.326563 0.582813 0.325 0.584375 0.321875 0.584375 0.320312 0.585938 0.314063 0.585938 0.3125 0.5875 0.3 0.5875 0.298438 0.589063 0.276563 0.589063 0.275 0.590625 0.260938 0.590625 0.259375 0.589063 0.246875 0.589063 0.245313 0.5875 0.23125 0.5875 0.229688 0.585938 0.225 0.585938 0.223438 0.584375 0.221875 0.584375 0.21875 0.58125 0.217188 0.58125 0.215625 0.579688 0.20625 0.579688 0.203125 0.576563 0.203125 0.573438 0.201563 0.571875 0.2 0.571875 0.198438 0.570313 0.195312 0.570313 0.192188 0.567188 0.192188 0.578125 0.195312 0.58125 0.195312 0.582813 0.198438 0.585938 0.2 0.585938 0.203125 0.589063 0.204688 0.589063 0.20625 0.590625 0.209375 0.590625 0.210938 0.592188 0.2125 0.592188 0.214063 0.59375 0.217188 0.59375 0.21875 0.595313 0.220313 0.595313 0.221875 0.596875 0.226562 0.596875 0.228125 0.598437 0.240625 0.598437 0.242188 0.6 0.251563 0.6 0.254688 0.603125 0.253125 0.604688 0.248438 0.604688 0.30625 0.604688 0.296875 0.604688 0.295313 0.603125 0.296875 0.601562 0.298438 0.601562 0.3 0.6 0.310937 0.6 0.3125 0.598437 0.321875 0.598437 0.323438 0.596875 0.328125 0.596875 0.329688 0.595313 0.334375 0.595313 0.335938 0.59375 0.340625 0.59375 0.342188 0.592188 0.346875 0.592188 0.348438 0.590625 0.351562 0.590625 0.353125 0.589063 0.35625 0.589063 0.357813 0.5875 0.360938 0.5875 0.3625 0.585938 0.365625 0.585938 0.367188 0.584375 0.36875 0.584375 0.370313 0.582813 0.371875 0.582813 0.373438 0.58125 0.375 0.58125 0.376563 0.579688 0.378125 0.579688 0.382812 0.575 0.384375 0.575 0.3875 0.571875 0.3875 0.570313 0.390625 0.567188 0.390625 0.559375 0.920896
0 0.671875 0.567188 0.671875 0.585938 0.678125 0.592188 0.679688 0.592188 0.684375 0.596875 0.685938 0.596875 0.6875 0.598437 0.689063 0.598437 0.690625 0.6 0.692188 0.6 0.69375 0.601562 0.695312 0.601562 0.696875 0.603125 0.698438 0.603125 0.7 0.604688 0.703125 0.604688 0.704688 0.60625 0.70625 0.60625 0.707813 0.607813 0.709375 0.607813 0.710938 0.609375 0.714063 0.609375 0.715625 0.610938 0.71875 0.610938 0.720313 0.6125 0.725 0.6125 0.726562 0.614062 0.729688 0.614062 0.73125 0.615625 0.735938 0.615625 0.7375 0.617188 0.745313 0.617188 0.746875 0.61875 0.759375 0.61875 0.760938 0.620313 0.825 0.620313 0.826563 0.61875 0.832813 0.61875 0.834375 0.617188 0.840625 0.617188 0.842188 0.615625 0.84375 0.615625 0.845313 0.614062 0.848438 0.614062 0.85 0.6125 0.851562 0.6125 0.853125 0.610938 0.854688 0.610938 0.85625 0.609375 0.857813 0.609375 0.8625 0.604688 0.864063 0.604688 0.870313 0.598437 0.870313 0.596875 0.871875 0.595313 0.871875 0.582813 0.870313 0.582813 0.865625 0.5875 0.864063 0.5875 0.8625 0.589063 0.860938 0.589063 0.859375 0.590625 0.857813 0.590625 0.85625 0.592188 0.854688 0.592188 0.853125 0.59375 0.848438 0.59375 0.846875 0.595313 0.840625 0.595313 0.839063 0.596875 0.83125 0.596875 0.829688 0.598437 0.828125 0.598437 0.826563 0.6 0.81875 0.6 0.817188 0.601562 0.803125 0.601562 0.801563 0.603125 0.8 0.603125 0.796875 0.60625 0.789062 0.60625 0.7875 0.607813 0.760938 0.607813 0.759375 0.60625 0.753125 0.60625 0.751563 0.604688 0.745313 0.604688 0.74375 0.603125 0.7375 0.603125 0.735938 0.601562 0.732813 0.601562 0.73125 0.6 0.728125 0.6 0.726562 0.598437 0.721875 0.598437 0.720313 0.596875 0.717188 0.596875 0.715625 0.595313 0.714063 0.595313 0.7125 0.59375 0.707813 0.59375 0.70625 0.592188 0.704688 0.592188 0.703125 0.590625 0.701563 0.590625 0.698438 0.5875 0.696875 0.5875 0.695312 0.585938 0.689063 0.585938 0.682813 0.579688 0.68125 0.579688 0.678125 0.576563 0.678125 0.575 0.673438 0.570313 0.673438 0.567188 0.918191
0 0.682813 0.529688 0.682813 0.539063 0.684375 0.540625 0.684375 0.542188 0.689063 0.546875 0.690625 0.546875 0.695312 0.551563 0.696875 0.551563 0.698438 0.553125 0.701563 0.553125 0.703125 0.554688 0.704688 0.554688 0.707813 0.557813 0.710938 0.557813 0.7125 0.559375 0.715625 0.559375 0.717188 0.560938 0.721875 0.560938 0.723438 0.5625 0.725 0.5625 0.726562 0.564063 0.729688 0.564063 0.73125 0.565625 0.739063 0.565625 0.740625 0.567188 0.742188 0.567188 0.74375 0.56875 0.745313 0.56875 0.746875 0.570313 0.746875 0.571875 0.745313 0.573438 0.74375 0.573438 0.742188 0.575 0.740625 0.575 0.739063 0.576563 0.784375 0.576563 0.785938 0.575 0.814063 0.575 0.815625 0.573438 0.83125 0.573438 0.832813 0.571875 0.8375 0.571875 0.839063 0.570313 0.848438 0.570313 0.85 0.56875 0.853125 0.56875 0.854688 0.567188 0.857813 0.567188 0.859375 0.565625 0.8625 0.565625 0.864063 0.564063 0.865625 0.564063 0.867188 0.5625 0.870313 0.5625 0.871875 0.560938 0.875 0.560938 0.876563 0.559375 0.876563 0.557813 0.882812 0.551563 0.882812 0.545313 0.882812 0.548438 0.879688 0.551563 0.875 0.551563 0.873438 0.553125 0.871875 0.553125 0.86875 0.55625 0.865625 0.55625 0.864063 0.557813 0.854688 0.557813 0.853125 0.559375 0.848438 0.559375 0.846875 0.560938 0.840625 0.560938 0.839063 0.5625 0.823438 0.5625 0.821875 0.564063 0.789062 0.564063 0.7875 0.5625 0.770313 0.5625 0.76875 0.560938 0.753125 0.560938 0.751563 0.559375 0.745313 0.559375 0.74375 0.557813 0.735938 0.557813 0.734375 0.55625 0.73125 0.55625 0.729688 0.554688 0.728125 0.554688 0.726562 0.553125 0.723438 0.553125 0.721875 0.551563 0.717188 0.551563 0.714063 0.548438 0.710938 0.548438 0.709375 0.546875 0.707813 0.546875 0.70625 0.545313 0.701563 0.545313 0.7 0.54375 0.698438 0.54375 0.69375 0.539063 0.692188 0.539063 0.690625 0.5375 0.6875 0.5375 0.684375 0.534375 0.684375 0.53125 0.892741
0 0.676563 0.542188 0.675 0.54375 0.675 0.546875 0.673438 0.548438 0.673438 0.560938 0.679688 0.567188 0.68125 0.567188 0.682813 0.56875 0.684375 0.56875 0.6875 0.571875 0.689063 0.571875 0.690625 0.573438 0.692188 0.573438 0.69375 0.575 0.695312 0.575 0.698438 0.578125 0.701563 0.578125 0.703125 0.579688 0.70625 0.579688 0.707813 0.58125 0.709375 0.58125 0.710938 0.582813 0.7125 0.582813 0.714063 0.584375 0.71875 0.584375 0.720313 0.585938 0.725 0.585938 0.726562 0.5875 0.73125 0.5875 0.732813 0.589063 0.735938 0.589063 0.7375 0.590625 0.742188 0.590625 0.74375 0.592188 0.748438 0.592188 0.75 0.59375 0.76875 0.59375 0.770313 0.595313 0.770313 0.596875 0.76875 0.598437 0.753125 0.598437 0.821875 0.598437 0.825 0.595313 0.828125 0.595313 0.829688 0.59375 0.839063 0.59375 0.840625 0.592188 0.846875 0.592188 0.848438 0.590625 0.851562 0.590625 0.853125 0.589063 0.85625 0.589063 0.860938 0.584375 0.8625 0.584375 0.870313 0.576563 0.870313 0.575 0.86875 0.576563 0.860938 0.576563 0.859375 0.578125 0.85625 0.578125 0.854688 0.579688 0.851562 0.579688 0.85 0.58125 0.842188 0.58125 0.840625 0.582813 0.834375 0.582813 0.832813 0.584375 0.814063 0.584375 0.8125 0.585938 0.790625 0.585938 0.789062 0.584375 0.765625 0.584375 0.764063 0.582813 0.75 0.582813 0.748438 0.58125 0.740625 0.58125 0.739063 0.579688 0.73125 0.579688 0.729688 0.578125 0.725 0.578125 0.723438 0.576563 0.71875 0.576563 0.717188 0.575 0.7125 0.575 0.710938 0.573438 0.709375 0.573438 0.707813 0.571875 0.70625 0.571875 0.704688 0.570313 0.703125 0.570313 0.701563 0.56875 0.698438 0.56875 0.69375 0.564063 0.692188 0.564063 0.690625 0.5625 0.689063 0.5625 0.684375 0.557813 0.684375 0.55625 0.682813 0.55625 0.679688 0.553125 0.679688 0.546875 0.678125 0.545313 0.678125 0.54375 0.887756
0 0.3125 0.592188 0.295313 0.592188 0.3125 0.592188 0.357813 0.582813 0.354688 0.578125 0.35625 0.576563 0.357813 0.576563 0.359375 0.575 0.3625 0.575 0.364063 0.573438 0.367188 0.573438 0.370313 0.570313 0.373438 0.570313 0.375 0.56875 0.376563 0.56875 0.378125 0.567188 0.379688 0.567188 0.379688 0.565625 0.385938 0.559375 0.385938 0.557813 0.3875 0.55625 0.3875 0.551563 0.385938 0.55 0.385938 0.548438 0.384375 0.546875 0.382812 0.546875 0.373438 0.55625 0.371875 0.55625 0.370313 0.557813 0.36875 0.557813 0.367188 0.559375 0.365625 0.559375 0.3625 0.5625 0.360938 0.5625 0.359375 0.564063 0.35625 0.564063 0.354688 0.565625 0.351562 0.565625 0.35 0.567188 0.346875 0.567188 0.345313 0.56875 0.342188 0.56875 0.340625 0.570313 0.335938 0.570313 0.334375 0.571875 0.329688 0.571875 0.328125 0.573438 0.320312 0.573438 0.31875 0.575 0.309375 0.575 0.307813 0.576563 0.295313 0.576563 0.29375 0.578125 0.26875 0.578125 0.267188 0.576563 0.246875 0.576563 0.245313 0.575 0.234375 0.575 0.232813 0.573438 0.223438 0.573438 0.221875 0.571875 0.217188 0.571875 0.215625 0.570313 0.2125 0.570313 0.210938 0.56875 0.207813 0.56875 0.20625 0.567188 0.203125 0.567188 0.2 0.564063 0.198438 0.564063 0.196875 0.5625 0.195312 0.5625 0.190625 0.557813 0.189063 0.557813 0.185938 0.554688 0.185938 0.553125 0.185938 0.559375 0.1875 0.560938 0.1875 0.5625 0.189063 0.564063 0.189063 0.565625 0.19375 0.570313 0.19375 0.571875 0.195312 0.571875 0.201563 0.578125 0.203125 0.578125 0.204688 0.579688 0.209375 0.579688 0.210938 0.58125 0.214063 0.58125 0.217188 0.584375 0.21875 0.584375 0.220313 0.585938 0.228125 0.585938 0.229688 0.5875 0.246875 0.5875 0.248438 0.589063 0.251563 0.589063 0.253125 0.590625 0.254688 0.590625 0.25625 0.592188 0.270313 0.592188 0.271875 0.590625 0.28125 0.590625 0.282813 0.589063 0.289063 0.589063 0.290625 0.5875 0.3125 0.5875 0.314063 0.585938 0.320312 0.585938 0.321875 0.584375 0.326563 0.584375 0.328125 0.582813 0.3375 0.582813 0.339063 0.58125 0.348438 0.58125 0.35 0.579688 0.351562 0.579688 0.353125 0.578125 0.354688 0.578125 0.357813 0.582813 0.359375 0.582813 0.357813 0.582813 0.852919
0 0.359375 0.460938 0.35625 0.464063 0.354688 0.464063 0.353125 0.465625 0.351562 0.465625 0.35 0.467188 0.346875 0.467188 0.34375 0.470313 0.342188 0.470313 0.340625 0.471875 0.339063 0.471875 0.3375 0.473438 0.332813 0.473438 0.33125 0.475 0.329688 0.475 0.328125 0.476562 0.326563 0.476562 0.325 0.478125 0.320312 0.478125 0.317188 0.48125 0.315625 0.48125 0.314063 0.482813 0.310937 0.482813 0.309375 0.484375 0.307813 0.484375 0.30625 0.485938 0.304688 0.485938 0.303125 0.4875 0.301563 0.4875 0.298438 0.490625 0.290625 0.490625 0.289063 0.489063 0.2875 0.489063 0.284375 0.485938 0.282813 0.485938 0.279688 0.489063 0.275 0.489063 0.273438 0.490625 0.245313 0.490625 0.240625 0.485938 0.240625 0.484375 0.21875 0.484375 0.217188 0.485938 0.204688 0.485938 0.203125 0.484375 0.201563 0.484375 0.198438 0.48125 0.196875 0.48125 0.195312 0.479688 0.19375 0.479688 0.192188 0.478125 0.1875 0.478125 0.185938 0.476562 0.182813 0.476562 0.18125 0.475 0.179688 0.475 0.176563 0.471875 0.176563 0.470313 0.175 0.470313 0.171875 0.467188 0.171875 0.48125 0.175 0.484375 0.176563 0.484375 0.18125 0.489063 0.182813 0.489063 0.184375 0.490625 0.185938 0.490625 0.1875 0.492188 0.190625 0.492188 0.19375 0.495313 0.196875 0.495313 0.198438 0.496875 0.201563 0.496875 0.203125 0.498438 0.207813 0.498438 0.209375 0.5 0.2125 0.5 0.214063 0.501563 0.223438 0.501563 0.225 0.503125 0.25 0.503125 0.251563 0.504688 0.253125 0.503125 0.259375 0.503125 0.260938 0.504688 0.298438 0.504688 0.3 0.50625 0.301563 0.50625 0.303125 0.507812 0.320312 0.507812 0.317188 0.507812 0.314063 0.504688 0.3125 0.504688 0.310937 0.503125 0.3125 0.501563 0.315625 0.501563 0.317188 0.5 0.323438 0.5 0.325 0.498438 0.33125 0.498438 0.332813 0.496875 0.3375 0.496875 0.339063 0.495313 0.340625 0.495313 0.342188 0.49375 0.346875 0.49375 0.348438 0.492188 0.35625 0.492188 0.357813 0.490625 0.359375 0.490625 0.364063 0.485938 0.367188 0.485938 0.36875 0.484375 0.370313 0.484375 0.371875 0.482813 0.371875 0.479688 0.373438 0.478125 0.373438 0.476562 0.375 0.475 0.375 0.460938 0.851981
0 0.682813 0.51875 0.682813 0.520313 0.6875 0.525 0.6875 0.526563 0.689063 0.528125 0.689063 0.532813 0.690625 0.534375 0.69375 0.534375 0.7 0.540625 0.701563 0.540625 0.703125 0.542188 0.707813 0.542188 0.709375 0.54375 0.7125 0.54375 0.714063 0.545313 0.715625 0.545313 0.717188 0.546875 0.720313 0.546875 0.721875 0.548438 0.726562 0.548438 0.728125 0.55 0.729688 0.55 0.73125 0.551563 0.732813 0.551563 0.734375 0.553125 0.739063 0.553125 0.740625 0.554688 0.748438 0.554688 0.75 0.55625 0.75625 0.55625 0.757812 0.557813 0.765625 0.557813 0.767188 0.559375 0.776563 0.559375 0.778125 0.560938 0.83125 0.560938 0.832813 0.559375 0.84375 0.559375 0.845313 0.557813 0.848438 0.557813 0.85 0.55625 0.853125 0.55625 0.854688 0.554688 0.859375 0.554688 0.860938 0.553125 0.867188 0.553125 0.870313 0.55 0.871875 0.55 0.873438 0.548438 0.875 0.548438 0.876563 0.546875 0.878125 0.546875 0.879688 0.545313 0.879688 0.54375 0.882812 0.540625 0.882812 0.5375 0.884375 0.535938 0.884375 0.532813 0.885938 0.53125 0.885938 0.526563 0.884375 0.526563 0.882812 0.528125 0.882812 0.532813 0.878125 0.5375 0.873438 0.5375 0.86875 0.542188 0.867188 0.542188 0.865625 0.54375 0.8625 0.54375 0.860938 0.545313 0.842188 0.545313 0.840625 0.546875 0.832813 0.546875 0.83125 0.548438 0.785938 0.548438 0.784375 0.546875 0.770313 0.546875 0.76875 0.545313 0.754688 0.545313 0.753125 0.54375 0.739063 0.54375 0.7375 0.542188 0.735938 0.542188 0.734375 0.540625 0.732813 0.540625 0.73125 0.539063 0.728125 0.539063 0.726562 0.5375 0.720313 0.5375 0.71875 0.535938 0.715625 0.535938 0.714063 0.534375 0.7125 0.534375 0.710938 0.532813 0.707813 0.532813 0.70625 0.53125 0.701563 0.53125 0.692188 0.521875 0.690625 0.521875 0.6875 0.51875 0.846552
0 0.175 0.4875 0.175 0.503125 0.182813 0.510938 0.184375 0.510938 0.189063 0.515625 0.192188 0.515625 0.195312 0.51875 0.196875 0.51875 0.198438 0.520313 0.203125 0.520313 0.204688 0.521875 0.209375 0.521875 0.210938 0.523438 0.2125 0.523438 0.214063 0.525 0.217188 0.525 0.21875 0.526563 0.225 0.526563 0.226562 0.528125 0.2375 0.528125 0.239063 0.529688 0.25625 0.529688 0.257812 0.53125 0.328125 0.53125 0.325 0.53125 0.323438 0.529688 0.317188 0.529688 0.315625 0.528125 0.31875 0.525 0.326563 0.525 0.328125 0.523438 0.332813 0.523438 0.334375 0.521875 0.340625 0.521875 0.342188 0.520313 0.346875 0.520313 0.348438 0.51875 0.351562 0.51875 0.353125 0.517188 0.35625 0.517188 0.357813 0.515625 0.359375 0.515625 0.360938 0.514063 0.3625 0.514063 0.364063 0.5125 0.365625 0.5125 0.367188 0.510938 0.36875 0.510938 0.371875 0.507812 0.373438 0.507812 0.376563 0.504688 0.376563 0.5 0.378125 0.498438 0.378125 0.490625 0.376563 0.489063 0.376563 0.4875 0.376563 0.489063 0.367188 0.498438 0.365625 0.498438 0.364063 0.5 0.3625 0.5 0.360938 0.501563 0.359375 0.501563 0.357813 0.503125 0.353125 0.503125 0.351562 0.504688 0.348438 0.504688 0.346875 0.50625 0.34375 0.50625 0.342188 0.507812 0.340625 0.507812 0.339063 0.509375 0.335938 0.509375 0.334375 0.510938 0.325 0.510938 0.323438 0.5125 0.317188 0.5125 0.315625 0.514063 0.30625 0.514063 0.304688 0.515625 0.296875 0.515625 0.295313 0.517188 0.234375 0.517188 0.232813 0.515625 0.229688 0.515625 0.228125 0.514063 0.228125 0.509375 0.223438 0.509375 0.221875 0.507812 0.214063 0.507812 0.2125 0.50625 0.207813 0.50625 0.20625 0.504688 0.204688 0.504688 0.203125 0.503125 0.2 0.503125 0.198438 0.501563 0.195312 0.501563 0.19375 0.5 0.192188 0.5 0.189063 0.496875 0.1875 0.496875 0.185938 0.495313 0.184375 0.495313 0.182813 0.49375 0.18125 0.49375 0.178125 0.490625 0.178125 0.4875 0.846316
0 0.679688 0.454688 0.679688 0.460938 0.68125 0.460938 0.682813 0.4625 0.684375 0.4625 0.685938 0.464063 0.685938 0.465625 0.689063 0.46875 0.692188 0.46875 0.695312 0.471875 0.696875 0.471875 0.698438 0.473438 0.7 0.473438 0.701563 0.475 0.703125 0.475 0.704688 0.476562 0.70625 0.476562 0.707813 0.478125 0.707813 0.479688 0.709375 0.48125 0.7125 0.48125 0.714063 0.479688 0.715625 0.48125 0.717188 0.48125 0.720313 0.484375 0.71875 0.485938 0.71875 0.489063 0.720313 0.489063 0.721875 0.490625 0.732813 0.490625 0.734375 0.492188 0.740625 0.492188 0.742188 0.49375 0.74375 0.49375 0.745313 0.495313 0.748438 0.495313 0.75 0.496875 0.75625 0.496875 0.757812 0.498438 0.76875 0.498438 0.770313 0.5 0.78125 0.5 0.782813 0.498438 0.851562 0.498438 0.853125 0.496875 0.859375 0.496875 0.860938 0.495313 0.8625 0.495313 0.8625 0.49375 0.860938 0.492188 0.859375 0.492188 0.857813 0.490625 0.85625 0.490625 0.854688 0.489063 0.859375 0.484375 0.8625 0.484375 0.864063 0.482813 0.878125 0.482813 0.88125 0.479688 0.884375 0.479688 0.885938 0.478125 0.8875 0.478125 0.890625 0.475 0.890625 0.473438 0.892188 0.471875 0.892188 0.46875 0.890625 0.467188 0.890625 0.464063 0.889063 0.464063 0.8875 0.465625 0.885938 0.465625 0.884375 0.467188 0.882812 0.467188 0.879688 0.470313 0.873438 0.470313 0.871875 0.471875 0.870313 0.471875 0.86875 0.473438 0.867188 0.473438 0.865625 0.475 0.8625 0.475 0.860938 0.476562 0.845313 0.476562 0.84375 0.478125 0.840625 0.478125 0.839063 0.479688 0.835938 0.479688 0.834375 0.48125 0.81875 0.48125 0.817188 0.482813 0.8 0.482813 0.798438 0.484375 0.792188 0.484375 0.790625 0.482813 0.782813 0.482813 0.78125 0.484375 0.773438 0.484375 0.771875 0.485938 0.757812 0.485938 0.75625 0.484375 0.753125 0.484375 0.751563 0.482813 0.754688 0.479688 0.754688 0.478125 0.748438 0.478125 0.746875 0.476562 0.735938 0.476562 0.734375 0.475 0.73125 0.475 0.728125 0.471875 0.723438 0.471875 0.721875 0.470313 0.714063 0.470313 0.7125 0.46875 0.709375 0.46875 0.707813 0.467188 0.70625 0.467188 0.704688 0.465625 0.703125 0.465625 0.701563 0.464063 0.698438 0.464063 0.696875 0.4625 0.69375 0.4625 0.689063 0.457813 0.6875 0.457813 0.684375 0.454688 0.828944
0 0.173438 0.479688 0.173438 0.496875 0.175 0.496875 0.176563 0.495313 0.18125 0.5 0.182813 0.5 0.185938 0.503125 0.1875 0.503125 0.189063 0.504688 0.192188 0.504688 0.196875 0.509375 0.2 0.509375 0.201563 0.510938 0.20625 0.510938 0.207813 0.5125 0.214063 0.5125 0.215625 0.514063 0.21875 0.514063 0.220313 0.515625 0.225 0.515625 0.226562 0.517188 0.257812 0.517188 0.259375 0.51875 0.335938 0.51875 0.329688 0.51875 0.328125 0.517188 0.314063 0.517188 0.3125 0.515625 0.3125 0.514063 0.314063 0.5125 0.323438 0.5125 0.325 0.510938 0.33125 0.510938 0.332813 0.509375 0.339063 0.509375 0.340625 0.507812 0.342188 0.507812 0.34375 0.50625 0.346875 0.50625 0.348438 0.504688 0.351562 0.504688 0.353125 0.503125 0.359375 0.503125 0.360938 0.501563 0.3625 0.501563 0.364063 0.5 0.365625 0.5 0.36875 0.496875 0.370313 0.496875 0.371875 0.495313 0.373438 0.495313 0.375 0.49375 0.375 0.492188 0.376563 0.490625 0.376563 0.479688 0.367188 0.479688 0.364063 0.482813 0.35625 0.482813 0.354688 0.484375 0.353125 0.484375 0.353125 0.485938 0.35625 0.489063 0.354688 0.490625 0.353125 0.490625 0.351562 0.492188 0.348438 0.492188 0.346875 0.49375 0.339063 0.49375 0.3375 0.495313 0.335938 0.495313 0.332813 0.498438 0.33125 0.498438 0.329688 0.5 0.321875 0.5 0.320312 0.501563 0.309375 0.501563 0.307813 0.503125 0.301563 0.503125 0.3 0.504688 0.285938 0.504688 0.284375 0.50625 0.253125 0.50625 0.251563 0.504688 0.25 0.50625 0.245313 0.50625 0.24375 0.504688 0.225 0.504688 0.223438 0.503125 0.221875 0.503125 0.220313 0.501563 0.221875 0.5 0.226562 0.5 0.228125 0.498438 0.23125 0.498438 0.232813 0.496875 0.235938 0.496875 0.229688 0.496875 0.228125 0.495313 0.217188 0.495313 0.215625 0.49375 0.210938 0.49375 0.209375 0.492188 0.207813 0.492188 0.20625 0.490625 0.201563 0.490625 0.2 0.489063 0.192188 0.489063 0.190625 0.490625 0.189063 0.489063 0.189063 0.484375 0.1875 0.482813 0.185938 0.482813 0.184375 0.48125 0.182813 0.48125 0.18125 0.479688 0.813639
0 0.682813 0.495313 0.684375 0.496875 0.684375 0.503125 0.685938 0.504688 0.685938 0.507812 0.690625 0.5125 0.690625 0.514063 0.692188 0.515625 0.69375 0.515625 0.695312 0.517188 0.7 0.517188 0.701563 0.51875 0.703125 0.51875 0.70625 0.521875 0.707813 0.521875 0.709375 0.523438 0.7125 0.523438 0.714063 0.525 0.71875 0.525 0.720313 0.526563 0.723438 0.526563 0.725 0.528125 0.728125 0.528125 0.729688 0.529688 0.732813 0.529688 0.734375 0.53125 0.742188 0.53125 0.74375 0.532813 0.745313 0.532813 0.746875 0.534375 0.74375 0.5375 0.742188 0.5375 0.740625 0.539063 0.74375 0.539063 0.745313 0.540625 0.773438 0.540625 0.776563 0.5375 0.834375 0.5375 0.835938 0.535938 0.846875 0.535938 0.848438 0.534375 0.857813 0.534375 0.859375 0.532813 0.860938 0.532813 0.8625 0.53125 0.865625 0.53125 0.867188 0.529688 0.871875 0.529688 0.873438 0.528125 0.876563 0.528125 0.884375 0.520313 0.884375 0.5125 0.88125 0.5125 0.879688 0.514063 0.878125 0.514063 0.875 0.517188 0.873438 0.517188 0.871875 0.51875 0.86875 0.51875 0.867188 0.520313 0.8625 0.520313 0.860938 0.521875 0.85625 0.521875 0.854688 0.523438 0.851562 0.523438 0.85 0.525 0.839063 0.525 0.8375 0.526563 0.773438 0.526563 0.771875 0.525 0.7625 0.525 0.760938 0.523438 0.751563 0.523438 0.75 0.521875 0.740625 0.521875 0.739063 0.520313 0.732813 0.520313 0.73125 0.51875 0.726562 0.51875 0.725 0.517188 0.721875 0.517188 0.720313 0.515625 0.715625 0.515625 0.714063 0.514063 0.710938 0.514063 0.709375 0.5125 0.70625 0.5125 0.704688 0.510938 0.701563 0.510938 0.7 0.509375 0.698438 0.509375 0.696875 0.507812 0.695312 0.507812 0.69375 0.50625 0.692188 0.50625 0.690625 0.504688 0.690625 0.503125 0.689063 0.501563 0.685938 0.501563 0.684375 0.5 0.684375 0.496875 0.77345
0 0.678125 0.479688 0.678125 0.485938 0.684375 0.492188 0.684375 0.49375 0.685938 0.495313 0.685938 0.496875 0.69375 0.504688 0.695312 0.504688 0.698438 0.507812 0.701563 0.507812 0.703125 0.509375 0.70625 0.509375 0.707813 0.510938 0.710938 0.510938 0.7125 0.5125 0.714063 0.5125 0.715625 0.514063 0.721875 0.514063 0.723438 0.515625 0.728125 0.515625 0.729688 0.517188 0.732813 0.517188 0.734375 0.51875 0.7375 0.51875 0.739063 0.520313 0.742188 0.520313 0.74375 0.521875 0.7625 0.521875 0.764063 0.523438 0.779688 0.523438 0.78125 0.525 0.83125 0.525 0.832813 0.523438 0.845313 0.523438 0.846875 0.521875 0.854688 0.521875 0.85625 0.520313 0.857813 0.520313 0.859375 0.51875 0.860938 0.51875 0.8625 0.517188 0.865625 0.517188 0.867188 0.515625 0.871875 0.515625 0.873438 0.514063 0.875 0.514063 0.879688 0.509375 0.88125 0.509375 0.882812 0.507812 0.882812 0.50625 0.889063 0.5 0.889063 0.498438 0.890625 0.496875 0.890625 0.4875 0.889063 0.4875 0.889063 0.489063 0.8875 0.490625 0.885938 0.490625 0.88125 0.495313 0.879688 0.495313 0.878125 0.496875 0.876563 0.496875 0.873438 0.5 0.871875 0.5 0.870313 0.501563 0.857813 0.501563 0.85625 0.503125 0.851562 0.503125 0.853125 0.503125 0.85625 0.50625 0.857813 0.50625 0.859375 0.507812 0.85625 0.510938 0.848438 0.510938 0.846875 0.5125 0.829688 0.5125 0.828125 0.514063 0.771875 0.514063 0.770313 0.5125 0.760938 0.5125 0.759375 0.510938 0.754688 0.510938 0.753125 0.509375 0.75 0.509375 0.748438 0.507812 0.746875 0.507812 0.745313 0.50625 0.739063 0.50625 0.7375 0.504688 0.73125 0.504688 0.729688 0.503125 0.728125 0.503125 0.726562 0.501563 0.726562 0.5 0.725 0.498438 0.725 0.496875 0.721875 0.496875 0.720313 0.495313 0.717188 0.495313 0.715625 0.49375 0.710938 0.49375 0.709375 0.492188 0.70625 0.492188 0.704688 0.490625 0.701563 0.490625 0.7 0.489063 0.698438 0.489063 0.695312 0.485938 0.69375 0.485938 0.692188 0.484375 0.690625 0.484375 0.689063 0.482813 0.6875 0.482813 0.684375 0.479688 0.738426
0 0.671875 0.55625 0.671875 0.573438 0.678125 0.579688 0.679688 0.579688 0.684375 0.584375 0.685938 0.584375 0.6875 0.585938 0.689063 0.585938 0.690625 0.5875 0.692188 0.5875 0.695312 0.590625 0.696875 0.590625 0.698438 0.592188 0.701563 0.592188 0.703125 0.59375 0.70625 0.59375 0.707813 0.595313 0.710938 0.595313 0.7125 0.596875 0.71875 0.596875 0.720313 0.598437 0.725 0.598437 0.726562 0.6 0.73125 0.6 0.732813 0.601562 0.735938 0.601562 0.7375 0.603125 0.74375 0.603125 0.745313 0.604688 0.753125 0.604688 0.754688 0.60625 0.764063 0.60625 0.765625 0.607813 0.770313 0.607813 0.771875 0.609375 0.795313 0.609375 0.796875 0.607813 0.798438 0.609375 0.803125 0.609375 0.804688 0.607813 0.809375 0.607813 0.810938 0.609375 0.820312 0.609375 0.821875 0.607813 0.823438 0.607813 0.825 0.60625 0.83125 0.60625 0.832813 0.604688 0.840625 0.604688 0.842188 0.603125 0.845313 0.603125 0.846875 0.601562 0.848438 0.601562 0.85625 0.59375 0.857813 0.59375 0.859375 0.592188 0.8625 0.592188 0.864063 0.590625 0.865625 0.590625 0.871875 0.584375 0.871875 0.578125 0.870313 0.578125 0.867188 0.58125 0.865625 0.58125 0.864063 0.582813 0.860938 0.582813 0.859375 0.584375 0.85625 0.584375 0.854688 0.585938 0.853125 0.585938 0.851562 0.5875 0.85 0.5875 0.848438 0.589063 0.846875 0.589063 0.842188 0.59375 0.8375 0.59375 0.835938 0.595313 0.828125 0.595313 0.826563 0.596875 0.770313 0.596875 0.76875 0.595313 0.753125 0.595313 0.751563 0.59375 0.742188 0.59375 0.740625 0.592188 0.7375 0.592188 0.735938 0.590625 0.73125 0.590625 0.729688 0.589063 0.725 0.589063 0.723438 0.5875 0.720313 0.5875 0.71875 0.585938 0.715625 0.585938 0.714063 0.584375 0.7125 0.584375 0.710938 0.582813 0.709375 0.582813 0.707813 0.58125 0.704688 0.58125 0.703125 0.579688 0.701563 0.579688 0.698438 0.576563 0.696875 0.576563 0.695312 0.575 0.69375 0.575 0.690625 0.571875 0.689063 0.571875 0.685938 0.56875 0.682813 0.56875 0.678125 0.564063 0.678125 0.5625 0.673438 0.557813 0.673438 0.55625 0.731199
0 0.420313 0.559375 0.420313 0.573438 0.421875 0.575 0.423438 0.575 0.426563 0.578125 0.428125 0.578125 0.429688 0.579688 0.43125 0.579688 0.432813 0.58125 0.434375 0.58125 0.435938 0.582813 0.4375 0.582813 0.439063 0.584375 0.440625 0.584375 0.442188 0.585938 0.448438 0.585938 0.45 0.5875 0.453125 0.5875 0.454688 0.589063 0.457813 0.589063 0.459375 0.590625 0.465625 0.590625 0.467188 0.592188 0.470313 0.592188 0.471875 0.59375 0.482813 0.59375 0.484375 0.595313 0.490625 0.595313 0.492188 0.596875 0.498438 0.596875 0.5 0.598437 0.526563 0.598437 0.528125 0.596875 0.545313 0.596875 0.546875 0.595313 0.55625 0.595313 0.557813 0.59375 0.5625 0.59375 0.564063 0.592188 0.56875 0.592188 0.570313 0.590625 0.575 0.590625 0.576563 0.589063 0.578125 0.589063 0.579688 0.5875 0.582813 0.5875 0.584375 0.585938 0.585938 0.585938 0.5875 0.584375 0.589063 0.584375 0.590625 0.582813 0.592188 0.582813 0.59375 0.58125 0.595313 0.58125 0.598437 0.578125 0.6 0.578125 0.601562 0.576563 0.601562 0.575 0.603125 0.573438 0.603125 0.571875 0.604688 0.570313 0.603125 0.56875 0.603125 0.565625 0.601562 0.565625 0.595313 0.571875 0.59375 0.571875 0.592188 0.573438 0.590625 0.573438 0.589063 0.575 0.585938 0.575 0.582813 0.578125 0.58125 0.578125 0.579688 0.579688 0.576563 0.579688 0.575 0.58125 0.570313 0.58125 0.56875 0.582813 0.5625 0.582813 0.560938 0.584375 0.551563 0.584375 0.55 0.585938 0.535938 0.585938 0.534375 0.5875 0.51875 0.5875 0.517188 0.589063 0.514063 0.589063 0.5125 0.5875 0.489063 0.5875 0.4875 0.585938 0.473438 0.585938 0.471875 0.584375 0.4625 0.584375 0.460938 0.582813 0.457813 0.582813 0.45625 0.58125 0.448438 0.58125 0.446875 0.579688 0.44375 0.579688 0.440625 0.576563 0.439063 0.576563 0.4375 0.575 0.435938 0.575 0.711672
0 0.678125 0.467188 0.678125 0.470313 0.679688 0.471875 0.679688 0.473438 0.68125 0.475 0.682813 0.475 0.684375 0.476562 0.684375 0.478125 0.689063 0.482813 0.690625 0.482813 0.692188 0.484375 0.69375 0.484375 0.695312 0.485938 0.696875 0.485938 0.698438 0.4875 0.7 0.4875 0.703125 0.490625 0.704688 0.490625 0.70625 0.492188 0.715625 0.492188 0.71875 0.495313 0.71875 0.5 0.717188 0.501563 0.71875 0.501563 0.720313 0.503125 0.728125 0.503125 0.729688 0.504688 0.734375 0.504688 0.735938 0.50625 0.742188 0.50625 0.74375 0.507812 0.748438 0.507812 0.75 0.509375 0.75625 0.509375 0.757812 0.510938 0.764063 0.510938 0.765625 0.5125 0.782813 0.5125 0.784375 0.514063 0.817188 0.514063 0.81875 0.5125 0.839063 0.5125 0.840625 0.510938 0.851562 0.510938 0.853125 0.509375 0.860938 0.509375 0.8625 0.507812 0.859375 0.504688 0.857813 0.504688 0.85625 0.503125 0.85625 0.501563 0.857813 0.5 0.859375 0.5 0.860938 0.498438 0.8625 0.498438 0.864063 0.496875 0.870313 0.496875 0.871875 0.495313 0.873438 0.495313 0.875 0.49375 0.878125 0.49375 0.88125 0.490625 0.884375 0.490625 0.890625 0.484375 0.890625 0.478125 0.889063 0.478125 0.8875 0.479688 0.885938 0.479688 0.884375 0.48125 0.882812 0.48125 0.88125 0.482813 0.879688 0.482813 0.878125 0.484375 0.875 0.484375 0.873438 0.485938 0.870313 0.485938 0.86875 0.4875 0.859375 0.4875 0.857813 0.489063 0.85 0.489063 0.848438 0.490625 0.840625 0.490625 0.839063 0.492188 0.835938 0.492188 0.834375 0.49375 0.825 0.49375 0.823438 0.495313 0.8125 0.495313 0.810938 0.496875 0.80625 0.496875 0.804688 0.498438 0.798438 0.498438 0.796875 0.5 0.79375 0.5 0.792188 0.498438 0.773438 0.498438 0.771875 0.496875 0.757812 0.496875 0.75625 0.495313 0.757812 0.49375 0.7625 0.49375 0.764063 0.492188 0.764063 0.490625 0.757812 0.490625 0.75625 0.489063 0.748438 0.489063 0.746875 0.4875 0.742188 0.4875 0.740625 0.485938 0.735938 0.485938 0.734375 0.484375 0.726562 0.484375 0.725 0.482813 0.71875 0.482813 0.717188 0.48125 0.7125 0.48125 0.710938 0.479688 0.709375 0.479688 0.707813 0.478125 0.704688 0.478125 0.703125 0.476562 0.7 0.476562 0.695312 0.471875 0.69375 0.471875 0.692188 0.470313 0.690625 0.470313 0.689063 0.46875 0.6875 0.46875 0.685938 0.467188 0.701817
0 0.68125 0.44375 0.68125 0.453125 0.684375 0.45625 0.685938 0.45625 0.689063 0.459375 0.689063 0.460938 0.690625 0.4625 0.690625 0.464063 0.692188 0.464063 0.695312 0.467188 0.696875 0.467188 0.7 0.470313 0.703125 0.470313 0.704688 0.471875 0.707813 0.471875 0.709375 0.473438 0.710938 0.473438 0.714063 0.476562 0.720313 0.476562 0.721875 0.478125 0.728125 0.478125 0.729688 0.479688 0.735938 0.479688 0.7375 0.48125 0.742188 0.48125 0.74375 0.482813 0.748438 0.482813 0.75 0.484375 0.7625 0.484375 0.764063 0.485938 0.775 0.485938 0.776563 0.4875 0.785938 0.4875 0.7875 0.489063 0.826563 0.489063 0.828125 0.4875 0.8375 0.4875 0.839063 0.485938 0.845313 0.485938 0.846875 0.484375 0.85625 0.484375 0.857813 0.482813 0.8625 0.482813 0.864063 0.48125 0.864063 0.479688 0.870313 0.473438 0.873438 0.473438 0.876563 0.476562 0.876563 0.471875 0.884375 0.464063 0.889063 0.464063 0.890625 0.4625 0.890625 0.44375 0.889063 0.44375 0.889063 0.448438 0.879688 0.457813 0.873438 0.457813 0.871875 0.459375 0.864063 0.459375 0.8625 0.460938 0.859375 0.460938 0.857813 0.4625 0.853125 0.4625 0.851562 0.464063 0.848438 0.464063 0.846875 0.465625 0.840625 0.465625 0.839063 0.467188 0.8375 0.467188 0.835938 0.46875 0.834375 0.46875 0.832813 0.470313 0.828125 0.470313 0.828125 0.471875 0.823438 0.476562 0.820312 0.476562 0.81875 0.478125 0.784375 0.478125 0.782813 0.476562 0.778125 0.476562 0.776563 0.475 0.771875 0.475 0.770313 0.473438 0.764063 0.473438 0.7625 0.471875 0.754688 0.471875 0.753125 0.470313 0.754688 0.46875 0.754688 0.465625 0.753125 0.464063 0.745313 0.464063 0.740625 0.459375 0.720313 0.459375 0.71875 0.457813 0.715625 0.457813 0.714063 0.45625 0.709375 0.45625 0.707813 0.454688 0.70625 0.454688 0.704688 0.453125 0.701563 0.453125 0.7 0.451563 0.696875 0.451563 0.695312 0.45 0.69375 0.45 0.689063 0.445312 0.6875 0.445312 0.685938 0.44375 0.677687
0 0.348438 0.464063 0.346875 0.465625 0.345313 0.465625 0.34375 0.467188 0.340625 0.467188 0.339063 0.46875 0.332813 0.46875 0.33125 0.470313 0.328125 0.470313 0.326563 0.471875 0.323438 0.471875 0.321875 0.473438 0.315625 0.473438 0.314063 0.475 0.301563 0.475 0.3 0.476562 0.289063 0.476562 0.2875 0.478125 0.275 0.478125 0.273438 0.479688 0.260938 0.479688 0.259375 0.48125 0.220313 0.48125 0.21875 0.479688 0.2125 0.479688 0.210938 0.478125 0.20625 0.478125 0.204688 0.476562 0.182813 0.476562 0.178125 0.471875 0.178125 0.470313 0.175 0.467188 0.173438 0.467188 0.173438 0.475 0.175 0.475 0.176563 0.476562 0.176563 0.478125 0.178125 0.478125 0.179688 0.479688 0.184375 0.479688 0.185938 0.48125 0.1875 0.48125 0.189063 0.482813 0.190625 0.482813 0.192188 0.484375 0.196875 0.484375 0.198438 0.485938 0.20625 0.485938 0.207813 0.4875 0.210938 0.4875 0.2125 0.489063 0.217188 0.489063 0.21875 0.490625 0.226562 0.490625 0.228125 0.492188 0.242188 0.492188 0.24375 0.49375 0.284375 0.49375 0.285938 0.495313 0.329688 0.495313 0.329688 0.49375 0.328125 0.492188 0.328125 0.490625 0.33125 0.4875 0.332813 0.4875 0.334375 0.485938 0.342188 0.485938 0.345313 0.482813 0.346875 0.482813 0.348438 0.48125 0.353125 0.48125 0.354688 0.479688 0.357813 0.479688 0.359375 0.478125 0.3625 0.478125 0.364063 0.476562 0.365625 0.476562 0.36875 0.473438 0.36875 0.448438 0.365625 0.445312 0.365625 0.442188 0.364063 0.440625 0.3625 0.442188 0.3625 0.451563 0.35 0.464063 0.348438 0.464063 0.335938 0.440625 0.28125 0.440625 0.29375 0.440625 0.295313 0.442188 0.309375 0.442188 0.310937 0.44375 0.3125 0.44375 0.314063 0.445312 0.317188 0.445312 0.31875 0.44375 0.323438 0.44375 0.325 0.442188 0.33125 0.442188 0.332813 0.440625 0.335938 0.440625 0.669532
0 0.684375 0.509375 0.684375 0.510938 0.685938 0.5125 0.685938 0.514063 0.6875 0.515625 0.6875 0.517188 0.689063 0.51875 0.689063 0.520313 0.690625 0.521875 0.692188 0.521875 0.695312 0.525 0.695312 0.526563 0.696875 0.526563 0.698438 0.528125 0.7 0.528125 0.701563 0.529688 0.703125 0.529688 0.704688 0.53125 0.70625 0.53125 0.707813 0.532813 0.709375 0.532813 0.710938 0.534375 0.714063 0.534375 0.715625 0.535938 0.71875 0.535938 0.720313 0.5375 0.723438 0.5375 0.725 0.539063 0.729688 0.539063 0.73125 0.540625 0.735938 0.540625 0.7375 0.542188 0.742188 0.542188 0.74375 0.54375 0.753125 0.54375 0.754688 0.545313 0.760938 0.545313 0.7625 0.546875 0.770313 0.546875 0.771875 0.548438 0.7875 0.548438 0.789062 0.55 0.828125 0.55 0.829688 0.548438 0.842188 0.548438 0.84375 0.546875 0.853125 0.546875 0.854688 0.545313 0.859375 0.545313 0.860938 0.54375 0.864063 0.54375 0.865625 0.542188 0.867188 0.542188 0.86875 0.540625 0.871875 0.540625 0.875 0.5375 0.876563 0.5375 0.878125 0.535938 0.879688 0.535938 0.884375 0.53125 0.884375 0.529688 0.885938 0.528125 0.885938 0.520313 0.884375 0.51875 0.882812 0.520313 0.882812 0.521875 0.875 0.529688 0.873438 0.529688 0.871875 0.53125 0.86875 0.53125 0.867188 0.532813 0.8625 0.532813 0.860938 0.534375 0.853125 0.534375 0.851562 0.535938 0.839063 0.535938 0.8375 0.5375 0.782813 0.5375 0.78125 0.535938 0.765625 0.535938 0.764063 0.534375 0.746875 0.534375 0.745313 0.532813 0.7375 0.532813 0.735938 0.53125 0.73125 0.53125 0.729688 0.529688 0.726562 0.529688 0.725 0.528125 0.720313 0.528125 0.71875 0.526563 0.714063 0.526563 0.7125 0.525 0.710938 0.525 0.709375 0.523438 0.70625 0.523438 0.704688 0.521875 0.701563 0.521875 0.7 0.520313 0.698438 0.520313 0.696875 0.51875 0.695312 0.51875 0.690625 0.514063 0.690625 0.5125 0.6875 0.509375 0.64707
0 0.175 0.498438 0.175 0.509375 0.179688 0.514063 0.179688 0.515625 0.18125 0.517188 0.18125 0.51875 0.182813 0.520313 0.182813 0.521875 0.184375 0.521875 0.190625 0.528125 0.192188 0.528125 0.195312 0.53125 0.196875 0.53125 0.198438 0.532813 0.203125 0.532813 0.204688 0.534375 0.20625 0.534375 0.207813 0.535938 0.2125 0.535938 0.214063 0.5375 0.21875 0.5375 0.220313 0.539063 0.240625 0.539063 0.242188 0.540625 0.285938 0.540625 0.2875 0.539063 0.310937 0.539063 0.3125 0.5375 0.325 0.5375 0.326563 0.535938 0.332813 0.535938 0.334375 0.534375 0.339063 0.534375 0.340625 0.532813 0.34375 0.532813 0.345313 0.53125 0.35 0.53125 0.351562 0.529688 0.354688 0.529688 0.357813 0.526563 0.359375 0.526563 0.3625 0.523438 0.365625 0.523438 0.370313 0.51875 0.371875 0.51875 0.378125 0.5125 0.378125 0.498438 0.371875 0.498438 0.36875 0.501563 0.365625 0.501563 0.364063 0.503125 0.3625 0.503125 0.359375 0.50625 0.357813 0.50625 0.35625 0.507812 0.351562 0.507812 0.35 0.509375 0.348438 0.509375 0.346875 0.510938 0.346875 0.5125 0.345313 0.514063 0.345313 0.517188 0.34375 0.51875 0.34375 0.520313 0.342188 0.521875 0.339063 0.521875 0.3375 0.523438 0.328125 0.523438 0.326563 0.525 0.31875 0.525 0.317188 0.526563 0.307813 0.526563 0.30625 0.528125 0.273438 0.528125 0.271875 0.529688 0.257812 0.529688 0.25625 0.528125 0.240625 0.528125 0.239063 0.526563 0.234375 0.526563 0.229688 0.521875 0.228125 0.521875 0.226562 0.520313 0.220313 0.520313 0.21875 0.51875 0.215625 0.51875 0.214063 0.517188 0.209375 0.517188 0.207813 0.515625 0.203125 0.515625 0.201563 0.514063 0.198438 0.514063 0.196875 0.5125 0.195312 0.5125 0.19375 0.510938 0.192188 0.510938 0.189063 0.507812 0.185938 0.507812 0.182813 0.504688 0.18125 0.504688 0.179688 0.503125 0.179688 0.501563 0.178125 0.5 0.178125 0.498438 0.629936
0 0.317188 0.542188 0.30625 0.542188 0.317188 0.542188 0.317188 0.539063 0.31875 0.5375 0.329688 0.5375 0.33125 0.535938 0.339063 0.535938 0.340625 0.534375 0.34375 0.534375 0.345313 0.532813 0.351562 0.532813 0.353125 0.53125 0.354688 0.53125 0.35625 0.529688 0.357813 0.529688 0.3625 0.525 0.364063 0.525 0.365625 0.523438 0.367188 0.523438 0.373438 0.517188 0.375 0.517188 0.376563 0.515625 0.376563 0.514063 0.378125 0.5125 0.378125 0.498438 0.373438 0.498438 0.371875 0.5 0.370313 0.5 0.367188 0.503125 0.365625 0.503125 0.367188 0.504688 0.367188 0.509375 0.365625 0.510938 0.364063 0.510938 0.3625 0.5125 0.360938 0.5125 0.360938 0.514063 0.359375 0.515625 0.357813 0.515625 0.35625 0.517188 0.351562 0.517188 0.35 0.51875 0.348438 0.51875 0.346875 0.520313 0.345313 0.520313 0.34375 0.521875 0.340625 0.521875 0.339063 0.523438 0.328125 0.523438 0.326563 0.525 0.31875 0.525 0.317188 0.526563 0.309375 0.526563 0.307813 0.528125 0.285938 0.528125 0.284375 0.529688 0.251563 0.529688 0.25 0.528125 0.228125 0.528125 0.226562 0.526563 0.223438 0.526563 0.221875 0.525 0.220313 0.525 0.217188 0.521875 0.215625 0.521875 0.214063 0.520313 0.210938 0.520313 0.209375 0.51875 0.207813 0.51875 0.204688 0.515625 0.2 0.515625 0.198438 0.514063 0.195312 0.514063 0.19375 0.5125 0.192188 0.5125 0.1875 0.507812 0.185938 0.507812 0.182813 0.504688 0.18125 0.504688 0.179688 0.503125 0.179688 0.514063 0.18125 0.515625 0.18125 0.51875 0.182813 0.520313 0.182813 0.521875 0.184375 0.521875 0.190625 0.528125 0.192188 0.528125 0.195312 0.53125 0.196875 0.53125 0.198438 0.532813 0.201563 0.532813 0.203125 0.534375 0.20625 0.534375 0.207813 0.535938 0.210938 0.535938 0.2125 0.5375 0.21875 0.5375 0.220313 0.539063 0.239063 0.539063 0.240625 0.540625 0.2875 0.540625 0.289063 0.539063 0.317188 0.539063 0.626343
0 0.178125 0.523438 0.178125 0.535938 0.179688 0.5375 0.179688 0.539063 0.189063 0.548438 0.190625 0.548438 0.195312 0.553125 0.198438 0.553125 0.2 0.554688 0.203125 0.554688 0.204688 0.55625 0.20625 0.55625 0.207813 0.557813 0.209375 0.557813 0.210938 0.559375 0.217188 0.559375 0.21875 0.560938 0.223438 0.560938 0.225 0.5625 0.229688 0.5625 0.23125 0.564063 0.234375 0.564063 0.235938 0.565625 0.235938 0.567188 0.2375 0.56875 0.284375 0.56875 0.285938 0.567188 0.3 0.567188 0.303125 0.564063 0.30625 0.564063 0.307813 0.5625 0.3125 0.5625 0.314063 0.560938 0.31875 0.560938 0.320312 0.559375 0.33125 0.559375 0.332813 0.557813 0.335938 0.557813 0.3375 0.55625 0.342188 0.55625 0.34375 0.554688 0.346875 0.554688 0.348438 0.553125 0.351562 0.553125 0.353125 0.551563 0.35625 0.551563 0.357813 0.55 0.359375 0.55 0.360938 0.548438 0.3625 0.548438 0.365625 0.545313 0.367188 0.545313 0.36875 0.54375 0.370313 0.54375 0.371875 0.542188 0.373438 0.542188 0.375 0.540625 0.375 0.539063 0.376563 0.5375 0.378125 0.5375 0.379688 0.535938 0.38125 0.535938 0.38125 0.525 0.379688 0.523438 0.376563 0.523438 0.365625 0.534375 0.364063 0.534375 0.360938 0.5375 0.357813 0.5375 0.35625 0.539063 0.353125 0.539063 0.351562 0.540625 0.35 0.540625 0.348438 0.542188 0.345313 0.542188 0.34375 0.54375 0.342188 0.54375 0.340625 0.545313 0.335938 0.545313 0.334375 0.546875 0.328125 0.546875 0.326563 0.548438 0.321875 0.548438 0.320312 0.55 0.315625 0.55 0.314063 0.551563 0.303125 0.551563 0.301563 0.553125 0.289063 0.553125 0.2875 0.554688 0.24375 0.554688 0.242188 0.553125 0.234375 0.553125 0.232813 0.551563 0.226562 0.551563 0.225 0.55 0.21875 0.55 0.217188 0.548438 0.2125 0.548438 0.204688 0.540625 0.196875 0.540625 0.190625 0.534375 0.189063 0.534375 0.1875 0.532813 0.185938 0.532813 0.184375 0.53125 0.184375 0.529688 0.18125 0.526563 0.179688 0.526563 0.178125 0.525 0.553056
0 0.6125 0.564063 0.610938 0.565625 0.610938 0.567188 0.609375 0.56875 0.609375 0.570313 0.598437 0.58125 0.596875 0.58125 0.59375 0.584375 0.592188 0.584375 0.590625 0.585938 0.5875 0.585938 0.584375 0.589063 0.582813 0.589063 0.58125 0.590625 0.576563 0.590625 0.575 0.592188 0.571875 0.592188 0.570313 0.59375 0.567188 0.59375 0.565625 0.595313 0.560938 0.595313 0.559375 0.596875 0.551563 0.596875 0.55 0.598437 0.53125 0.598437 0.529688 0.6 0.5 0.6 0.498438 0.598437 0.4875 0.598437 0.485938 0.596875 0.478125 0.596875 0.476562 0.595313 0.467188 0.595313 0.465625 0.59375 0.459375 0.59375 0.457813 0.592188 0.454688 0.592188 0.453125 0.590625 0.45 0.590625 0.448438 0.589063 0.44375 0.589063 0.442188 0.5875 0.439063 0.5875 0.434375 0.582813 0.432813 0.582813 0.432813 0.5875 0.4375 0.592188 0.439063 0.592188 0.44375 0.596875 0.445312 0.596875 0.446875 0.598437 0.45 0.598437 0.451563 0.6 0.453125 0.6 0.454688 0.601562 0.45625 0.601562 0.457813 0.603125 0.464063 0.603125 0.465625 0.604688 0.470313 0.604688 0.471875 0.60625 0.476562 0.60625 0.478125 0.607813 0.48125 0.607813 0.482813 0.609375 0.489063 0.609375 0.490625 0.610938 0.55625 0.610938 0.557813 0.609375 0.5625 0.609375 0.564063 0.607813 0.56875 0.607813 0.570313 0.60625 0.575 0.60625 0.576563 0.604688 0.58125 0.604688 0.582813 0.603125 0.5875 0.603125 0.589063 0.601562 0.590625 0.601562 0.592188 0.6 0.595313 0.6 0.596875 0.598437 0.598437 0.598437 0.6 0.596875 0.601562 0.596875 0.60625 0.592188 0.607813 0.592188 0.6125 0.5875 0.502995
0 0.678125 0.532813 0.678125 0.55 0.679688 0.551563 0.679688 0.553125 0.68125 0.554688 0.682813 0.554688 0.6875 0.559375 0.689063 0.559375 0.690625 0.560938 0.692188 0.560938 0.696875 0.565625 0.698438 0.565625 0.7 0.567188 0.701563 0.567188 0.703125 0.56875 0.70625 0.56875 0.709375 0.571875 0.714063 0.571875 0.715625 0.573438 0.720313 0.573438 0.721875 0.575 0.725 0.575 0.726562 0.576563 0.728125 0.576563 0.729688 0.578125 0.739063 0.578125 0.740625 0.579688 0.745313 0.579688 0.746875 0.58125 0.75625 0.58125 0.757812 0.582813 0.757812 0.584375 0.75625 0.585938 0.751563 0.585938 0.75 0.5875 0.746875 0.5875 0.84375 0.5875 0.840625 0.584375 0.84375 0.58125 0.85 0.58125 0.851562 0.579688 0.857813 0.579688 0.859375 0.578125 0.860938 0.578125 0.864063 0.575 0.867188 0.575 0.875 0.567188 0.876563 0.567188 0.878125 0.565625 0.878125 0.557813 0.876563 0.557813 0.876563 0.559375 0.873438 0.5625 0.871875 0.5625 0.870313 0.564063 0.867188 0.564063 0.865625 0.565625 0.864063 0.565625 0.8625 0.567188 0.860938 0.567188 0.859375 0.56875 0.85625 0.56875 0.854688 0.570313 0.848438 0.570313 0.846875 0.571875 0.834375 0.571875 0.832813 0.573438 0.810938 0.573438 0.809375 0.575 0.790625 0.575 0.789062 0.573438 0.779688 0.573438 0.778125 0.571875 0.764063 0.571875 0.7625 0.570313 0.75 0.570313 0.748438 0.56875 0.742188 0.56875 0.740625 0.567188 0.734375 0.567188 0.732813 0.565625 0.728125 0.565625 0.726562 0.564063 0.723438 0.564063 0.721875 0.5625 0.717188 0.5625 0.715625 0.560938 0.7125 0.560938 0.710938 0.559375 0.707813 0.559375 0.70625 0.557813 0.704688 0.557813 0.703125 0.55625 0.701563 0.55625 0.7 0.554688 0.698438 0.554688 0.696875 0.553125 0.695312 0.553125 0.692188 0.55 0.690625 0.55 0.684375 0.54375 0.684375 0.542188 0.68125 0.539063 0.682813 0.5375 0.682813 0.532813 0.479993
0 0.38125 0.535938 0.379688 0.5375 0.378125 0.5375 0.371875 0.54375 0.370313 0.54375 0.36875 0.545313 0.367188 0.545313 0.365625 0.546875 0.364063 0.546875 0.359375 0.551563 0.35625 0.551563 0.354688 0.553125 0.351562 0.553125 0.35 0.554688 0.346875 0.554688 0.345313 0.55625 0.342188 0.55625 0.340625 0.557813 0.335938 0.557813 0.334375 0.559375 0.328125 0.559375 0.326563 0.560938 0.31875 0.560938 0.317188 0.5625 0.310937 0.5625 0.309375 0.564063 0.296875 0.564063 0.295313 0.565625 0.270313 0.565625 0.26875 0.564063 0.260938 0.564063 0.259375 0.5625 0.253125 0.5625 0.251563 0.560938 0.248438 0.560938 0.246875 0.5625 0.245313 0.5625 0.24375 0.560938 0.226562 0.560938 0.225 0.559375 0.221875 0.559375 0.220313 0.557813 0.21875 0.557813 0.217188 0.55625 0.214063 0.55625 0.2125 0.554688 0.210938 0.554688 0.209375 0.553125 0.196875 0.553125 0.190625 0.546875 0.189063 0.546875 0.184375 0.542188 0.184375 0.540625 0.182813 0.539063 0.18125 0.539063 0.18125 0.551563 0.1875 0.557813 0.1875 0.559375 0.189063 0.560938 0.190625 0.560938 0.195312 0.565625 0.2 0.565625 0.201563 0.567188 0.203125 0.567188 0.204688 0.56875 0.20625 0.56875 0.207813 0.570313 0.209375 0.570313 0.210938 0.571875 0.215625 0.571875 0.217188 0.573438 0.223438 0.573438 0.225 0.575 0.2375 0.575 0.239063 0.576563 0.24375 0.576563 0.245313 0.578125 0.24375 0.579688 0.235938 0.579688 0.3125 0.579688 0.30625 0.579688 0.304688 0.578125 0.307813 0.575 0.31875 0.575 0.320312 0.573438 0.329688 0.573438 0.33125 0.571875 0.334375 0.571875 0.335938 0.570313 0.339063 0.570313 0.340625 0.56875 0.345313 0.56875 0.346875 0.567188 0.35 0.567188 0.351562 0.565625 0.35625 0.565625 0.357813 0.564063 0.359375 0.564063 0.3625 0.560938 0.365625 0.560938 0.36875 0.557813 0.370313 0.557813 0.371875 0.55625 0.373438 0.55625 0.38125 0.548438 0.412355
0 0.378125 0.5375 0.376563 0.539063 0.376563 0.540625 0.373438 0.54375 0.371875 0.54375 0.370313 0.545313 0.36875 0.545313 0.367188 0.546875 0.365625 0.546875 0.360938 0.551563 0.357813 0.551563 0.35625 0.553125 0.353125 0.553125 0.351562 0.554688 0.35 0.554688 0.348438 0.55625 0.345313 0.55625 0.34375 0.557813 0.3375 0.557813 0.335938 0.559375 0.332813 0.559375 0.33125 0.560938 0.321875 0.560938 0.320312 0.5625 0.315625 0.5625 0.314063 0.564063 0.304688 0.564063 0.303125 0.565625 0.285938 0.565625 0.284375 0.567188 0.271875 0.567188 0.270313 0.565625 0.254688 0.565625 0.253125 0.564063 0.234375 0.564063 0.232813 0.5625 0.223438 0.5625 0.221875 0.560938 0.215625 0.560938 0.214063 0.559375 0.210938 0.559375 0.209375 0.557813 0.207813 0.557813 0.20625 0.55625 0.203125 0.55625 0.201563 0.554688 0.196875 0.554688 0.190625 0.548438 0.189063 0.548438 0.1875 0.546875 0.1875 0.545313 0.184375 0.542188 0.184375 0.540625 0.184375 0.557813 0.185938 0.559375 0.1875 0.559375 0.192188 0.564063 0.19375 0.564063 0.195312 0.565625 0.198438 0.565625 0.2 0.567188 0.203125 0.567188 0.204688 0.56875 0.20625 0.56875 0.207813 0.570313 0.209375 0.570313 0.210938 0.571875 0.217188 0.571875 0.21875 0.573438 0.225 0.573438 0.226562 0.575 0.239063 0.575 0.240625 0.576563 0.24375 0.576563 0.245313 0.578125 0.24375 0.579688 0.235938 0.579688 0.234375 0.58125 0.23125 0.58125 0.31875 0.58125 0.315625 0.58125 0.314063 0.579688 0.30625 0.579688 0.304688 0.578125 0.307813 0.575 0.317188 0.575 0.31875 0.573438 0.328125 0.573438 0.329688 0.571875 0.332813 0.571875 0.334375 0.570313 0.3375 0.570313 0.339063 0.56875 0.34375 0.56875 0.345313 0.567188 0.35 0.567188 0.351562 0.565625 0.354688 0.565625 0.35625 0.564063 0.357813 0.564063 0.359375 0.5625 0.360938 0.5625 0.3625 0.560938 0.364063 0.560938 0.365625 0.559375 0.36875 0.559375 0.371875 0.55625 0.375 0.55625 0.376563 0.554688 0.376563 0.553125 0.379688 0.55 0.38125 0.55 0.382812 0.548438 0.382812 0.546875 0.384375 0.545313 0.384375 0.5375 0.253691
