0 0.617188 0.409375 0.6125 0.414062 0.6125 0.415625 0.610938 0.417188 0.610938 0.420313 0.60625 0.425 0.60625 0.426563 0.601562 0.43125 0.6 0.43125 0.598437 0.432813 0.596875 0.432813 0.59375 0.435938 0.592188 0.435938 0.590625 0.4375 0.589063 0.4375 0.5875 0.439063 0.585938 0.439063 0.584375 0.440625 0.582813 0.440625 0.58125 0.442188 0.578125 0.442188 0.576563 0.44375 0.573438 0.44375 0.571875 0.445312 0.564063 0.445312 0.5625 0.446875 0.557813 0.446875 0.55625 0.448438 0.553125 0.448438 0.551563 0.45 0.548438 0.45 0.546875 0.451563 0.540625 0.451563 0.539063 0.453125 0.528125 0.453125 0.526563 0.454688 0.520313 0.454688 0.51875 0.45625 0.510938 0.45625 0.509375 0.457813 0.425 0.457813 0.423438 0.45625 0.4125 0.45625 0.410938 0.454688 0.404688 0.454688 0.403125 0.453125 0.398438 0.453125 0.396875 0.451563 0.3875 0.451563 0.385938 0.45 0.38125 0.45 0.379688 0.448438 0.378125 0.448438 0.376563 0.446875 0.375 0.446875 0.373438 0.445312 0.36875 0.445312 0.367188 0.44375 0.364063 0.44375 0.360938 0.440625 0.359375 0.440625 0.357813 0.439063 0.35625 0.439063 0.354688 0.4375 0.353125 0.4375 0.348438 0.432813 0.348438 0.43125 0.340625 0.423438 0.340625 0.421875 0.339063 0.420313 0.3375 0.420313 0.335938 0.41875 0.335938 0.417188 0.334375 0.415625 0.334375 0.414062 0.332813 0.4125 0.33125 0.414062 0.33125 0.423438 0.332813 0.425 0.332813 0.428125 0.339063 0.434375 0.339063 0.435938 0.340625 0.435938 0.342188 0.4375 0.342188 0.439063 0.34375 0.440625 0.34375 0.442188 0.359375 0.457813 0.360938 0.457813 0.3625 0.459375 0.365625 0.459375 0.367188 0.460938 0.36875 0.460938 0.371875 0.464063 0.376563 0.464063 0.378125 0.465625 0.384375 0.465625 0.385938 0.467188 0.3875 0.467188 0.389063 0.46875 0.392188 0.46875 0.39375 0.470313 0.404688 0.470313 0.40625 0.471875 0.420313 0.471875 0.421875 0.473438 0.44375 0.473438 0.445312 0.475 0.495313 0.475 0.496875 0.473438 0.510938 0.473438 0.5125 0.471875 0.521875 0.471875 0.523438 0.470313 0.534375 0.470313 0.535938 0.46875 0.539063 0.46875 0.540625 0.467188 0.545313 0.467188 0.546875 0.465625 0.551563 0.465625 0.553125 0.464063 0.559375 0.464063 0.560938 0.4625 0.564063 0.4625 0.565625 0.460938 0.567188 0.460938 0.56875 0.459375 0.571875 0.459375 0.573438 0.457813 0.578125 0.457813 0.579688 0.45625 0.58125 0.45625 0.582813 0.454688 0.584375 0.454688 0.585938 0.453125 0.5875 0.453125 0.589063 0.451563 0.590625 0.451563 0.59375 0.448438 0.595313 0.448438 0.598437 0.445312 0.6 0.445312 0.609375 0.435938 0.609375 0.434375 0.610938 0.432813 0.610938 0.43125 0.615625 0.426563 0.615625 0.425 0.617188 0.423438 0.95329
0 0.615625 0.395313 0.614062 0.396875 0.614062 0.398438 0.6125 0.4 0.6125 0.401563 0.609375 0.404688 0.609375 0.40625 0.601562 0.414062 0.6 0.414062 0.596875 0.417188 0.59375 0.417188 0.590625 0.420313 0.589063 0.420313 0.5875 0.421875 0.585938 0.421875 0.584375 0.423438 0.58125 0.423438 0.579688 0.425 0.576563 0.425 0.575 0.426563 0.573438 0.426563 0.571875 0.428125 0.564063 0.428125 0.5625 0.429688 0.557813 0.429688 0.55625 0.43125 0.551563 0.43125 0.55 0.432813 0.546875 0.432813 0.545313 0.434375 0.5375 0.434375 0.535938 0.435938 0.529688 0.435938 0.528125 0.4375 0.520313 0.4375 0.51875 0.439063 0.46875 0.439063 0.467188 0.440625 0.4375 0.440625 0.435938 0.439063 0.41875 0.439063 0.417188 0.4375 0.404688 0.4375 0.403125 0.435938 0.39375 0.435938 0.392188 0.434375 0.384375 0.434375 0.382812 0.432813 0.38125 0.432813 0.379688 0.43125 0.378125 0.43125 0.376563 0.429688 0.371875 0.429688 0.370313 0.428125 0.367188 0.428125 0.365625 0.426563 0.365625 0.423438 0.367188 0.421875 0.365625 0.420313 0.35625 0.420313 0.353125 0.417188 0.353125 0.415625 0.351562 0.414062 0.348438 0.414062 0.346875 0.4125 0.34375 0.4125 0.339063 0.407813 0.3375 0.407813 0.334375 0.404688 0.334375 0.403125 0.332813 0.401563 0.33125 0.401563 0.33125 0.404688 0.332813 0.40625 0.332813 0.4125 0.334375 0.414062 0.334375 0.415625 0.335938 0.417188 0.335938 0.41875 0.339063 0.421875 0.339063 0.423438 0.340625 0.423438 0.345313 0.428125 0.345313 0.429688 0.351562 0.435938 0.354688 0.435938 0.35625 0.4375 0.357813 0.4375 0.359375 0.439063 0.360938 0.439063 0.3625 0.440625 0.364063 0.440625 0.365625 0.442188 0.36875 0.442188 0.370313 0.44375 0.373438 0.44375 0.375 0.445312 0.376563 0.445312 0.378125 0.446875 0.379688 0.446875 0.38125 0.448438 0.384375 0.448438 0.385938 0.45 0.39375 0.45 0.395313 0.451563 0.401563 0.451563 0.403125 0.453125 0.409375 0.453125 0.410938 0.454688 0.421875 0.454688 0.423438 0.45625 0.478125 0.45625 0.479688 0.457813 0.501563 0.457813 0.503125 0.45625 0.514063 0.45625 0.515625 0.454688 0.520313 0.454688 0.521875 0.453125 0.528125 0.453125 0.529688 0.451563 0.540625 0.451563 0.542188 0.45 0.548438 0.45 0.55 0.448438 0.553125 0.448438 0.554688 0.446875 0.557813 0.446875 0.559375 0.445312 0.564063 0.445312 0.565625 0.44375 0.571875 0.44375 0.573438 0.442188 0.576563 0.442188 0.578125 0.440625 0.58125 0.440625 0.582813 0.439063 0.584375 0.439063 0.585938 0.4375 0.589063 0.4375 0.592188 0.434375 0.59375 0.434375 0.595313 0.432813 0.596875 0.432813 0.6 0.429688 0.601562 0.429688 0.610938 0.420313 0.610938 0.41875 0.615625 0.414062 0.950669
0 0.332813 0.423438 0.332813 0.425 0.33125 0.426563 0.33125 0.448438 0.332813 0.446875 0.335938 0.45 0.335938 0.451563 0.339063 0.454688 0.339063 0.45625 0.342188 0.459375 0.34375 0.459375 0.351562 0.467188 0.351562 0.46875 0.353125 0.470313 0.354688 0.470313 0.360938 0.476562 0.3625 0.476562 0.364063 0.478125 0.36875 0.478125 0.370313 0.479688 0.375 0.479688 0.376563 0.48125 0.378125 0.48125 0.379688 0.482813 0.382812 0.482813 0.384375 0.484375 0.389063 0.484375 0.390625 0.485938 0.396875 0.485938 0.398438 0.4875 0.409375 0.4875 0.410938 0.489063 0.420313 0.489063 0.421875 0.490625 0.440625 0.490625 0.442188 0.492188 0.484375 0.492188 0.485938 0.490625 0.503125 0.490625 0.504688 0.489063 0.51875 0.489063 0.520313 0.4875 0.526563 0.4875 0.528125 0.485938 0.534375 0.485938 0.535938 0.484375 0.540625 0.484375 0.542188 0.482813 0.55 0.482813 0.551563 0.48125 0.554688 0.48125 0.55625 0.479688 0.559375 0.479688 0.560938 0.478125 0.564063 0.478125 0.565625 0.476562 0.56875 0.476562 0.570313 0.475 0.573438 0.475 0.575 0.473438 0.576563 0.473438 0.578125 0.471875 0.579688 0.471875 0.58125 0.470313 0.582813 0.470313 0.585938 0.467188 0.5875 0.467188 0.589063 0.465625 0.590625 0.465625 0.595313 0.460938 0.596875 0.460938 0.6 0.457813 0.6 0.45625 0.604688 0.451563 0.604688 0.45 0.610938 0.44375 0.610938 0.442188 0.6125 0.440625 0.614062 0.440625 0.614062 0.439063 0.615625 0.4375 0.615625 0.426563 0.614062 0.426563 0.614062 0.428125 0.6125 0.429688 0.6125 0.43125 0.607813 0.435938 0.607813 0.4375 0.60625 0.439063 0.60625 0.440625 0.603125 0.44375 0.601562 0.44375 0.596875 0.448438 0.595313 0.448438 0.59375 0.45 0.592188 0.45 0.590625 0.451563 0.589063 0.451563 0.585938 0.454688 0.584375 0.454688 0.582813 0.45625 0.58125 0.45625 0.579688 0.457813 0.576563 0.457813 0.575 0.459375 0.571875 0.459375 0.570313 0.460938 0.56875 0.460938 0.567188 0.4625 0.564063 0.4625 0.5625 0.464063 0.55625 0.464063 0.554688 0.465625 0.551563 0.465625 0.55 0.467188 0.545313 0.467188 0.54375 0.46875 0.5375 0.46875 0.535938 0.470313 0.526563 0.470313 0.525 0.471875 0.517188 0.471875 0.515625 0.473438 0.504688 0.473438 0.503125 0.475 0.429688 0.475 0.428125 0.473438 0.40625 0.473438 0.404688 0.471875 0.396875 0.471875 0.395313 0.470313 0.392188 0.470313 0.390625 0.46875 0.385938 0.46875 0.384375 0.467188 0.38125 0.467188 0.379688 0.465625 0.376563 0.465625 0.375 0.464063 0.370313 0.464063 0.36875 0.4625 0.365625 0.4625 0.342188 0.439063 0.342188 0.4375 0.340625 0.435938 0.340625 0.434375 0.335938 0.429688 0.335938 0.428125 0.334375 0.426563 0.334375 0.425 0.931451
0 0.614062 0.4625 0.614062 0.464063 0.6125 0.465625 0.6125 0.467188 0.610938 0.46875 0.610938 0.470313 0.609375 0.471875 0.609375 0.475 0.607813 0.476562 0.607813 0.478125 0.601562 0.484375 0.601562 0.4875 0.595313 0.49375 0.595313 0.495313 0.5875 0.503125 0.585938 0.503125 0.582813 0.50625 0.58125 0.50625 0.579688 0.507812 0.578125 0.507812 0.576563 0.509375 0.571875 0.509375 0.570313 0.510938 0.56875 0.510938 0.567188 0.5125 0.565625 0.5125 0.564063 0.514063 0.559375 0.514063 0.557813 0.515625 0.551563 0.515625 0.55 0.517188 0.548438 0.517188 0.546875 0.51875 0.54375 0.51875 0.542188 0.520313 0.5375 0.520313 0.535938 0.521875 0.526563 0.521875 0.525 0.523438 0.520313 0.523438 0.51875 0.525 0.514063 0.525 0.5125 0.526563 0.504688 0.526563 0.503125 0.528125 0.482813 0.528125 0.48125 0.529688 0.465625 0.529688 0.464063 0.53125 0.45 0.53125 0.448438 0.529688 0.440625 0.529688 0.439063 0.528125 0.43125 0.528125 0.429688 0.526563 0.41875 0.526563 0.417188 0.525 0.410938 0.525 0.409375 0.523438 0.398438 0.523438 0.396875 0.521875 0.39375 0.521875 0.392188 0.520313 0.389063 0.520313 0.3875 0.51875 0.384375 0.51875 0.382812 0.517188 0.38125 0.517188 0.379688 0.515625 0.376563 0.515625 0.375 0.514063 0.371875 0.514063 0.370313 0.5125 0.36875 0.5125 0.367188 0.510938 0.365625 0.510938 0.364063 0.509375 0.3625 0.509375 0.360938 0.507812 0.359375 0.507812 0.357813 0.50625 0.35625 0.50625 0.346875 0.496875 0.346875 0.495313 0.342188 0.490625 0.342188 0.489063 0.340625 0.4875 0.340625 0.485938 0.339063 0.484375 0.339063 0.49375 0.345313 0.5 0.345313 0.504688 0.346875 0.50625 0.346875 0.507812 0.351562 0.5125 0.351562 0.514063 0.354688 0.517188 0.35625 0.517188 0.360938 0.521875 0.3625 0.521875 0.364063 0.523438 0.365625 0.523438 0.367188 0.525 0.36875 0.525 0.371875 0.528125 0.375 0.528125 0.376563 0.529688 0.378125 0.529688 0.379688 0.53125 0.38125 0.53125 0.382812 0.532813 0.384375 0.532813 0.385938 0.534375 0.389063 0.534375 0.390625 0.535938 0.395313 0.535938 0.396875 0.5375 0.4 0.5375 0.401563 0.539063 0.403125 0.539063 0.404688 0.540625 0.409375 0.540625 0.410938 0.542188 0.417188 0.542188 0.41875 0.54375 0.423438 0.54375 0.425 0.545313 0.432813 0.545313 0.434375 0.546875 0.446875 0.546875 0.448438 0.548438 0.4875 0.548438 0.489063 0.546875 0.501563 0.546875 0.503125 0.545313 0.50625 0.545313 0.507812 0.54375 0.51875 0.54375 0.520313 0.542188 0.529688 0.542188 0.53125 0.540625 0.5375 0.540625 0.539063 0.539063 0.542188 0.539063 0.54375 0.5375 0.548438 0.5375 0.55 0.535938 0.55625 0.535938 0.557813 0.534375 0.5625 0.534375 0.564063 0.532813 0.565625 0.532813 0.567188 0.53125 0.56875 0.53125 0.570313 0.529688 0.573438 0.529688 0.575 0.528125 0.578125 0.528125 0.579688 0.526563 0.58125 0.526563 0.582813 0.525 0.584375 0.525 0.585938 0.523438 0.5875 0.523438 0.589063 0.521875 0.590625 0.521875 0.592188 0.520313 0.59375 0.520313 0.598437 0.515625 0.6 0.515625 0.603125 0.5125 0.603125 0.510938 0.604688 0.509375 0.60625 0.509375 0.609375 0.50625 0.609375 0.504688 0.610938 0.503125 0.610938 0.501563 0.6125 0.5 0.6125 0.498438 0.614062 0.496875 0.614062 0.495313 0.615625 0.49375 0.615625 0.4875 0.617188 0.485938 0.617188 0.46875 0.615625 0.467188 0.615625 0.4625 0.930259
0 0.601562 0.476562 0.601562 0.476562 0.596875 0.482813 0.595313 0.482813 0.592188 0.485938 0.590625 0.485938 0.589063 0.4875 0.5875 0.4875 0.585938 0.489063 0.58125 0.489063 0.579688 0.490625 0.576563 0.490625 0.575 0.492188 0.571875 0.492188 0.570313 0.49375 0.567188 0.49375 0.565625 0.495313 0.560938 0.495313 0.559375 0.496875 0.557813 0.496875 0.55625 0.498438 0.553125 0.498438 0.551563 0.5 0.548438 0.5 0.546875 0.501563 0.540625 0.501563 0.539063 0.503125 0.532813 0.503125 0.53125 0.504688 0.526563 0.504688 0.525 0.50625 0.517188 0.50625 0.515625 0.507812 0.503125 0.507812 0.501563 0.509375 0.420313 0.509375 0.41875 0.507812 0.403125 0.507812 0.401563 0.50625 0.396875 0.50625 0.395313 0.504688 0.390625 0.504688 0.389063 0.503125 0.3875 0.503125 0.385938 0.501563 0.38125 0.501563 0.379688 0.5 0.376563 0.5 0.375 0.498438 0.373438 0.498438 0.370313 0.495313 0.365625 0.495313 0.364063 0.49375 0.3625 0.49375 0.360938 0.492188 0.359375 0.492188 0.35625 0.489063 0.354688 0.489063 0.353125 0.4875 0.351562 0.4875 0.346875 0.482813 0.346875 0.48125 0.340625 0.475 0.340625 0.473438 0.334375 0.467188 0.334375 0.465625 0.332813 0.464063 0.332813 0.475 0.334375 0.476562 0.334375 0.478125 0.339063 0.482813 0.339063 0.484375 0.340625 0.485938 0.340625 0.4875 0.34375 0.490625 0.34375 0.492188 0.346875 0.495313 0.346875 0.496875 0.348438 0.496875 0.35 0.498438 0.351562 0.498438 0.35625 0.503125 0.357813 0.503125 0.359375 0.504688 0.3625 0.504688 0.365625 0.507812 0.367188 0.507812 0.36875 0.509375 0.371875 0.509375 0.373438 0.510938 0.376563 0.510938 0.378125 0.5125 0.379688 0.5125 0.38125 0.514063 0.382812 0.514063 0.384375 0.515625 0.3875 0.515625 0.389063 0.517188 0.392188 0.517188 0.39375 0.51875 0.396875 0.51875 0.398438 0.520313 0.4 0.520313 0.401563 0.521875 0.410938 0.521875 0.4125 0.523438 0.423438 0.523438 0.425 0.525 0.432813 0.525 0.434375 0.526563 0.434375 0.528125 0.489063 0.528125 0.490625 0.526563 0.495313 0.526563 0.496875 0.525 0.507812 0.525 0.509375 0.523438 0.51875 0.523438 0.520313 0.521875 0.528125 0.521875 0.529688 0.520313 0.532813 0.520313 0.534375 0.51875 0.539063 0.51875 0.540625 0.517188 0.545313 0.517188 0.546875 0.515625 0.55 0.515625 0.551563 0.514063 0.553125 0.514063 0.55625 0.510938 0.559375 0.510938 0.560938 0.509375 0.565625 0.509375 0.567188 0.507812 0.570313 0.507812 0.573438 0.504688 0.575 0.504688 0.576563 0.503125 0.578125 0.503125 0.579688 0.501563 0.582813 0.501563 0.5875 0.496875 0.589063 0.496875 0.590625 0.495313 0.590625 0.49375 0.59375 0.490625 0.595313 0.490625 0.595313 0.4875 0.596875 0.485938 0.596875 0.482813 0.925902
0 0.620313 0.370313 0.620313 0.373438 0.617188 0.376563 0.614062 0.376563 0.614062 0.378125 0.610938 0.38125 0.609375 0.38125 0.607813 0.382812 0.60625 0.382812 0.604688 0.384375 0.603125 0.384375 0.6 0.3875 0.596875 0.3875 0.595313 0.389063 0.592188 0.389063 0.590625 0.390625 0.5875 0.390625 0.585938 0.392188 0.584375 0.392188 0.582813 0.39375 0.579688 0.39375 0.578125 0.395313 0.575 0.395313 0.573438 0.396875 0.56875 0.396875 0.567188 0.398438 0.560938 0.398438 0.559375 0.4 0.551563 0.4 0.55 0.401563 0.542188 0.401563 0.540625 0.403125 0.53125 0.403125 0.529688 0.404688 0.517188 0.404688 0.515625 0.40625 0.501563 0.40625 0.5 0.407813 0.479688 0.407813 0.478125 0.409375 0.4625 0.409375 0.460938 0.407813 0.435938 0.407813 0.434375 0.40625 0.404688 0.40625 0.403125 0.404688 0.39375 0.404688 0.392188 0.403125 0.3875 0.403125 0.385938 0.401563 0.379688 0.401563 0.378125 0.4 0.365625 0.4 0.364063 0.398438 0.3625 0.398438 0.360938 0.396875 0.359375 0.396875 0.357813 0.395313 0.351562 0.395313 0.35 0.39375 0.348438 0.39375 0.34375 0.389063 0.342188 0.389063 0.340625 0.3875 0.3375 0.3875 0.334375 0.384375 0.334375 0.382812 0.332813 0.382812 0.329688 0.379688 0.329688 0.378125 0.329688 0.385938 0.334375 0.390625 0.335938 0.390625 0.346875 0.401563 0.348438 0.401563 0.351562 0.404688 0.353125 0.404688 0.354688 0.40625 0.35625 0.40625 0.357813 0.407813 0.3625 0.407813 0.364063 0.409375 0.36875 0.409375 0.370313 0.410938 0.371875 0.410938 0.373438 0.4125 0.375 0.4125 0.376563 0.414062 0.384375 0.414062 0.385938 0.415625 0.39375 0.415625 0.395313 0.417188 0.4 0.417188 0.401563 0.41875 0.409375 0.41875 0.410938 0.420313 0.432813 0.420313 0.434375 0.421875 0.489063 0.421875 0.490625 0.420313 0.515625 0.420313 0.517188 0.41875 0.523438 0.41875 0.525 0.417188 0.53125 0.417188 0.532813 0.415625 0.539063 0.415625 0.540625 0.414062 0.553125 0.414062 0.554688 0.4125 0.559375 0.4125 0.560938 0.410938 0.565625 0.410938 0.567188 0.409375 0.571875 0.409375 0.573438 0.407813 0.579688 0.407813 0.58125 0.40625 0.584375 0.40625 0.585938 0.404688 0.5875 0.404688 0.589063 0.403125 0.590625 0.403125 0.592188 0.401563 0.595313 0.401563 0.596875 0.4 0.598437 0.4 0.6 0.398438 0.601562 0.398438 0.604688 0.395313 0.60625 0.395313 0.6125 0.389063 0.614062 0.389063 0.614062 0.3875 0.61875 0.382812 0.61875 0.38125 0.620313 0.379688 0.882722
0 0.329688 0.434375 0.329688 0.4625 0.33125 0.464063 0.33125 0.465625 0.332813 0.467188 0.332813 0.46875 0.339063 0.475 0.339063 0.476562 0.340625 0.478125 0.342188 0.478125 0.35 0.485938 0.351562 0.485938 0.353125 0.4875 0.354688 0.4875 0.357813 0.490625 0.360938 0.490625 0.364063 0.49375 0.365625 0.49375 0.367188 0.495313 0.370313 0.495313 0.371875 0.496875 0.375 0.496875 0.376563 0.498438 0.379688 0.498438 0.38125 0.5 0.382812 0.5 0.384375 0.501563 0.3875 0.501563 0.389063 0.503125 0.39375 0.503125 0.395313 0.504688 0.401563 0.504688 0.403125 0.50625 0.407813 0.50625 0.409375 0.507812 0.415625 0.507812 0.417188 0.509375 0.420313 0.509375 0.421875 0.510938 0.423438 0.510938 0.425 0.5125 0.482813 0.5125 0.484375 0.510938 0.485938 0.5125 0.49375 0.5125 0.495313 0.510938 0.504688 0.510938 0.50625 0.509375 0.507812 0.509375 0.509375 0.507812 0.5125 0.507812 0.514063 0.50625 0.520313 0.50625 0.521875 0.504688 0.528125 0.504688 0.529688 0.503125 0.5375 0.503125 0.539063 0.501563 0.54375 0.501563 0.545313 0.5 0.548438 0.5 0.55 0.498438 0.553125 0.498438 0.554688 0.496875 0.559375 0.496875 0.560938 0.495313 0.565625 0.495313 0.567188 0.49375 0.570313 0.49375 0.571875 0.492188 0.573438 0.492188 0.575 0.490625 0.576563 0.490625 0.578125 0.489063 0.579688 0.489063 0.58125 0.4875 0.582813 0.4875 0.584375 0.485938 0.585938 0.485938 0.589063 0.482813 0.590625 0.482813 0.59375 0.479688 0.595313 0.479688 0.603125 0.471875 0.603125 0.46875 0.60625 0.465625 0.60625 0.464063 0.607813 0.4625 0.607813 0.460938 0.609375 0.459375 0.609375 0.454688 0.610938 0.453125 0.610938 0.448438 0.6125 0.446875 0.614062 0.446875 0.614062 0.442188 0.615625 0.440625 0.615625 0.439063 0.614062 0.439063 0.614062 0.442188 0.6125 0.44375 0.6125 0.445312 0.607813 0.45 0.607813 0.453125 0.604688 0.45625 0.603125 0.45625 0.601562 0.457813 0.601562 0.459375 0.598437 0.4625 0.596875 0.4625 0.595313 0.464063 0.59375 0.464063 0.589063 0.46875 0.5875 0.46875 0.585938 0.470313 0.584375 0.470313 0.582813 0.471875 0.58125 0.471875 0.578125 0.475 0.576563 0.475 0.575 0.476562 0.570313 0.476562 0.56875 0.478125 0.565625 0.478125 0.564063 0.479688 0.560938 0.479688 0.559375 0.48125 0.55625 0.48125 0.554688 0.482813 0.546875 0.482813 0.545313 0.484375 0.540625 0.484375 0.539063 0.485938 0.535938 0.485938 0.534375 0.4875 0.529688 0.4875 0.528125 0.489063 0.517188 0.489063 0.515625 0.490625 0.49375 0.490625 0.492188 0.492188 0.473438 0.492188 0.471875 0.49375 0.439063 0.49375 0.4375 0.492188 0.423438 0.492188 0.421875 0.490625 0.410938 0.490625 0.409375 0.489063 0.395313 0.489063 0.39375 0.4875 0.3875 0.4875 0.385938 0.485938 0.38125 0.485938 0.378125 0.482813 0.373438 0.482813 0.371875 0.48125 0.367188 0.48125 0.365625 0.479688 0.3625 0.479688 0.357813 0.475 0.35625 0.475 0.346875 0.465625 0.346875 0.464063 0.340625 0.457813 0.340625 0.45625 0.339063 0.454688 0.339063 0.453125 0.3375 0.451563 0.3375 0.446875 0.335938 0.445312 0.335938 0.44375 0.334375 0.442188 0.334375 0.439063 0.332813 0.4375 0.332813 0.435938 0.33125 0.435938 0.763884
0 0.6125 0.392188 0.609375 0.395313 0.607813 0.395313 0.603125 0.4 0.601562 0.4 0.6 0.401563 0.596875 0.401563 0.595313 0.403125 0.59375 0.403125 0.592188 0.404688 0.590625 0.404688 0.589063 0.40625 0.585938 0.40625 0.584375 0.407813 0.579688 0.407813 0.578125 0.409375 0.573438 0.409375 0.571875 0.410938 0.56875 0.410938 0.567188 0.4125 0.564063 0.4125 0.5625 0.414062 0.554688 0.414062 0.553125 0.415625 0.542188 0.415625 0.540625 0.417188 0.535938 0.417188 0.534375 0.41875 0.528125 0.41875 0.526563 0.420313 0.517188 0.420313 0.515625 0.421875 0.490625 0.421875 0.489063 0.423438 0.439063 0.423438 0.4375 0.421875 0.415625 0.421875 0.414062 0.420313 0.401563 0.420313 0.4 0.41875 0.39375 0.41875 0.392188 0.417188 0.385938 0.417188 0.384375 0.415625 0.378125 0.415625 0.376563 0.414062 0.36875 0.414062 0.367188 0.4125 0.364063 0.4125 0.3625 0.410938 0.359375 0.410938 0.357813 0.409375 0.35625 0.409375 0.354688 0.407813 0.351562 0.407813 0.35 0.40625 0.348438 0.40625 0.345313 0.403125 0.34375 0.403125 0.340625 0.4 0.339063 0.4 0.334375 0.395313 0.334375 0.39375 0.33125 0.39375 0.33125 0.398438 0.332813 0.4 0.332813 0.401563 0.334375 0.403125 0.334375 0.404688 0.3375 0.407813 0.3375 0.409375 0.348438 0.420313 0.35 0.420313 0.351562 0.421875 0.354688 0.421875 0.35625 0.423438 0.357813 0.423438 0.359375 0.425 0.360938 0.425 0.3625 0.426563 0.365625 0.426563 0.367188 0.428125 0.371875 0.428125 0.373438 0.429688 0.376563 0.429688 0.378125 0.43125 0.379688 0.43125 0.38125 0.432813 0.390625 0.432813 0.392188 0.434375 0.401563 0.434375 0.403125 0.435938 0.410938 0.435938 0.4125 0.4375 0.423438 0.4375 0.425 0.439063 0.445312 0.439063 0.446875 0.440625 0.467188 0.440625 0.46875 0.442188 0.498438 0.442188 0.5 0.440625 0.503125 0.440625 0.504688 0.439063 0.514063 0.439063 0.515625 0.4375 0.523438 0.4375 0.525 0.435938 0.532813 0.435938 0.534375 0.434375 0.540625 0.434375 0.542188 0.432813 0.548438 0.432813 0.55 0.43125 0.554688 0.43125 0.55625 0.429688 0.559375 0.429688 0.560938 0.428125 0.567188 0.428125 0.56875 0.426563 0.573438 0.426563 0.575 0.425 0.578125 0.425 0.579688 0.423438 0.582813 0.423438 0.584375 0.421875 0.5875 0.421875 0.589063 0.420313 0.590625 0.420313 0.592188 0.41875 0.59375 0.41875 0.595313 0.417188 0.596875 0.417188 0.598437 0.415625 0.6 0.415625 0.601562 0.414062 0.603125 0.414062 0.603125 0.4125 0.604688 0.410938 0.60625 0.410938 0.6125 0.404688 0.580735
0 0.4125 0.309375 0.410938 0.310937 0.40625 0.310937 0.404688 0.3125 0.395313 0.3125 0.39375 0.314063 0.375 0.314063 0.373438 0.315625 0.367188 0.315625 0.365625 0.317188 0.360938 0.317188 0.359375 0.31875 0.35625 0.31875 0.354688 0.320312 0.351562 0.320312 0.35 0.321875 0.346875 0.321875 0.345313 0.323438 0.342188 0.323438 0.340625 0.325 0.339063 0.325 0.3375 0.326563 0.335938 0.326563 0.334375 0.328125 0.332813 0.328125 0.33125 0.329688 0.329688 0.329688 0.328125 0.33125 0.326563 0.33125 0.321875 0.335938 0.321875 0.359375 0.323438 0.360938 0.323438 0.3625 0.325 0.3625 0.329688 0.367188 0.33125 0.367188 0.334375 0.370313 0.335938 0.370313 0.339063 0.373438 0.342188 0.373438 0.34375 0.375 0.345313 0.375 0.346875 0.376563 0.35 0.376563 0.351562 0.378125 0.354688 0.378125 0.35625 0.379688 0.3625 0.379688 0.364063 0.38125 0.373438 0.38125 0.375 0.382812 0.385938 0.382812 0.3875 0.384375 0.401563 0.384375 0.403125 0.385938 0.420313 0.385938 0.421875 0.3875 0.445312 0.3875 0.446875 0.389063 0.482813 0.389063 0.484375 0.3875 0.5125 0.3875 0.514063 0.385938 0.532813 0.385938 0.534375 0.384375 0.542188 0.384375 0.54375 0.382812 0.55 0.382812 0.551563 0.38125 0.559375 0.38125 0.560938 0.379688 0.56875 0.379688 0.570313 0.378125 0.575 0.378125 0.576563 0.376563 0.579688 0.376563 0.58125 0.375 0.585938 0.375 0.5875 0.373438 0.590625 0.373438 0.592188 0.371875 0.59375 0.371875 0.595313 0.370313 0.596875 0.370313 0.6 0.367188 0.601562 0.367188 0.603125 0.365625 0.604688 0.365625 0.607813 0.3625 0.609375 0.3625 0.614062 0.357813 0.615625 0.357813 0.623438 0.35 0.623438 0.348438 0.625 0.346875 0.625 0.328125 0.620313 0.323438 0.61875 0.323438 0.617188 0.321875 0.615625 0.321875 0.614062 0.320312 0.610938 0.320312 0.609375 0.31875 0.607813 0.31875 0.60625 0.317188 0.603125 0.317188 0.601562 0.315625 0.595313 0.315625 0.59375 0.314063 0.585938 0.314063 0.584375 0.3125 0.578125 0.3125 0.576563 0.310937 0.560938 0.310937 0.559375 0.309375 0.55625 0.309375 0.554688 0.310937 0.551563 0.310937 0.55 0.309375 0.545313 0.309375 0.54375 0.310937 0.5375 0.310937 0.535938 0.3125 0.49375 0.3125 0.492188 0.314063 0.45625 0.314063 0.454688 0.3125 0.448438 0.3125 0.446875 0.310937 0.439063 0.310937 0.4375 0.309375 0.542535
0 0.623438 0.35 0.620313 0.353125 0.620313 0.354688 0.615625 0.359375 0.614062 0.359375 0.609375 0.364063 0.607813 0.364063 0.604688 0.367188 0.603125 0.367188 0.601562 0.36875 0.6 0.36875 0.596875 0.371875 0.595313 0.371875 0.59375 0.373438 0.592188 0.373438 0.590625 0.375 0.5875 0.375 0.585938 0.376563 0.582813 0.376563 0.58125 0.378125 0.576563 0.378125 0.575 0.379688 0.571875 0.379688 0.570313 0.38125 0.5625 0.38125 0.560938 0.382812 0.551563 0.382812 0.55 0.384375 0.54375 0.384375 0.542188 0.385938 0.535938 0.385938 0.534375 0.3875 0.520313 0.3875 0.51875 0.389063 0.485938 0.389063 0.484375 0.390625 0.473438 0.390625 0.471875 0.392188 0.459375 0.392188 0.457813 0.390625 0.44375 0.390625 0.442188 0.389063 0.415625 0.389063 0.414062 0.3875 0.4 0.3875 0.398438 0.385938 0.3875 0.385938 0.385938 0.384375 0.375 0.384375 0.373438 0.382812 0.3625 0.382812 0.360938 0.38125 0.353125 0.38125 0.351562 0.379688 0.35 0.379688 0.348438 0.378125 0.346875 0.378125 0.345313 0.376563 0.340625 0.376563 0.339063 0.375 0.3375 0.375 0.334375 0.371875 0.334375 0.38125 0.339063 0.385938 0.340625 0.385938 0.34375 0.389063 0.345313 0.389063 0.346875 0.390625 0.348438 0.390625 0.353125 0.395313 0.360938 0.395313 0.3625 0.396875 0.367188 0.396875 0.36875 0.398438 0.373438 0.398438 0.375 0.4 0.379688 0.4 0.38125 0.401563 0.385938 0.401563 0.3875 0.403125 0.396875 0.403125 0.398438 0.404688 0.407813 0.404688 0.409375 0.40625 0.445312 0.40625 0.446875 0.407813 0.490625 0.407813 0.492188 0.40625 0.503125 0.40625 0.504688 0.404688 0.515625 0.404688 0.517188 0.403125 0.542188 0.403125 0.54375 0.401563 0.546875 0.401563 0.548438 0.4 0.553125 0.4 0.554688 0.398438 0.5625 0.398438 0.564063 0.396875 0.571875 0.396875 0.573438 0.395313 0.576563 0.395313 0.578125 0.39375 0.58125 0.39375 0.582813 0.392188 0.584375 0.392188 0.585938 0.390625 0.589063 0.390625 0.590625 0.389063 0.592188 0.389063 0.59375 0.3875 0.595313 0.3875 0.596875 0.385938 0.598437 0.385938 0.6 0.384375 0.603125 0.384375 0.60625 0.38125 0.607813 0.38125 0.610938 0.378125 0.6125 0.378125 0.623438 0.367188 0.40716
0 0.617188 0.3875 0.609375 0.395313 0.607813 0.395313 0.603125 0.4 0.601562 0.4 0.6 0.401563 0.596875 0.401563 0.595313 0.403125 0.59375 0.403125 0.592188 0.404688 0.590625 0.404688 0.589063 0.40625 0.585938 0.40625 0.584375 0.407813 0.579688 0.407813 0.578125 0.409375 0.573438 0.409375 0.571875 0.410938 0.56875 0.410938 0.567188 0.4125 0.564063 0.4125 0.5625 0.414062 0.55625 0.414062 0.554688 0.415625 0.54375 0.415625 0.542188 0.417188 0.535938 0.417188 0.534375 0.41875 0.528125 0.41875 0.526563 0.420313 0.51875 0.420313 0.517188 0.421875 0.492188 0.421875 0.490625 0.423438 0.4375 0.423438 0.435938 0.421875 0.4125 0.421875 0.410938 0.420313 0.4 0.420313 0.398438 0.41875 0.392188 0.41875 0.390625 0.417188 0.385938 0.417188 0.384375 0.415625 0.376563 0.415625 0.375 0.414062 0.36875 0.414062 0.367188 0.4125 0.3625 0.4125 0.360938 0.410938 0.359375 0.410938 0.357813 0.409375 0.354688 0.409375 0.353125 0.407813 0.351562 0.407813 0.35 0.40625 0.348438 0.40625 0.346875 0.404688 0.345313 0.404688 0.342188 0.401563 0.340625 0.401563 0.334375 0.395313 0.334375 0.39375 0.332813 0.39375 0.33125 0.395313 0.33125 0.396875 0.332813 0.398438 0.332813 0.401563 0.335938 0.404688 0.335938 0.40625 0.339063 0.409375 0.339063 0.410938 0.348438 0.420313 0.351562 0.420313 0.353125 0.421875 0.35625 0.421875 0.359375 0.425 0.360938 0.425 0.3625 0.426563 0.365625 0.426563 0.367188 0.428125 0.371875 0.428125 0.373438 0.429688 0.376563 0.429688 0.378125 0.43125 0.38125 0.43125 0.382812 0.432813 0.392188 0.432813 0.39375 0.434375 0.403125 0.434375 0.404688 0.435938 0.410938 0.435938 0.4125 0.4375 0.425 0.4375 0.426563 0.439063 0.454688 0.439063 0.45625 0.440625 0.479688 0.440625 0.48125 0.442188 0.4875 0.442188 0.489063 0.440625 0.49375 0.440625 0.495313 0.442188 0.496875 0.440625 0.498438 0.440625 0.5 0.439063 0.510938 0.439063 0.5125 0.4375 0.523438 0.4375 0.525 0.435938 0.53125 0.435938 0.532813 0.434375 0.539063 0.434375 0.540625 0.432813 0.548438 0.432813 0.55 0.43125 0.553125 0.43125 0.554688 0.429688 0.559375 0.429688 0.560938 0.428125 0.567188 0.428125 0.56875 0.426563 0.573438 0.426563 0.575 0.425 0.578125 0.425 0.579688 0.423438 0.582813 0.423438 0.584375 0.421875 0.5875 0.421875 0.589063 0.420313 0.590625 0.420313 0.592188 0.41875 0.59375 0.41875 0.595313 0.417188 0.596875 0.417188 0.598437 0.415625 0.6 0.415625 0.604688 0.410938 0.60625 0.410938 0.617188 0.4 0.279565
