0 0.615625 0.403125 0.615625 0.409375 0.614062 0.410938 0.614062 0.415625 0.6125 0.417188 0.6125 0.41875 0.604688 0.426563 0.603125 0.426563 0.598437 0.43125 0.596875 0.43125 0.595313 0.432813 0.592188 0.432813 0.590625 0.434375 0.589063 0.434375 0.5875 0.435938 0.585938 0.435938 0.584375 0.4375 0.58125 0.4375 0.579688 0.439063 0.575 0.439063 0.573438 0.440625 0.56875 0.440625 0.567188 0.442188 0.564063 0.442188 0.5625 0.44375 0.559375 0.44375 0.557813 0.445312 0.553125 0.445312 0.551563 0.446875 0.539063 0.446875 0.5375 0.448438 0.53125 0.448438 0.529688 0.45 0.520313 0.45 0.51875 0.451563 0.446875 0.451563 0.445312 0.45 0.435938 0.45 0.434375 0.448438 0.426563 0.448438 0.425 0.446875 0.417188 0.446875 0.415625 0.445312 0.407813 0.445312 0.40625 0.44375 0.403125 0.44375 0.401563 0.442188 0.398438 0.442188 0.396875 0.440625 0.390625 0.440625 0.389063 0.439063 0.384375 0.439063 0.382812 0.4375 0.38125 0.4375 0.379688 0.435938 0.378125 0.435938 0.376563 0.434375 0.375 0.434375 0.373438 0.432813 0.371875 0.432813 0.36875 0.429688 0.367188 0.429688 0.364063 0.426563 0.3625 0.426563 0.35625 0.420313 0.35625 0.417188 0.354688 0.415625 0.354688 0.414062 0.354688 0.423438 0.35625 0.425 0.35625 0.428125 0.3625 0.434375 0.3625 0.435938 0.364063 0.4375 0.364063 0.439063 0.365625 0.440625 0.367188 0.440625 0.373438 0.446875 0.375 0.446875 0.376563 0.448438 0.378125 0.448438 0.379688 0.45 0.38125 0.45 0.382812 0.451563 0.384375 0.451563 0.385938 0.453125 0.389063 0.453125 0.390625 0.454688 0.39375 0.454688 0.395313 0.45625 0.398438 0.45625 0.4 0.457813 0.403125 0.457813 0.404688 0.459375 0.410938 0.459375 0.4125 0.460938 0.415625 0.460938 0.417188 0.4625 0.421875 0.4625 0.423438 0.464063 0.434375 0.464063 0.435938 0.465625 0.44375 0.465625 0.445312 0.467188 0.471875 0.467188 0.473438 0.46875 0.496875 0.46875 0.498438 0.467188 0.520313 0.467188 0.521875 0.465625 0.53125 0.465625 0.532813 0.464063 0.545313 0.464063 0.546875 0.4625 0.551563 0.4625 0.553125 0.460938 0.55625 0.460938 0.557813 0.459375 0.5625 0.459375 0.564063 0.457813 0.56875 0.457813 0.570313 0.45625 0.573438 0.45625 0.575 0.454688 0.578125 0.454688 0.579688 0.453125 0.58125 0.453125 0.582813 0.451563 0.585938 0.451563 0.5875 0.45 0.589063 0.45 0.590625 0.448438 0.592188 0.448438 0.59375 0.446875 0.595313 0.446875 0.596875 0.445312 0.598437 0.445312 0.601562 0.442188 0.603125 0.442188 0.614062 0.43125 0.614062 0.429688 0.617188 0.426563 0.617188 0.425 0.61875 0.423438 0.61875 0.420313 0.620313 0.41875 0.620313 0.410938 0.615625 0.40625 0.966334
0 0.614062 0.389063 0.614062 0.396875 0.6125 0.398438 0.6125 0.4 0.6 0.4125 0.598437 0.4125 0.596875 0.414062 0.59375 0.414062 0.592188 0.415625 0.590625 0.415625 0.5875 0.41875 0.585938 0.41875 0.584375 0.420313 0.578125 0.420313 0.576563 0.421875 0.573438 0.421875 0.571875 0.423438 0.56875 0.423438 0.567188 0.425 0.564063 0.425 0.5625 0.426563 0.553125 0.426563 0.551563 0.428125 0.540625 0.428125 0.539063 0.429688 0.534375 0.429688 0.532813 0.43125 0.526563 0.43125 0.525 0.432813 0.507812 0.432813 0.50625 0.434375 0.44375 0.434375 0.442188 0.432813 0.425 0.432813 0.423438 0.43125 0.41875 0.43125 0.417188 0.429688 0.414062 0.429688 0.4125 0.428125 0.407813 0.428125 0.40625 0.426563 0.396875 0.426563 0.395313 0.425 0.39375 0.425 0.392188 0.423438 0.390625 0.423438 0.389063 0.421875 0.3875 0.421875 0.385938 0.420313 0.384375 0.420313 0.382812 0.41875 0.375 0.41875 0.373438 0.417188 0.370313 0.417188 0.36875 0.415625 0.367188 0.415625 0.365625 0.414062 0.364063 0.414062 0.353125 0.403125 0.353125 0.401563 0.351562 0.4 0.351562 0.398438 0.35 0.396875 0.35 0.395313 0.348438 0.39375 0.348438 0.390625 0.348438 0.409375 0.35 0.410938 0.35 0.4125 0.351562 0.414062 0.351562 0.415625 0.35625 0.420313 0.35625 0.421875 0.357813 0.421875 0.360938 0.425 0.3625 0.425 0.365625 0.428125 0.367188 0.428125 0.370313 0.43125 0.371875 0.43125 0.375 0.434375 0.376563 0.434375 0.378125 0.435938 0.38125 0.435938 0.382812 0.4375 0.384375 0.4375 0.385938 0.439063 0.392188 0.439063 0.39375 0.440625 0.396875 0.440625 0.398438 0.442188 0.403125 0.442188 0.404688 0.44375 0.410938 0.44375 0.4125 0.445312 0.420313 0.445312 0.421875 0.446875 0.429688 0.446875 0.43125 0.448438 0.440625 0.448438 0.442188 0.45 0.475 0.45 0.476562 0.451563 0.503125 0.451563 0.504688 0.45 0.521875 0.45 0.523438 0.448438 0.53125 0.448438 0.532813 0.446875 0.54375 0.446875 0.545313 0.445312 0.553125 0.445312 0.554688 0.44375 0.559375 0.44375 0.560938 0.442188 0.5625 0.442188 0.564063 0.440625 0.56875 0.440625 0.570313 0.439063 0.575 0.439063 0.576563 0.4375 0.579688 0.4375 0.58125 0.435938 0.584375 0.435938 0.585938 0.434375 0.5875 0.434375 0.589063 0.432813 0.59375 0.432813 0.596875 0.429688 0.598437 0.429688 0.60625 0.421875 0.607813 0.421875 0.609375 0.420313 0.609375 0.41875 0.6125 0.415625 0.6125 0.414062 0.615625 0.410938 0.615625 0.407813 0.617188 0.40625 0.617188 0.4 0.615625 0.398438 0.615625 0.389063 0.955191
0 0.617188 0.432813 0.615625 0.432813 0.614062 0.434375 0.614062 0.435938 0.609375 0.440625 0.607813 0.440625 0.603125 0.445312 0.601562 0.445312 0.6 0.446875 0.598437 0.446875 0.596875 0.448438 0.595313 0.448438 0.59375 0.45 0.592188 0.45 0.590625 0.451563 0.5875 0.451563 0.585938 0.453125 0.582813 0.453125 0.58125 0.454688 0.579688 0.454688 0.578125 0.45625 0.575 0.45625 0.573438 0.457813 0.565625 0.457813 0.564063 0.459375 0.5625 0.459375 0.560938 0.460938 0.557813 0.460938 0.55625 0.4625 0.553125 0.4625 0.551563 0.464063 0.542188 0.464063 0.540625 0.465625 0.53125 0.465625 0.529688 0.467188 0.520313 0.467188 0.51875 0.46875 0.495313 0.46875 0.49375 0.470313 0.460938 0.470313 0.459375 0.46875 0.44375 0.46875 0.442188 0.467188 0.435938 0.467188 0.434375 0.465625 0.426563 0.465625 0.425 0.464063 0.417188 0.464063 0.415625 0.4625 0.410938 0.4625 0.409375 0.460938 0.40625 0.460938 0.404688 0.459375 0.401563 0.459375 0.4 0.457813 0.395313 0.457813 0.39375 0.45625 0.389063 0.45625 0.3875 0.454688 0.385938 0.454688 0.384375 0.453125 0.382812 0.453125 0.38125 0.451563 0.378125 0.451563 0.375 0.448438 0.373438 0.448438 0.36875 0.44375 0.367188 0.44375 0.360938 0.4375 0.360938 0.435938 0.359375 0.434375 0.359375 0.432813 0.357813 0.43125 0.357813 0.439063 0.359375 0.440625 0.359375 0.442188 0.360938 0.44375 0.360938 0.446875 0.3625 0.448438 0.3625 0.451563 0.371875 0.460938 0.373438 0.460938 0.375 0.4625 0.376563 0.4625 0.379688 0.465625 0.38125 0.465625 0.382812 0.467188 0.384375 0.467188 0.3875 0.470313 0.390625 0.470313 0.392188 0.471875 0.39375 0.471875 0.395313 0.473438 0.4 0.473438 0.401563 0.475 0.407813 0.475 0.409375 0.476562 0.4125 0.476562 0.414062 0.478125 0.420313 0.478125 0.421875 0.479688 0.429688 0.479688 0.43125 0.48125 0.439063 0.48125 0.440625 0.482813 0.45 0.482813 0.451563 0.484375 0.526563 0.484375 0.528125 0.482813 0.534375 0.482813 0.535938 0.48125 0.540625 0.48125 0.542188 0.479688 0.546875 0.479688 0.548438 0.478125 0.554688 0.478125 0.55625 0.476562 0.5625 0.476562 0.564063 0.475 0.567188 0.475 0.56875 0.473438 0.571875 0.473438 0.573438 0.471875 0.576563 0.471875 0.578125 0.470313 0.579688 0.470313 0.58125 0.46875 0.584375 0.46875 0.585938 0.467188 0.5875 0.467188 0.589063 0.465625 0.590625 0.465625 0.592188 0.464063 0.59375 0.464063 0.598437 0.459375 0.6 0.459375 0.601562 0.457813 0.603125 0.457813 0.609375 0.451563 0.609375 0.45 0.614062 0.445312 0.614062 0.44375 0.615625 0.442188 0.615625 0.4375 0.617188 0.435938 0.617188 0.432813 0.620313 0.428125 0.620313 0.423438 0.620313 0.428125 0.929859
0 0.6125 0.371875 0.610938 0.373438 0.609375 0.373438 0.60625 0.376563 0.603125 0.376563 0.6 0.379688 0.598437 0.379688 0.596875 0.38125 0.595313 0.38125 0.59375 0.382812 0.592188 0.382812 0.590625 0.384375 0.5875 0.384375 0.585938 0.385938 0.582813 0.385938 0.58125 0.3875 0.578125 0.3875 0.576563 0.389063 0.570313 0.389063 0.56875 0.390625 0.560938 0.390625 0.559375 0.392188 0.551563 0.392188 0.55 0.39375 0.54375 0.39375 0.542188 0.395313 0.534375 0.395313 0.532813 0.396875 0.514063 0.396875 0.5125 0.398438 0.482813 0.398438 0.48125 0.4 0.445312 0.4 0.44375 0.398438 0.423438 0.398438 0.421875 0.396875 0.4125 0.396875 0.410938 0.395313 0.4 0.395313 0.398438 0.39375 0.389063 0.39375 0.3875 0.392188 0.384375 0.392188 0.382812 0.390625 0.378125 0.390625 0.376563 0.389063 0.371875 0.389063 0.370313 0.3875 0.36875 0.3875 0.367188 0.385938 0.365625 0.385938 0.364063 0.384375 0.3625 0.384375 0.360938 0.382812 0.357813 0.382812 0.35625 0.38125 0.354688 0.38125 0.35 0.376563 0.348438 0.376563 0.348438 0.385938 0.351562 0.389063 0.353125 0.389063 0.359375 0.395313 0.360938 0.395313 0.3625 0.396875 0.365625 0.396875 0.367188 0.398438 0.36875 0.398438 0.371875 0.401563 0.376563 0.401563 0.378125 0.403125 0.38125 0.403125 0.382812 0.404688 0.384375 0.404688 0.385938 0.40625 0.3875 0.40625 0.389063 0.407813 0.398438 0.407813 0.4 0.409375 0.409375 0.409375 0.410938 0.410938 0.414062 0.410938 0.415625 0.4125 0.425 0.4125 0.426563 0.414062 0.440625 0.414062 0.442188 0.415625 0.501563 0.415625 0.503125 0.414062 0.528125 0.414062 0.529688 0.4125 0.535938 0.4125 0.5375 0.410938 0.54375 0.410938 0.545313 0.409375 0.554688 0.409375 0.55625 0.407813 0.565625 0.407813 0.567188 0.40625 0.570313 0.40625 0.571875 0.404688 0.573438 0.404688 0.575 0.403125 0.578125 0.403125 0.579688 0.401563 0.582813 0.401563 0.584375 0.4 0.5875 0.4 0.589063 0.398438 0.590625 0.398438 0.592188 0.396875 0.59375 0.396875 0.595313 0.395313 0.596875 0.395313 0.6 0.392188 0.601562 0.392188 0.603125 0.390625 0.604688 0.390625 0.610938 0.384375 0.610938 0.38125 0.6125 0.379688 0.919439
0 0.609375 0.334375 0.609375 0.335938 0.610938 0.3375 0.610938 0.339063 0.609375 0.340625 0.609375 0.345313 0.607813 0.346875 0.607813 0.348438 0.60625 0.35 0.60625 0.351562 0.6 0.357813 0.598437 0.357813 0.59375 0.3625 0.592188 0.3625 0.590625 0.364063 0.585938 0.364063 0.584375 0.365625 0.582813 0.365625 0.58125 0.367188 0.578125 0.367188 0.576563 0.36875 0.571875 0.36875 0.570313 0.370313 0.564063 0.370313 0.5625 0.371875 0.557813 0.371875 0.55625 0.373438 0.551563 0.373438 0.55 0.375 0.535938 0.375 0.534375 0.376563 0.517188 0.376563 0.515625 0.378125 0.5 0.378125 0.498438 0.379688 0.473438 0.379688 0.471875 0.38125 0.429688 0.38125 0.428125 0.379688 0.414062 0.379688 0.4125 0.378125 0.403125 0.378125 0.401563 0.376563 0.3875 0.376563 0.385938 0.375 0.379688 0.375 0.378125 0.373438 0.376563 0.373438 0.375 0.371875 0.371875 0.371875 0.370313 0.370313 0.364063 0.370313 0.3625 0.36875 0.359375 0.36875 0.35625 0.365625 0.354688 0.365625 0.353125 0.364063 0.351562 0.364063 0.35 0.3625 0.348438 0.3625 0.346875 0.360938 0.346875 0.371875 0.351562 0.376563 0.353125 0.376563 0.35625 0.379688 0.357813 0.379688 0.359375 0.38125 0.360938 0.38125 0.3625 0.382812 0.365625 0.382812 0.367188 0.384375 0.36875 0.384375 0.370313 0.385938 0.371875 0.385938 0.373438 0.3875 0.376563 0.3875 0.378125 0.389063 0.384375 0.389063 0.385938 0.390625 0.392188 0.390625 0.39375 0.392188 0.401563 0.392188 0.403125 0.39375 0.407813 0.39375 0.409375 0.395313 0.41875 0.395313 0.420313 0.396875 0.515625 0.396875 0.517188 0.395313 0.534375 0.395313 0.535938 0.39375 0.539063 0.39375 0.540625 0.392188 0.54375 0.392188 0.545313 0.390625 0.560938 0.390625 0.5625 0.389063 0.56875 0.389063 0.570313 0.3875 0.573438 0.3875 0.575 0.385938 0.578125 0.385938 0.579688 0.384375 0.584375 0.384375 0.585938 0.382812 0.590625 0.382812 0.592188 0.38125 0.59375 0.38125 0.596875 0.378125 0.598437 0.378125 0.6 0.376563 0.601562 0.376563 0.603125 0.375 0.604688 0.375 0.607813 0.371875 0.609375 0.371875 0.617188 0.364063 0.617188 0.34375 0.615625 0.342188 0.615625 0.339063 0.614062 0.3375 0.610938 0.3375 0.609375 0.335938 0.881103
0 0.376563 0.310937 0.375 0.3125 0.36875 0.3125 0.367188 0.314063 0.3625 0.314063 0.360938 0.315625 0.357813 0.315625 0.35625 0.317188 0.353125 0.317188 0.351562 0.31875 0.348438 0.31875 0.346875 0.320312 0.34375 0.320312 0.342188 0.321875 0.340625 0.321875 0.335938 0.326563 0.335938 0.351562 0.3375 0.353125 0.339063 0.353125 0.34375 0.357813 0.345313 0.357813 0.348438 0.360938 0.35 0.360938 0.351562 0.3625 0.353125 0.3625 0.354688 0.364063 0.35625 0.364063 0.357813 0.365625 0.359375 0.365625 0.360938 0.367188 0.364063 0.367188 0.365625 0.36875 0.370313 0.36875 0.371875 0.370313 0.375 0.370313 0.376563 0.371875 0.379688 0.371875 0.38125 0.373438 0.389063 0.373438 0.390625 0.375 0.403125 0.375 0.404688 0.376563 0.414062 0.376563 0.415625 0.378125 0.428125 0.378125 0.429688 0.379688 0.482813 0.379688 0.484375 0.378125 0.50625 0.378125 0.507812 0.376563 0.517188 0.376563 0.51875 0.375 0.5375 0.375 0.539063 0.373438 0.55 0.373438 0.551563 0.371875 0.55625 0.371875 0.557813 0.370313 0.5625 0.370313 0.564063 0.36875 0.570313 0.36875 0.571875 0.367188 0.578125 0.367188 0.579688 0.365625 0.58125 0.365625 0.582813 0.364063 0.585938 0.364063 0.5875 0.3625 0.592188 0.3625 0.59375 0.360938 0.595313 0.360938 0.6 0.35625 0.601562 0.35625 0.607813 0.35 0.607813 0.348438 0.610938 0.345313 0.610938 0.342188 0.6125 0.340625 0.6125 0.3375 0.610938 0.335938 0.610938 0.332813 0.609375 0.33125 0.609375 0.328125 0.603125 0.321875 0.601562 0.321875 0.6 0.320312 0.598437 0.320312 0.596875 0.31875 0.595313 0.31875 0.59375 0.317188 0.592188 0.317188 0.590625 0.315625 0.589063 0.315625 0.5875 0.314063 0.584375 0.314063 0.582813 0.3125 0.579688 0.3125 0.578125 0.310937 0.866238
0 0.348438 0.382812 0.348438 0.396875 0.351562 0.4 0.351562 0.401563 0.353125 0.401563 0.354688 0.403125 0.35625 0.403125 0.359375 0.40625 0.359375 0.407813 0.360938 0.407813 0.3625 0.409375 0.364063 0.409375 0.36875 0.414062 0.370313 0.414062 0.371875 0.415625 0.376563 0.415625 0.378125 0.417188 0.38125 0.417188 0.384375 0.420313 0.385938 0.420313 0.3875 0.421875 0.392188 0.421875 0.39375 0.423438 0.398438 0.423438 0.4 0.425 0.404688 0.425 0.40625 0.426563 0.410938 0.426563 0.4125 0.428125 0.417188 0.428125 0.41875 0.429688 0.425 0.429688 0.426563 0.43125 0.445312 0.43125 0.446875 0.432813 0.503125 0.432813 0.504688 0.43125 0.521875 0.43125 0.523438 0.429688 0.532813 0.429688 0.534375 0.428125 0.540625 0.428125 0.542188 0.426563 0.553125 0.426563 0.554688 0.425 0.560938 0.425 0.5625 0.423438 0.567188 0.423438 0.56875 0.421875 0.573438 0.421875 0.575 0.420313 0.576563 0.420313 0.578125 0.41875 0.58125 0.41875 0.582813 0.417188 0.585938 0.417188 0.5875 0.415625 0.589063 0.415625 0.590625 0.414062 0.592188 0.414062 0.59375 0.4125 0.595313 0.4125 0.596875 0.410938 0.598437 0.410938 0.6 0.409375 0.601562 0.409375 0.603125 0.407813 0.603125 0.40625 0.60625 0.403125 0.607813 0.403125 0.607813 0.401563 0.609375 0.4 0.609375 0.398438 0.610938 0.396875 0.610938 0.39375 0.6125 0.392188 0.6125 0.385938 0.614062 0.384375 0.609375 0.384375 0.60625 0.3875 0.60625 0.389063 0.603125 0.392188 0.601562 0.392188 0.598437 0.395313 0.596875 0.395313 0.59375 0.398438 0.592188 0.398438 0.590625 0.4 0.589063 0.4 0.5875 0.401563 0.582813 0.401563 0.58125 0.403125 0.576563 0.403125 0.573438 0.40625 0.570313 0.40625 0.56875 0.407813 0.5625 0.407813 0.560938 0.409375 0.551563 0.409375 0.55 0.410938 0.54375 0.410938 0.542188 0.4125 0.5375 0.4125 0.535938 0.414062 0.525 0.414062 0.523438 0.415625 0.45 0.415625 0.448438 0.414062 0.41875 0.414062 0.417188 0.4125 0.414062 0.4125 0.4125 0.410938 0.407813 0.410938 0.40625 0.409375 0.395313 0.409375 0.392188 0.40625 0.390625 0.40625 0.389063 0.404688 0.3875 0.404688 0.385938 0.403125 0.382812 0.403125 0.38125 0.401563 0.378125 0.401563 0.376563 0.4 0.370313 0.4 0.36875 0.398438 0.365625 0.398438 0.3625 0.395313 0.360938 0.395313 0.359375 0.39375 0.357813 0.39375 0.35625 0.392188 0.35625 0.390625 0.824804
0 0.620313 0.440625 0.620313 0.439063 0.620313 0.440625 0.609375 0.457813 0.607813 0.459375 0.60625 0.459375 0.603125 0.4625 0.601562 0.4625 0.6 0.464063 0.598437 0.464063 0.596875 0.465625 0.595313 0.465625 0.59375 0.467188 0.592188 0.467188 0.590625 0.46875 0.589063 0.46875 0.5875 0.470313 0.582813 0.470313 0.58125 0.471875 0.576563 0.471875 0.575 0.473438 0.573438 0.473438 0.571875 0.475 0.56875 0.475 0.567188 0.476562 0.5625 0.476562 0.560938 0.478125 0.553125 0.478125 0.551563 0.479688 0.546875 0.479688 0.545313 0.48125 0.540625 0.48125 0.539063 0.482813 0.532813 0.482813 0.53125 0.484375 0.504688 0.484375 0.503125 0.485938 0.459375 0.485938 0.457813 0.484375 0.445312 0.484375 0.44375 0.482813 0.434375 0.482813 0.432813 0.48125 0.421875 0.48125 0.420313 0.479688 0.415625 0.479688 0.414062 0.478125 0.410938 0.478125 0.409375 0.476562 0.401563 0.476562 0.4 0.475 0.395313 0.475 0.39375 0.473438 0.392188 0.473438 0.390625 0.471875 0.389063 0.471875 0.3875 0.470313 0.384375 0.470313 0.382812 0.46875 0.38125 0.46875 0.376563 0.464063 0.375 0.464063 0.371875 0.460938 0.370313 0.460938 0.367188 0.457813 0.367188 0.45625 0.365625 0.454688 0.365625 0.453125 0.3625 0.45 0.3625 0.448438 0.360938 0.446875 0.360938 0.445312 0.359375 0.44375 0.359375 0.439063 0.359375 0.45625 0.3625 0.459375 0.3625 0.460938 0.364063 0.4625 0.364063 0.465625 0.365625 0.465625 0.370313 0.470313 0.370313 0.471875 0.371875 0.471875 0.382812 0.482813 0.384375 0.482813 0.385938 0.484375 0.3875 0.484375 0.389063 0.485938 0.39375 0.485938 0.395313 0.4875 0.398438 0.4875 0.4 0.489063 0.403125 0.489063 0.404688 0.490625 0.407813 0.490625 0.409375 0.492188 0.414062 0.492188 0.415625 0.49375 0.420313 0.49375 0.421875 0.495313 0.426563 0.495313 0.428125 0.496875 0.4375 0.496875 0.439063 0.498438 0.45 0.498438 0.451563 0.5 0.467188 0.5 0.46875 0.501563 0.5 0.501563 0.501563 0.5 0.525 0.5 0.526563 0.498438 0.535938 0.498438 0.5375 0.496875 0.54375 0.496875 0.545313 0.495313 0.551563 0.495313 0.553125 0.49375 0.557813 0.49375 0.559375 0.492188 0.564063 0.492188 0.565625 0.490625 0.570313 0.490625 0.571875 0.489063 0.573438 0.489063 0.575 0.4875 0.578125 0.4875 0.579688 0.485938 0.584375 0.485938 0.585938 0.484375 0.589063 0.484375 0.592188 0.48125 0.59375 0.48125 0.595313 0.479688 0.596875 0.479688 0.598437 0.478125 0.6 0.478125 0.60625 0.471875 0.607813 0.471875 0.609375 0.470313 0.609375 0.467188 0.610938 0.465625 0.610938 0.459375 0.609375 0.457813 0.749928
0 0.348438 0.384375 0.348438 0.4 0.353125 0.404688 0.354688 0.404688 0.360938 0.410938 0.3625 0.410938 0.365625 0.414062 0.367188 0.414062 0.36875 0.415625 0.371875 0.415625 0.373438 0.417188 0.375 0.417188 0.376563 0.41875 0.379688 0.41875 0.38125 0.420313 0.382812 0.420313 0.384375 0.421875 0.3875 0.421875 0.389063 0.423438 0.392188 0.423438 0.39375 0.425 0.4 0.425 0.401563 0.426563 0.407813 0.426563 0.409375 0.428125 0.414062 0.428125 0.415625 0.429688 0.420313 0.429688 0.421875 0.43125 0.43125 0.43125 0.432813 0.432813 0.475 0.432813 0.476562 0.434375 0.492188 0.434375 0.49375 0.432813 0.532813 0.432813 0.534375 0.43125 0.5375 0.43125 0.539063 0.429688 0.54375 0.429688 0.545313 0.428125 0.55 0.428125 0.551563 0.426563 0.559375 0.426563 0.560938 0.425 0.565625 0.425 0.567188 0.423438 0.570313 0.423438 0.571875 0.421875 0.575 0.421875 0.576563 0.420313 0.579688 0.420313 0.58125 0.41875 0.584375 0.41875 0.585938 0.417188 0.5875 0.417188 0.589063 0.415625 0.590625 0.415625 0.592188 0.414062 0.595313 0.414062 0.598437 0.410938 0.6 0.410938 0.601562 0.409375 0.603125 0.409375 0.610938 0.401563 0.610938 0.4 0.6125 0.398438 0.6125 0.396875 0.614062 0.395313 0.614062 0.390625 0.615625 0.389063 0.614062 0.3875 0.614062 0.384375 0.6125 0.385938 0.609375 0.385938 0.601562 0.39375 0.6 0.39375 0.598437 0.395313 0.596875 0.395313 0.59375 0.398438 0.592188 0.398438 0.590625 0.4 0.5875 0.4 0.585938 0.401563 0.582813 0.401563 0.58125 0.403125 0.578125 0.403125 0.576563 0.404688 0.575 0.404688 0.573438 0.40625 0.570313 0.40625 0.56875 0.407813 0.559375 0.407813 0.557813 0.409375 0.55 0.409375 0.548438 0.410938 0.545313 0.410938 0.54375 0.4125 0.539063 0.4125 0.5375 0.414062 0.525 0.414062 0.523438 0.415625 0.442188 0.415625 0.440625 0.414062 0.421875 0.414062 0.420313 0.4125 0.414062 0.4125 0.4125 0.410938 0.407813 0.410938 0.40625 0.409375 0.396875 0.409375 0.395313 0.407813 0.389063 0.407813 0.3875 0.40625 0.384375 0.40625 0.382812 0.404688 0.38125 0.404688 0.379688 0.403125 0.375 0.403125 0.373438 0.401563 0.370313 0.401563 0.36875 0.4 0.367188 0.4 0.365625 0.398438 0.364063 0.398438 0.3625 0.396875 0.360938 0.396875 0.357813 0.39375 0.35625 0.39375 0.354688 0.392188 0.354688 0.390625 0.527931
0 0.620313 0.439063 0.620313 0.445312 0.61875 0.446875 0.61875 0.448438 0.617188 0.45 0.615625 0.45 0.614062 0.451563 0.614062 0.453125 0.609375 0.457813 0.607813 0.457813 0.604688 0.460938 0.603125 0.460938 0.6 0.464063 0.596875 0.464063 0.59375 0.467188 0.592188 0.467188 0.590625 0.46875 0.589063 0.46875 0.5875 0.470313 0.584375 0.470313 0.582813 0.471875 0.578125 0.471875 0.576563 0.473438 0.575 0.473438 0.573438 0.475 0.571875 0.475 0.570313 0.476562 0.565625 0.476562 0.564063 0.478125 0.557813 0.478125 0.55625 0.479688 0.551563 0.479688 0.55 0.48125 0.545313 0.48125 0.54375 0.482813 0.5375 0.482813 0.535938 0.484375 0.526563 0.484375 0.525 0.485938 0.51875 0.485938 0.517188 0.4875 0.50625 0.4875 0.504688 0.489063 0.464063 0.489063 0.4625 0.4875 0.453125 0.4875 0.451563 0.485938 0.446875 0.485938 0.445312 0.484375 0.435938 0.484375 0.434375 0.482813 0.423438 0.482813 0.421875 0.48125 0.417188 0.48125 0.415625 0.479688 0.4125 0.479688 0.410938 0.478125 0.40625 0.478125 0.404688 0.476562 0.396875 0.476562 0.395313 0.475 0.392188 0.475 0.390625 0.473438 0.389063 0.473438 0.3875 0.471875 0.385938 0.471875 0.384375 0.470313 0.38125 0.470313 0.376563 0.465625 0.375 0.465625 0.373438 0.464063 0.371875 0.464063 0.360938 0.453125 0.360938 0.451563 0.359375 0.45 0.359375 0.445312 0.359375 0.459375 0.3625 0.4625 0.3625 0.464063 0.364063 0.465625 0.364063 0.467188 0.365625 0.467188 0.370313 0.471875 0.370313 0.473438 0.371875 0.473438 0.38125 0.482813 0.382812 0.482813 0.384375 0.484375 0.385938 0.484375 0.3875 0.485938 0.390625 0.485938 0.392188 0.4875 0.39375 0.4875 0.395313 0.489063 0.398438 0.489063 0.4 0.490625 0.404688 0.490625 0.40625 0.492188 0.409375 0.492188 0.410938 0.49375 0.4125 0.49375 0.414062 0.495313 0.41875 0.495313 0.420313 0.496875 0.428125 0.496875 0.429688 0.498438 0.434375 0.498438 0.435938 0.5 0.439063 0.5 0.440625 0.501563 0.446875 0.501563 0.448438 0.503125 0.457813 0.503125 0.459375 0.504688 0.539063 0.504688 0.542188 0.501563 0.54375 0.501563 0.546875 0.498438 0.551563 0.498438 0.553125 0.496875 0.55625 0.496875 0.557813 0.495313 0.560938 0.495313 0.5625 0.49375 0.565625 0.49375 0.567188 0.492188 0.56875 0.492188 0.570313 0.490625 0.573438 0.490625 0.575 0.489063 0.576563 0.489063 0.578125 0.4875 0.58125 0.4875 0.582813 0.485938 0.585938 0.485938 0.5875 0.484375 0.590625 0.484375 0.592188 0.482813 0.59375 0.482813 0.595313 0.48125 0.596875 0.48125 0.6 0.478125 0.601562 0.478125 0.607813 0.471875 0.609375 0.471875 0.610938 0.470313 0.610938 0.46875 0.614062 0.465625 0.614062 0.464063 0.615625 0.4625 0.615625 0.460938 0.617188 0.459375 0.617188 0.45625 0.61875 0.454688 0.61875 0.453125 0.620313 0.451563 0.620313 0.446875 0.621875 0.445312 0.621875 0.44375 0.620313 0.442188 0.378349
