0 0.596875 0.60625 0.595313 0.607813 0.595313 0.609375 0.59375 0.610938 0.59375 0.6125 0.589063 0.617188 0.589063 0.61875 0.5875 0.620313 0.5875 0.621875 0.575 0.634375 0.571875 0.634375 0.570313 0.635938 0.56875 0.635938 0.567188 0.6375 0.564063 0.6375 0.5625 0.639063 0.559375 0.639063 0.557813 0.640625 0.551563 0.640625 0.55 0.642188 0.546875 0.642188 0.545313 0.64375 0.54375 0.64375 0.542188 0.645312 0.540625 0.645312 0.539063 0.646875 0.528125 0.646875 0.526563 0.648438 0.520313 0.648438 0.51875 0.65 0.5125 0.65 0.510938 0.651563 0.5 0.651563 0.498438 0.653125 0.448438 0.653125 0.446875 0.651563 0.439063 0.651563 0.4375 0.65 0.43125 0.65 0.429688 0.648438 0.425 0.648438 0.423438 0.646875 0.417188 0.646875 0.415625 0.645312 0.409375 0.645312 0.407813 0.64375 0.404688 0.64375 0.403125 0.642188 0.398438 0.642188 0.396875 0.640625 0.395313 0.640625 0.39375 0.639063 0.389063 0.639063 0.3875 0.6375 0.385938 0.6375 0.382812 0.634375 0.38125 0.634375 0.379688 0.632812 0.378125 0.632812 0.376563 0.63125 0.375 0.63125 0.364063 0.620313 0.360938 0.620313 0.360938 0.626563 0.3625 0.628125 0.3625 0.629687 0.364063 0.63125 0.364063 0.632812 0.373438 0.642188 0.375 0.642188 0.379688 0.646875 0.38125 0.646875 0.382812 0.648438 0.384375 0.648438 0.385938 0.65 0.389063 0.65 0.390625 0.651563 0.392188 0.651563 0.39375 0.653125 0.396875 0.653125 0.398438 0.654688 0.404688 0.654688 0.40625 0.65625 0.409375 0.65625 0.410938 0.657813 0.414062 0.657813 0.415625 0.659375 0.420313 0.659375 0.421875 0.660938 0.428125 0.660938 0.429688 0.6625 0.439063 0.6625 0.440625 0.664062 0.453125 0.664062 0.454688 0.665625 0.501563 0.665625 0.503125 0.664062 0.5125 0.664062 0.514063 0.6625 0.526563 0.6625 0.528125 0.660938 0.534375 0.660938 0.535938 0.659375 0.540625 0.659375 0.542188 0.657813 0.54375 0.657813 0.545313 0.65625 0.548438 0.65625 0.55 0.654688 0.554688 0.654688 0.55625 0.653125 0.559375 0.653125 0.560938 0.651563 0.5625 0.651563 0.565625 0.648438 0.570313 0.648438 0.571875 0.646875 0.573438 0.646875 0.576563 0.64375 0.578125 0.64375 0.58125 0.640625 0.582813 0.640625 0.584375 0.639063 0.584375 0.6375 0.590625 0.63125 0.590625 0.629687 0.59375 0.626563 0.59375 0.625 0.596875 0.621875 0.596875 0.61875 0.598437 0.617188 0.598437 0.607813 0.959016
0 0.357813 0.595313 0.357813 0.604688 0.359375 0.60625 0.359375 0.607813 0.360938 0.609375 0.360938 0.610938 0.3625 0.6125 0.3625 0.614062 0.364063 0.615625 0.364063 0.617188 0.365625 0.61875 0.365625 0.620313 0.371875 0.626563 0.373438 0.626563 0.376563 0.629687 0.378125 0.629687 0.38125 0.632812 0.382812 0.632812 0.384375 0.634375 0.385938 0.634375 0.3875 0.635938 0.389063 0.635938 0.390625 0.6375 0.39375 0.6375 0.395313 0.639063 0.398438 0.639063 0.4 0.640625 0.403125 0.640625 0.404688 0.642188 0.407813 0.642188 0.409375 0.64375 0.414062 0.64375 0.415625 0.645312 0.421875 0.645312 0.423438 0.646875 0.428125 0.646875 0.429688 0.648438 0.434375 0.648438 0.435938 0.65 0.442188 0.65 0.44375 0.651563 0.507812 0.651563 0.509375 0.65 0.514063 0.65 0.515625 0.648438 0.521875 0.648438 0.523438 0.646875 0.532813 0.646875 0.534375 0.645312 0.539063 0.645312 0.540625 0.64375 0.542188 0.64375 0.54375 0.642188 0.545313 0.642188 0.546875 0.640625 0.551563 0.640625 0.553125 0.639063 0.559375 0.639063 0.560938 0.6375 0.5625 0.6375 0.564063 0.635938 0.565625 0.635938 0.567188 0.634375 0.56875 0.634375 0.570313 0.632812 0.571875 0.632812 0.573438 0.63125 0.575 0.63125 0.578125 0.628125 0.579688 0.628125 0.585938 0.621875 0.585938 0.620313 0.590625 0.615625 0.590625 0.614062 0.592188 0.6125 0.592188 0.610938 0.59375 0.609375 0.59375 0.607813 0.595313 0.60625 0.595313 0.604688 0.596875 0.603125 0.596875 0.595313 0.595313 0.595313 0.595313 0.598437 0.592188 0.601562 0.589063 0.601562 0.589063 0.603125 0.5875 0.604688 0.5875 0.60625 0.585938 0.607813 0.584375 0.607813 0.578125 0.614062 0.576563 0.614062 0.571875 0.61875 0.56875 0.61875 0.567188 0.620313 0.564063 0.620313 0.560938 0.623438 0.559375 0.623438 0.557813 0.625 0.551563 0.625 0.55 0.626563 0.546875 0.626563 0.545313 0.628125 0.542188 0.628125 0.540625 0.629687 0.5375 0.629687 0.535938 0.63125 0.529688 0.63125 0.528125 0.632812 0.517188 0.632812 0.515625 0.634375 0.507812 0.634375 0.50625 0.635938 0.498438 0.635938 0.496875 0.6375 0.459375 0.6375 0.457813 0.635938 0.445312 0.635938 0.44375 0.634375 0.435938 0.634375 0.434375 0.632812 0.420313 0.632812 0.41875 0.63125 0.4125 0.63125 0.410938 0.629687 0.40625 0.629687 0.404688 0.628125 0.401563 0.628125 0.4 0.626563 0.39375 0.626563 0.392188 0.625 0.389063 0.625 0.385938 0.621875 0.384375 0.621875 0.382812 0.620313 0.38125 0.620313 0.379688 0.61875 0.378125 0.61875 0.376563 0.617188 0.375 0.617188 0.373438 0.615625 0.373438 0.614062 0.371875 0.614062 0.367188 0.609375 0.367188 0.607813 0.365625 0.60625 0.365625 0.603125 0.364063 0.601562 0.364063 0.6 0.3625 0.598437 0.3625 0.596875 0.360938 0.595313 0.949468
0 0.601562 0.521875 0.601562 0.525 0.6 0.526563 0.6 0.529688 0.598437 0.53125 0.596875 0.53125 0.595313 0.532813 0.595313 0.534375 0.589063 0.540625 0.5875 0.540625 0.584375 0.54375 0.582813 0.54375 0.58125 0.545313 0.578125 0.545313 0.576563 0.546875 0.575 0.546875 0.573438 0.548438 0.571875 0.548438 0.570313 0.55 0.56875 0.55 0.567188 0.551563 0.559375 0.551563 0.557813 0.553125 0.551563 0.553125 0.55 0.554688 0.548438 0.554688 0.546875 0.55625 0.540625 0.55625 0.539063 0.557813 0.528125 0.557813 0.526563 0.559375 0.5125 0.559375 0.510938 0.560938 0.5 0.560938 0.498438 0.5625 0.467188 0.5625 0.465625 0.560938 0.4625 0.560938 0.460938 0.5625 0.459375 0.5625 0.457813 0.560938 0.44375 0.560938 0.442188 0.559375 0.428125 0.559375 0.426563 0.557813 0.410938 0.557813 0.409375 0.55625 0.404688 0.55625 0.403125 0.554688 0.401563 0.554688 0.4 0.553125 0.395313 0.553125 0.39375 0.551563 0.3875 0.551563 0.385938 0.55 0.382812 0.55 0.38125 0.548438 0.379688 0.548438 0.378125 0.546875 0.376563 0.546875 0.375 0.545313 0.373438 0.545313 0.371875 0.54375 0.370313 0.54375 0.365625 0.539063 0.364063 0.539063 0.360938 0.535938 0.360938 0.534375 0.359375 0.532813 0.359375 0.529688 0.357813 0.528125 0.357813 0.525 0.357813 0.540625 0.360938 0.54375 0.360938 0.545313 0.365625 0.55 0.365625 0.551563 0.367188 0.553125 0.36875 0.553125 0.375 0.559375 0.376563 0.559375 0.378125 0.560938 0.379688 0.560938 0.38125 0.5625 0.382812 0.5625 0.384375 0.564063 0.3875 0.564063 0.389063 0.565625 0.392188 0.565625 0.39375 0.567188 0.396875 0.567188 0.398438 0.56875 0.4 0.56875 0.401563 0.570313 0.410938 0.570313 0.4125 0.571875 0.420313 0.571875 0.421875 0.573438 0.425 0.573438 0.426563 0.575 0.435938 0.575 0.4375 0.576563 0.50625 0.576563 0.507812 0.575 0.521875 0.575 0.523438 0.573438 0.529688 0.573438 0.53125 0.571875 0.5375 0.571875 0.539063 0.570313 0.54375 0.570313 0.545313 0.56875 0.551563 0.56875 0.553125 0.567188 0.55625 0.567188 0.557813 0.565625 0.560938 0.565625 0.5625 0.564063 0.565625 0.564063 0.567188 0.5625 0.570313 0.5625 0.571875 0.560938 0.575 0.560938 0.576563 0.559375 0.578125 0.559375 0.579688 0.557813 0.58125 0.557813 0.585938 0.553125 0.5875 0.553125 0.590625 0.55 0.590625 0.548438 0.592188 0.546875 0.59375 0.546875 0.59375 0.545313 0.596875 0.542188 0.596875 0.539063 0.598437 0.5375 0.598437 0.534375 0.601562 0.53125 0.949397
0 0.359375 0.49375 0.359375 0.517188 0.360938 0.51875 0.360938 0.520313 0.3625 0.521875 0.364063 0.521875 0.365625 0.523438 0.367188 0.523438 0.370313 0.526563 0.371875 0.526563 0.375 0.529688 0.376563 0.529688 0.378125 0.53125 0.38125 0.53125 0.382812 0.532813 0.385938 0.532813 0.3875 0.534375 0.390625 0.534375 0.392188 0.535938 0.395313 0.535938 0.396875 0.5375 0.4 0.5375 0.401563 0.539063 0.409375 0.539063 0.410938 0.540625 0.421875 0.540625 0.423438 0.542188 0.428125 0.542188 0.429688 0.54375 0.439063 0.54375 0.440625 0.545313 0.515625 0.545313 0.517188 0.54375 0.525 0.54375 0.526563 0.542188 0.53125 0.542188 0.532813 0.540625 0.542188 0.540625 0.54375 0.539063 0.554688 0.539063 0.55625 0.5375 0.560938 0.5375 0.5625 0.535938 0.565625 0.535938 0.567188 0.534375 0.570313 0.534375 0.571875 0.532813 0.575 0.532813 0.576563 0.53125 0.578125 0.53125 0.579688 0.529688 0.58125 0.529688 0.582813 0.528125 0.584375 0.528125 0.585938 0.526563 0.589063 0.526563 0.59375 0.521875 0.595313 0.521875 0.596875 0.520313 0.596875 0.51875 0.601562 0.514063 0.601562 0.5125 0.603125 0.510938 0.603125 0.50625 0.601562 0.50625 0.596875 0.510938 0.595313 0.510938 0.592188 0.514063 0.589063 0.514063 0.5875 0.515625 0.585938 0.515625 0.584375 0.517188 0.582813 0.517188 0.58125 0.51875 0.579688 0.51875 0.578125 0.520313 0.571875 0.520313 0.570313 0.521875 0.565625 0.521875 0.564063 0.523438 0.560938 0.523438 0.559375 0.525 0.553125 0.525 0.551563 0.526563 0.532813 0.526563 0.53125 0.528125 0.504688 0.528125 0.503125 0.529688 0.453125 0.529688 0.451563 0.528125 0.428125 0.528125 0.426563 0.526563 0.4125 0.526563 0.410938 0.525 0.403125 0.525 0.401563 0.523438 0.398438 0.523438 0.396875 0.521875 0.395313 0.521875 0.39375 0.520313 0.389063 0.520313 0.3875 0.51875 0.382812 0.51875 0.38125 0.517188 0.379688 0.517188 0.376563 0.514063 0.375 0.514063 0.373438 0.5125 0.371875 0.5125 0.370313 0.510938 0.36875 0.510938 0.365625 0.507812 0.365625 0.50625 0.360938 0.501563 0.360938 0.5 0.359375 0.498438 0.945313
0 0.365625 0.453125 0.365625 0.473438 0.367188 0.473438 0.371875 0.478125 0.373438 0.478125 0.376563 0.48125 0.378125 0.48125 0.379688 0.482813 0.384375 0.482813 0.385938 0.484375 0.389063 0.484375 0.390625 0.485938 0.39375 0.485938 0.395313 0.4875 0.396875 0.4875 0.398438 0.489063 0.404688 0.489063 0.40625 0.490625 0.410938 0.490625 0.4125 0.492188 0.417188 0.492188 0.41875 0.49375 0.43125 0.49375 0.432813 0.495313 0.451563 0.495313 0.453125 0.496875 0.473438 0.496875 0.475 0.498438 0.504688 0.498438 0.50625 0.496875 0.525 0.496875 0.526563 0.495313 0.535938 0.495313 0.5375 0.49375 0.546875 0.49375 0.548438 0.492188 0.559375 0.492188 0.560938 0.490625 0.567188 0.490625 0.56875 0.489063 0.573438 0.489063 0.575 0.4875 0.579688 0.4875 0.58125 0.485938 0.5875 0.485938 0.589063 0.484375 0.590625 0.484375 0.592188 0.482813 0.59375 0.482813 0.595313 0.48125 0.596875 0.48125 0.598437 0.479688 0.6 0.479688 0.601562 0.478125 0.603125 0.478125 0.609375 0.471875 0.610938 0.471875 0.610938 0.46875 0.6125 0.467188 0.6125 0.4625 0.609375 0.459375 0.60625 0.4625 0.604688 0.4625 0.601562 0.465625 0.6 0.465625 0.596875 0.46875 0.59375 0.46875 0.592188 0.470313 0.5875 0.470313 0.585938 0.471875 0.582813 0.471875 0.58125 0.473438 0.579688 0.473438 0.578125 0.475 0.573438 0.475 0.571875 0.476562 0.560938 0.476562 0.559375 0.478125 0.539063 0.478125 0.5375 0.479688 0.532813 0.479688 0.53125 0.48125 0.521875 0.48125 0.520313 0.482813 0.467188 0.482813 0.465625 0.48125 0.435938 0.48125 0.434375 0.479688 0.429688 0.479688 0.428125 0.478125 0.421875 0.478125 0.420313 0.476562 0.409375 0.476562 0.407813 0.475 0.403125 0.475 0.401563 0.473438 0.398438 0.473438 0.396875 0.471875 0.39375 0.471875 0.392188 0.470313 0.389063 0.470313 0.3875 0.46875 0.384375 0.46875 0.382812 0.467188 0.38125 0.467188 0.379688 0.465625 0.378125 0.465625 0.375 0.4625 0.373438 0.4625 0.365625 0.454688 0.938822
0 0.367188 0.4125 0.367188 0.429688 0.36875 0.429688 0.370313 0.43125 0.371875 0.43125 0.373438 0.432813 0.375 0.432813 0.376563 0.434375 0.379688 0.434375 0.38125 0.435938 0.382812 0.435938 0.384375 0.4375 0.3875 0.4375 0.389063 0.439063 0.39375 0.439063 0.395313 0.440625 0.401563 0.440625 0.403125 0.442188 0.407813 0.442188 0.409375 0.44375 0.4125 0.44375 0.414062 0.445312 0.425 0.445312 0.426563 0.446875 0.446875 0.446875 0.448438 0.448438 0.476562 0.448438 0.478125 0.45 0.50625 0.45 0.507812 0.448438 0.53125 0.448438 0.532813 0.446875 0.553125 0.446875 0.554688 0.445312 0.565625 0.445312 0.567188 0.44375 0.571875 0.44375 0.573438 0.442188 0.578125 0.442188 0.579688 0.440625 0.589063 0.440625 0.590625 0.439063 0.595313 0.439063 0.598437 0.435938 0.6 0.435938 0.601562 0.434375 0.607813 0.434375 0.6125 0.429688 0.614062 0.429688 0.615625 0.428125 0.617188 0.428125 0.620313 0.425 0.620313 0.4125 0.61875 0.414062 0.615625 0.414062 0.614062 0.415625 0.6125 0.415625 0.609375 0.41875 0.60625 0.41875 0.604688 0.420313 0.603125 0.420313 0.601562 0.421875 0.6 0.421875 0.598437 0.423438 0.595313 0.423438 0.59375 0.425 0.5875 0.425 0.585938 0.426563 0.575 0.426563 0.573438 0.428125 0.565625 0.428125 0.564063 0.429688 0.554688 0.429688 0.553125 0.43125 0.539063 0.43125 0.5375 0.432813 0.451563 0.432813 0.45 0.43125 0.426563 0.43125 0.425 0.429688 0.417188 0.429688 0.415625 0.428125 0.410938 0.428125 0.409375 0.426563 0.4 0.426563 0.398438 0.425 0.392188 0.425 0.390625 0.423438 0.3875 0.423438 0.385938 0.421875 0.384375 0.421875 0.382812 0.420313 0.38125 0.420313 0.379688 0.41875 0.376563 0.41875 0.375 0.417188 0.373438 0.417188 0.371875 0.415625 0.370313 0.415625 0.932584
0 0.595313 0.625 0.592188 0.628125 0.592188 0.629687 0.589063 0.632812 0.589063 0.634375 0.578125 0.645312 0.576563 0.645312 0.573438 0.648438 0.570313 0.648438 0.56875 0.65 0.564063 0.65 0.5625 0.651563 0.560938 0.651563 0.559375 0.653125 0.55625 0.653125 0.554688 0.654688 0.553125 0.654688 0.551563 0.65625 0.55 0.65625 0.548438 0.657813 0.545313 0.657813 0.54375 0.659375 0.539063 0.659375 0.5375 0.660938 0.532813 0.660938 0.53125 0.6625 0.526563 0.6625 0.525 0.664062 0.5125 0.664062 0.510938 0.665625 0.496875 0.665625 0.495313 0.667188 0.470313 0.667188 0.46875 0.665625 0.440625 0.665625 0.439063 0.664062 0.43125 0.664062 0.429688 0.6625 0.426563 0.6625 0.425 0.660938 0.420313 0.660938 0.41875 0.659375 0.414062 0.659375 0.4125 0.657813 0.407813 0.657813 0.40625 0.65625 0.401563 0.65625 0.4 0.654688 0.395313 0.654688 0.39375 0.653125 0.390625 0.653125 0.389063 0.651563 0.385938 0.651563 0.384375 0.65 0.382812 0.65 0.38125 0.648438 0.379688 0.648438 0.376563 0.645312 0.375 0.645312 0.364063 0.634375 0.364063 0.632812 0.360938 0.629687 0.360938 0.628125 0.360938 0.6375 0.3625 0.639063 0.3625 0.640625 0.364063 0.642188 0.364063 0.645312 0.365625 0.646875 0.365625 0.648438 0.36875 0.651563 0.36875 0.653125 0.373438 0.657813 0.375 0.657813 0.378125 0.660938 0.379688 0.660938 0.384375 0.665625 0.3875 0.665625 0.389063 0.667188 0.392188 0.667188 0.39375 0.66875 0.395313 0.66875 0.396875 0.670313 0.398438 0.670313 0.4 0.671875 0.403125 0.671875 0.404688 0.673438 0.410938 0.673438 0.4125 0.675 0.415625 0.675 0.417188 0.676563 0.420313 0.676563 0.421875 0.678125 0.428125 0.678125 0.429688 0.679688 0.4375 0.679688 0.439063 0.68125 0.451563 0.68125 0.453125 0.682813 0.503125 0.682813 0.504688 0.68125 0.51875 0.68125 0.520313 0.679688 0.528125 0.679688 0.529688 0.678125 0.534375 0.678125 0.535938 0.676563 0.5375 0.676563 0.539063 0.675 0.542188 0.675 0.54375 0.673438 0.548438 0.673438 0.55 0.671875 0.553125 0.671875 0.554688 0.670313 0.55625 0.670313 0.557813 0.66875 0.559375 0.66875 0.560938 0.667188 0.5625 0.667188 0.564063 0.665625 0.565625 0.665625 0.567188 0.664062 0.56875 0.664062 0.573438 0.659375 0.575 0.659375 0.589063 0.645312 0.589063 0.64375 0.590625 0.642188 0.590625 0.640625 0.592188 0.639063 0.592188 0.6375 0.59375 0.635938 0.595313 0.635938 0.595313 0.634375 0.596875 0.632812 0.596875 0.625 0.930661
0 0.364063 0.473438 0.364063 0.4875 0.365625 0.4875 0.371875 0.49375 0.373438 0.49375 0.376563 0.496875 0.379688 0.496875 0.382812 0.5 0.385938 0.5 0.3875 0.501563 0.392188 0.501563 0.39375 0.503125 0.4 0.503125 0.401563 0.504688 0.404688 0.504688 0.40625 0.50625 0.410938 0.50625 0.4125 0.507812 0.420313 0.507812 0.421875 0.509375 0.432813 0.509375 0.434375 0.510938 0.448438 0.510938 0.45 0.5125 0.479688 0.5125 0.48125 0.514063 0.5125 0.514063 0.514063 0.5125 0.53125 0.5125 0.532813 0.510938 0.540625 0.510938 0.542188 0.509375 0.551563 0.509375 0.553125 0.507812 0.559375 0.507812 0.560938 0.50625 0.567188 0.50625 0.56875 0.504688 0.573438 0.504688 0.575 0.503125 0.578125 0.503125 0.579688 0.501563 0.582813 0.501563 0.584375 0.5 0.585938 0.5 0.5875 0.498438 0.589063 0.498438 0.590625 0.496875 0.59375 0.496875 0.596875 0.49375 0.598437 0.49375 0.6 0.492188 0.601562 0.492188 0.603125 0.490625 0.604688 0.490625 0.60625 0.489063 0.607813 0.489063 0.607813 0.4875 0.609375 0.485938 0.609375 0.48125 0.610938 0.479688 0.610938 0.476562 0.609375 0.475 0.603125 0.48125 0.601562 0.48125 0.6 0.482813 0.596875 0.482813 0.59375 0.485938 0.592188 0.485938 0.590625 0.4875 0.5875 0.4875 0.585938 0.489063 0.578125 0.489063 0.576563 0.490625 0.573438 0.490625 0.571875 0.492188 0.56875 0.492188 0.567188 0.49375 0.560938 0.49375 0.559375 0.495313 0.539063 0.495313 0.5375 0.496875 0.526563 0.496875 0.525 0.498438 0.515625 0.498438 0.514063 0.5 0.501563 0.5 0.5 0.501563 0.478125 0.501563 0.476562 0.5 0.460938 0.5 0.459375 0.498438 0.445312 0.498438 0.44375 0.496875 0.428125 0.496875 0.426563 0.495313 0.414062 0.495313 0.4125 0.49375 0.407813 0.49375 0.40625 0.492188 0.404688 0.492188 0.403125 0.490625 0.398438 0.490625 0.396875 0.489063 0.390625 0.489063 0.389063 0.4875 0.3875 0.4875 0.385938 0.485938 0.384375 0.485938 0.382812 0.484375 0.379688 0.484375 0.378125 0.482813 0.376563 0.482813 0.375 0.48125 0.373438 0.48125 0.36875 0.476562 0.367188 0.476562 0.910586
0 0.367188 0.442188 0.367188 0.457813 0.370313 0.460938 0.371875 0.460938 0.375 0.464063 0.376563 0.464063 0.378125 0.465625 0.379688 0.465625 0.38125 0.467188 0.384375 0.467188 0.385938 0.46875 0.390625 0.46875 0.392188 0.470313 0.395313 0.470313 0.396875 0.471875 0.4 0.471875 0.401563 0.473438 0.40625 0.473438 0.407813 0.475 0.417188 0.475 0.41875 0.476562 0.425 0.476562 0.426563 0.478125 0.434375 0.478125 0.435938 0.479688 0.45 0.479688 0.451563 0.48125 0.453125 0.479688 0.460938 0.479688 0.4625 0.48125 0.523438 0.48125 0.525 0.479688 0.532813 0.479688 0.534375 0.478125 0.542188 0.478125 0.54375 0.476562 0.557813 0.476562 0.559375 0.475 0.567188 0.475 0.56875 0.473438 0.573438 0.473438 0.575 0.471875 0.58125 0.471875 0.582813 0.470313 0.589063 0.470313 0.590625 0.46875 0.59375 0.46875 0.595313 0.467188 0.596875 0.467188 0.598437 0.465625 0.601562 0.465625 0.60625 0.460938 0.607813 0.460938 0.615625 0.453125 0.615625 0.45 0.617188 0.448438 0.617188 0.446875 0.615625 0.445312 0.615625 0.442188 0.614062 0.442188 0.610938 0.445312 0.609375 0.445312 0.607813 0.446875 0.60625 0.446875 0.604688 0.448438 0.603125 0.448438 0.601562 0.45 0.6 0.45 0.598437 0.451563 0.596875 0.451563 0.595313 0.453125 0.592188 0.453125 0.590625 0.454688 0.589063 0.454688 0.5875 0.45625 0.582813 0.45625 0.58125 0.457813 0.571875 0.457813 0.570313 0.459375 0.565625 0.459375 0.564063 0.460938 0.559375 0.460938 0.557813 0.4625 0.548438 0.4625 0.546875 0.464063 0.503125 0.464063 0.501563 0.465625 0.45 0.465625 0.448438 0.464063 0.432813 0.464063 0.43125 0.4625 0.426563 0.4625 0.425 0.460938 0.420313 0.460938 0.41875 0.459375 0.415625 0.459375 0.414062 0.457813 0.40625 0.457813 0.404688 0.45625 0.39375 0.45625 0.392188 0.454688 0.389063 0.454688 0.3875 0.453125 0.384375 0.453125 0.382812 0.451563 0.38125 0.451563 0.379688 0.45 0.378125 0.45 0.376563 0.448438 0.375 0.448438 0.371875 0.445312 0.370313 0.445312 0.903217
0 0.626563 0.364063 0.626563 0.365625 0.621875 0.370313 0.61875 0.370313 0.617188 0.371875 0.614062 0.371875 0.6125 0.373438 0.610938 0.373438 0.609375 0.375 0.604688 0.375 0.603125 0.376563 0.592188 0.376563 0.590625 0.378125 0.575 0.378125 0.573438 0.379688 0.565625 0.379688 0.564063 0.38125 0.554688 0.38125 0.553125 0.382812 0.451563 0.382812 0.45 0.38125 0.43125 0.38125 0.429688 0.379688 0.420313 0.379688 0.41875 0.378125 0.401563 0.378125 0.4 0.376563 0.39375 0.376563 0.392188 0.375 0.3875 0.375 0.385938 0.373438 0.384375 0.373438 0.382812 0.371875 0.38125 0.371875 0.379688 0.370313 0.376563 0.370313 0.375 0.36875 0.373438 0.36875 0.371875 0.367188 0.370313 0.367188 0.370313 0.382812 0.371875 0.384375 0.373438 0.384375 0.375 0.385938 0.378125 0.385938 0.382812 0.390625 0.390625 0.390625 0.392188 0.392188 0.4 0.392188 0.401563 0.39375 0.407813 0.39375 0.409375 0.395313 0.414062 0.395313 0.415625 0.396875 0.432813 0.396875 0.434375 0.398438 0.473438 0.398438 0.475 0.4 0.49375 0.4 0.495313 0.398438 0.498438 0.398438 0.5 0.4 0.503125 0.4 0.504688 0.398438 0.553125 0.398438 0.554688 0.396875 0.575 0.396875 0.576563 0.395313 0.582813 0.395313 0.584375 0.39375 0.585938 0.39375 0.5875 0.392188 0.589063 0.392188 0.590625 0.390625 0.609375 0.390625 0.610938 0.389063 0.6125 0.389063 0.614062 0.3875 0.615625 0.3875 0.617188 0.385938 0.61875 0.385938 0.620313 0.384375 0.621875 0.384375 0.626563 0.379688 0.626563 0.378125 0.628125 0.376563 0.628125 0.364063 0.900051
0 0.3625 0.476562 0.3625 0.501563 0.371875 0.510938 0.373438 0.510938 0.375 0.5125 0.376563 0.5125 0.378125 0.514063 0.379688 0.514063 0.38125 0.515625 0.382812 0.515625 0.384375 0.517188 0.389063 0.517188 0.390625 0.51875 0.39375 0.51875 0.395313 0.520313 0.398438 0.520313 0.4 0.521875 0.404688 0.521875 0.40625 0.523438 0.414062 0.523438 0.415625 0.525 0.428125 0.525 0.429688 0.526563 0.445312 0.526563 0.446875 0.528125 0.4625 0.528125 0.464063 0.529688 0.490625 0.529688 0.492188 0.528125 0.514063 0.528125 0.515625 0.526563 0.532813 0.526563 0.534375 0.525 0.55 0.525 0.551563 0.523438 0.557813 0.523438 0.559375 0.521875 0.564063 0.521875 0.565625 0.520313 0.56875 0.520313 0.570313 0.51875 0.576563 0.51875 0.578125 0.517188 0.58125 0.517188 0.582813 0.515625 0.584375 0.515625 0.585938 0.514063 0.5875 0.514063 0.589063 0.5125 0.590625 0.5125 0.592188 0.510938 0.59375 0.510938 0.595313 0.509375 0.596875 0.509375 0.60625 0.5 0.60625 0.498438 0.609375 0.495313 0.609375 0.482813 0.607813 0.482813 0.60625 0.484375 0.60625 0.485938 0.601562 0.490625 0.6 0.490625 0.59375 0.496875 0.592188 0.496875 0.590625 0.498438 0.589063 0.498438 0.5875 0.5 0.585938 0.5 0.584375 0.501563 0.58125 0.501563 0.579688 0.503125 0.578125 0.503125 0.576563 0.504688 0.573438 0.504688 0.571875 0.50625 0.565625 0.50625 0.564063 0.507812 0.55625 0.507812 0.554688 0.509375 0.548438 0.509375 0.546875 0.510938 0.539063 0.510938 0.5375 0.5125 0.498438 0.5125 0.496875 0.514063 0.457813 0.514063 0.45625 0.5125 0.440625 0.5125 0.439063 0.510938 0.428125 0.510938 0.426563 0.509375 0.41875 0.509375 0.417188 0.507812 0.407813 0.507812 0.40625 0.50625 0.401563 0.50625 0.4 0.504688 0.395313 0.504688 0.39375 0.503125 0.390625 0.503125 0.389063 0.501563 0.382812 0.501563 0.38125 0.5 0.379688 0.5 0.375 0.495313 0.373438 0.495313 0.367188 0.489063 0.367188 0.484375 0.365625 0.482813 0.365625 0.478125 0.364063 0.476562 0.893074
0 0.595313 0.554688 0.595313 0.557813 0.59375 0.559375 0.59375 0.564063 0.592188 0.565625 0.590625 0.565625 0.590625 0.567188 0.589063 0.56875 0.5875 0.56875 0.585938 0.570313 0.584375 0.570313 0.582813 0.571875 0.582813 0.573438 0.58125 0.575 0.579688 0.575 0.578125 0.576563 0.571875 0.576563 0.56875 0.579688 0.567188 0.579688 0.565625 0.58125 0.564063 0.58125 0.5625 0.582813 0.557813 0.582813 0.55625 0.584375 0.551563 0.584375 0.55 0.585938 0.546875 0.585938 0.545313 0.5875 0.542188 0.5875 0.540625 0.589063 0.532813 0.589063 0.53125 0.590625 0.51875 0.590625 0.517188 0.592188 0.509375 0.592188 0.507812 0.59375 0.498438 0.59375 0.496875 0.595313 0.440625 0.595313 0.439063 0.59375 0.429688 0.59375 0.428125 0.592188 0.423438 0.592188 0.421875 0.590625 0.4125 0.590625 0.410938 0.589063 0.404688 0.589063 0.403125 0.5875 0.4 0.5875 0.398438 0.585938 0.396875 0.585938 0.395313 0.584375 0.389063 0.584375 0.3875 0.582813 0.384375 0.582813 0.382812 0.58125 0.38125 0.58125 0.379688 0.579688 0.378125 0.579688 0.376563 0.578125 0.375 0.578125 0.373438 0.576563 0.371875 0.576563 0.359375 0.564063 0.359375 0.5625 0.357813 0.560938 0.357813 0.559375 0.357813 0.573438 0.359375 0.575 0.359375 0.576563 0.364063 0.58125 0.364063 0.582813 0.365625 0.584375 0.367188 0.584375 0.371875 0.589063 0.373438 0.589063 0.375 0.590625 0.378125 0.590625 0.379688 0.592188 0.38125 0.592188 0.384375 0.595313 0.3875 0.595313 0.389063 0.596875 0.395313 0.596875 0.396875 0.598437 0.4 0.598437 0.401563 0.6 0.403125 0.6 0.404688 0.601562 0.40625 0.601562 0.407813 0.603125 0.415625 0.603125 0.417188 0.604688 0.426563 0.604688 0.428125 0.60625 0.4375 0.60625 0.439063 0.607813 0.446875 0.607813 0.448438 0.609375 0.5 0.609375 0.501563 0.607813 0.514063 0.607813 0.515625 0.60625 0.528125 0.60625 0.529688 0.604688 0.535938 0.604688 0.5375 0.603125 0.54375 0.603125 0.545313 0.601562 0.55 0.601562 0.551563 0.6 0.554688 0.6 0.55625 0.598437 0.559375 0.598437 0.560938 0.596875 0.5625 0.596875 0.564063 0.595313 0.565625 0.595313 0.567188 0.59375 0.570313 0.59375 0.571875 0.592188 0.573438 0.592188 0.575 0.590625 0.576563 0.590625 0.582813 0.584375 0.584375 0.584375 0.590625 0.578125 0.590625 0.567188 0.592188 0.565625 0.595313 0.565625 0.595313 0.564063 0.596875 0.5625 0.596875 0.554688 0.888823
0 0.601562 0.557813 0.601562 0.559375 0.6 0.560938 0.598437 0.560938 0.596875 0.5625 0.596875 0.564063 0.595313 0.565625 0.595313 0.567188 0.592188 0.570313 0.590625 0.570313 0.589063 0.571875 0.5875 0.571875 0.5875 0.573438 0.585938 0.575 0.584375 0.575 0.58125 0.578125 0.579688 0.578125 0.579688 0.579688 0.578125 0.58125 0.576563 0.58125 0.575 0.582813 0.571875 0.582813 0.570313 0.584375 0.567188 0.584375 0.567188 0.585938 0.56875 0.5875 0.570313 0.5875 0.571875 0.589063 0.570313 0.590625 0.565625 0.590625 0.5625 0.59375 0.560938 0.59375 0.559375 0.595313 0.557813 0.595313 0.55625 0.596875 0.554688 0.596875 0.553125 0.598437 0.551563 0.598437 0.55 0.6 0.546875 0.6 0.545313 0.601562 0.54375 0.601562 0.542188 0.603125 0.539063 0.603125 0.5375 0.604688 0.534375 0.604688 0.532813 0.60625 0.525 0.60625 0.523438 0.607813 0.496875 0.607813 0.495313 0.609375 0.470313 0.609375 0.46875 0.607813 0.4375 0.607813 0.435938 0.60625 0.425 0.60625 0.423438 0.604688 0.415625 0.604688 0.414062 0.603125 0.409375 0.603125 0.407813 0.601562 0.403125 0.601562 0.401563 0.6 0.398438 0.6 0.396875 0.598437 0.392188 0.598437 0.390625 0.596875 0.3875 0.596875 0.385938 0.595313 0.38125 0.595313 0.379688 0.59375 0.378125 0.59375 0.376563 0.592188 0.375 0.592188 0.373438 0.590625 0.371875 0.590625 0.370313 0.589063 0.36875 0.589063 0.364063 0.584375 0.364063 0.582813 0.360938 0.582813 0.359375 0.58125 0.359375 0.573438 0.357813 0.571875 0.357813 0.570313 0.357813 0.58125 0.3625 0.585938 0.3625 0.589063 0.36875 0.595313 0.36875 0.596875 0.370313 0.598437 0.371875 0.598437 0.376563 0.603125 0.379688 0.603125 0.38125 0.604688 0.382812 0.604688 0.384375 0.60625 0.385938 0.60625 0.389063 0.609375 0.392188 0.609375 0.39375 0.610938 0.396875 0.610938 0.398438 0.6125 0.401563 0.6125 0.403125 0.614062 0.407813 0.614062 0.409375 0.615625 0.414062 0.615625 0.415625 0.617188 0.423438 0.617188 0.425 0.61875 0.4375 0.61875 0.439063 0.620313 0.453125 0.620313 0.454688 0.621875 0.495313 0.621875 0.496875 0.620313 0.507812 0.620313 0.509375 0.61875 0.523438 0.61875 0.525 0.617188 0.53125 0.617188 0.532813 0.615625 0.539063 0.615625 0.540625 0.614062 0.54375 0.614062 0.545313 0.6125 0.548438 0.6125 0.55 0.610938 0.553125 0.610938 0.554688 0.609375 0.560938 0.609375 0.5625 0.607813 0.564063 0.607813 0.56875 0.603125 0.571875 0.603125 0.573438 0.601562 0.575 0.601562 0.576563 0.6 0.578125 0.6 0.58125 0.596875 0.584375 0.596875 0.584375 0.59375 0.585938 0.592188 0.585938 0.590625 0.596875 0.579688 0.596875 0.578125 0.6 0.575 0.6 0.573438 0.601562 0.571875 0.601562 0.570313 0.603125 0.56875 0.603125 0.5625 0.601562 0.560938 0.880688
0 0.596875 0.578125 0.595313 0.579688 0.595313 0.58125 0.5875 0.589063 0.585938 0.589063 0.579688 0.595313 0.575 0.595313 0.573438 0.596875 0.570313 0.596875 0.567188 0.6 0.565625 0.6 0.564063 0.601562 0.560938 0.601562 0.559375 0.603125 0.55625 0.603125 0.551563 0.607813 0.55 0.607813 0.548438 0.609375 0.546875 0.609375 0.545313 0.610938 0.54375 0.610938 0.542188 0.6125 0.540625 0.6125 0.539063 0.614062 0.5375 0.614062 0.534375 0.617188 0.529688 0.617188 0.528125 0.61875 0.523438 0.61875 0.521875 0.620313 0.501563 0.620313 0.5 0.621875 0.446875 0.621875 0.445312 0.620313 0.420313 0.620313 0.41875 0.61875 0.4125 0.61875 0.410938 0.617188 0.409375 0.617188 0.407813 0.615625 0.404688 0.615625 0.403125 0.614062 0.396875 0.614062 0.395313 0.6125 0.392188 0.6125 0.390625 0.610938 0.389063 0.610938 0.385938 0.607813 0.382812 0.607813 0.38125 0.60625 0.379688 0.60625 0.378125 0.604688 0.376563 0.604688 0.367188 0.595313 0.367188 0.592188 0.360938 0.585938 0.360938 0.584375 0.359375 0.582813 0.359375 0.58125 0.359375 0.596875 0.360938 0.598437 0.360938 0.6 0.3625 0.601562 0.3625 0.603125 0.365625 0.60625 0.365625 0.607813 0.370313 0.6125 0.371875 0.6125 0.376563 0.617188 0.378125 0.617188 0.379688 0.61875 0.38125 0.61875 0.382812 0.620313 0.384375 0.620313 0.385938 0.621875 0.3875 0.621875 0.389063 0.623438 0.392188 0.623438 0.39375 0.625 0.395313 0.625 0.396875 0.626563 0.403125 0.626563 0.404688 0.628125 0.409375 0.628125 0.410938 0.629687 0.415625 0.629687 0.417188 0.63125 0.421875 0.63125 0.423438 0.632812 0.434375 0.632812 0.435938 0.634375 0.446875 0.634375 0.448438 0.635938 0.465625 0.635938 0.467188 0.6375 0.492188 0.6375 0.49375 0.635938 0.504688 0.635938 0.50625 0.634375 0.514063 0.634375 0.515625 0.632812 0.523438 0.632812 0.525 0.63125 0.532813 0.63125 0.534375 0.629687 0.5375 0.629687 0.539063 0.628125 0.54375 0.628125 0.545313 0.626563 0.55 0.626563 0.551563 0.625 0.554688 0.625 0.55625 0.623438 0.559375 0.623438 0.560938 0.621875 0.5625 0.621875 0.564063 0.620313 0.567188 0.620313 0.56875 0.61875 0.570313 0.61875 0.575 0.614062 0.576563 0.614062 0.58125 0.609375 0.582813 0.609375 0.584375 0.607813 0.584375 0.60625 0.590625 0.6 0.590625 0.598437 0.598437 0.590625 0.598437 0.5875 0.603125 0.582813 0.603125 0.579688 0.604688 0.578125 0.872146
0 0.365625 0.428125 0.365625 0.440625 0.367188 0.442188 0.36875 0.442188 0.371875 0.445312 0.373438 0.445312 0.375 0.446875 0.376563 0.446875 0.378125 0.448438 0.379688 0.448438 0.38125 0.45 0.382812 0.45 0.384375 0.451563 0.3875 0.451563 0.389063 0.453125 0.39375 0.453125 0.395313 0.454688 0.401563 0.454688 0.403125 0.45625 0.410938 0.45625 0.4125 0.457813 0.417188 0.457813 0.41875 0.459375 0.425 0.459375 0.426563 0.460938 0.43125 0.460938 0.432813 0.4625 0.44375 0.4625 0.445312 0.464063 0.520313 0.464063 0.521875 0.4625 0.54375 0.4625 0.545313 0.460938 0.554688 0.460938 0.55625 0.459375 0.560938 0.459375 0.5625 0.457813 0.570313 0.457813 0.571875 0.45625 0.578125 0.45625 0.579688 0.454688 0.584375 0.454688 0.585938 0.453125 0.590625 0.453125 0.592188 0.451563 0.595313 0.451563 0.596875 0.45 0.598437 0.45 0.6 0.448438 0.603125 0.448438 0.604688 0.446875 0.60625 0.446875 0.607813 0.445312 0.609375 0.445312 0.610938 0.44375 0.614062 0.44375 0.617188 0.440625 0.617188 0.439063 0.61875 0.4375 0.61875 0.435938 0.621875 0.432813 0.621875 0.429688 0.620313 0.428125 0.61875 0.429688 0.615625 0.429688 0.614062 0.43125 0.6125 0.43125 0.610938 0.432813 0.609375 0.432813 0.607813 0.434375 0.60625 0.434375 0.604688 0.435938 0.603125 0.435938 0.601562 0.4375 0.598437 0.4375 0.596875 0.439063 0.59375 0.439063 0.592188 0.440625 0.5875 0.440625 0.585938 0.442188 0.579688 0.442188 0.578125 0.44375 0.573438 0.44375 0.571875 0.445312 0.565625 0.445312 0.564063 0.446875 0.55 0.446875 0.548438 0.448438 0.532813 0.448438 0.53125 0.45 0.510938 0.45 0.509375 0.451563 0.465625 0.451563 0.464063 0.45 0.442188 0.45 0.440625 0.448438 0.434375 0.448438 0.432813 0.446875 0.421875 0.446875 0.420313 0.445312 0.407813 0.445312 0.40625 0.44375 0.401563 0.44375 0.4 0.442188 0.396875 0.442188 0.395313 0.440625 0.390625 0.440625 0.389063 0.439063 0.384375 0.439063 0.382812 0.4375 0.38125 0.4375 0.379688 0.435938 0.378125 0.435938 0.376563 0.434375 0.375 0.434375 0.373438 0.432813 0.371875 0.432813 0.370313 0.43125 0.36875 0.43125 0.829022
0 0.357813 0.535938 0.357813 0.55625 0.359375 0.557813 0.359375 0.559375 0.371875 0.571875 0.373438 0.571875 0.376563 0.575 0.378125 0.575 0.379688 0.576563 0.38125 0.576563 0.382812 0.578125 0.384375 0.578125 0.385938 0.579688 0.3875 0.579688 0.389063 0.58125 0.392188 0.58125 0.39375 0.582813 0.396875 0.582813 0.398438 0.584375 0.403125 0.584375 0.404688 0.585938 0.407813 0.585938 0.409375 0.5875 0.415625 0.5875 0.417188 0.589063 0.423438 0.589063 0.425 0.590625 0.429688 0.590625 0.43125 0.592188 0.442188 0.592188 0.44375 0.59375 0.4625 0.59375 0.464063 0.592188 0.465625 0.592188 0.467188 0.59375 0.496875 0.59375 0.498438 0.592188 0.507812 0.592188 0.509375 0.590625 0.520313 0.590625 0.521875 0.589063 0.534375 0.589063 0.535938 0.5875 0.540625 0.5875 0.542188 0.585938 0.546875 0.585938 0.548438 0.584375 0.553125 0.584375 0.554688 0.582813 0.559375 0.582813 0.5625 0.579688 0.565625 0.579688 0.567188 0.578125 0.56875 0.578125 0.570313 0.576563 0.571875 0.576563 0.573438 0.575 0.575 0.575 0.576563 0.573438 0.578125 0.573438 0.58125 0.570313 0.582813 0.570313 0.5875 0.565625 0.589063 0.565625 0.589063 0.564063 0.590625 0.5625 0.590625 0.560938 0.592188 0.559375 0.592188 0.55625 0.59375 0.554688 0.59375 0.553125 0.595313 0.551563 0.595313 0.548438 0.596875 0.546875 0.596875 0.540625 0.595313 0.542188 0.595313 0.545313 0.590625 0.55 0.589063 0.55 0.5875 0.551563 0.5875 0.553125 0.585938 0.554688 0.584375 0.554688 0.582813 0.55625 0.58125 0.55625 0.579688 0.557813 0.576563 0.557813 0.571875 0.5625 0.570313 0.5625 0.56875 0.564063 0.5625 0.564063 0.560938 0.565625 0.55625 0.565625 0.554688 0.567188 0.553125 0.567188 0.551563 0.56875 0.548438 0.56875 0.546875 0.570313 0.535938 0.570313 0.534375 0.571875 0.529688 0.571875 0.528125 0.573438 0.521875 0.573438 0.520313 0.575 0.510938 0.575 0.509375 0.576563 0.43125 0.576563 0.429688 0.575 0.423438 0.575 0.421875 0.573438 0.417188 0.573438 0.415625 0.571875 0.40625 0.571875 0.404688 0.570313 0.4 0.570313 0.398438 0.56875 0.395313 0.56875 0.39375 0.567188 0.390625 0.567188 0.389063 0.565625 0.384375 0.565625 0.382812 0.564063 0.38125 0.564063 0.378125 0.560938 0.376563 0.560938 0.375 0.559375 0.373438 0.559375 0.371875 0.557813 0.370313 0.557813 0.365625 0.553125 0.365625 0.551563 0.364063 0.55 0.3625 0.55 0.360938 0.548438 0.360938 0.546875 0.359375 0.545313 0.359375 0.539063 0.357813 0.5375 0.816138
0 0.36875 0.382812 0.36875 0.396875 0.370313 0.396875 0.371875 0.398438 0.373438 0.398438 0.376563 0.401563 0.378125 0.401563 0.379688 0.403125 0.382812 0.403125 0.384375 0.404688 0.389063 0.404688 0.390625 0.40625 0.39375 0.40625 0.395313 0.407813 0.403125 0.407813 0.404688 0.409375 0.415625 0.409375 0.417188 0.410938 0.426563 0.410938 0.428125 0.4125 0.440625 0.4125 0.442188 0.414062 0.464063 0.414062 0.465625 0.415625 0.520313 0.415625 0.521875 0.414062 0.557813 0.414062 0.559375 0.4125 0.575 0.4125 0.576563 0.410938 0.58125 0.410938 0.582813 0.409375 0.589063 0.409375 0.590625 0.407813 0.598437 0.407813 0.6 0.40625 0.603125 0.40625 0.604688 0.404688 0.607813 0.404688 0.609375 0.403125 0.6125 0.403125 0.614062 0.401563 0.615625 0.401563 0.61875 0.398438 0.620313 0.398438 0.623438 0.395313 0.623438 0.384375 0.621875 0.385938 0.620313 0.385938 0.61875 0.3875 0.615625 0.3875 0.614062 0.389063 0.6125 0.389063 0.610938 0.390625 0.60625 0.390625 0.604688 0.392188 0.6 0.392188 0.598437 0.39375 0.595313 0.39375 0.59375 0.395313 0.585938 0.395313 0.584375 0.396875 0.575 0.396875 0.573438 0.398438 0.564063 0.398438 0.5625 0.4 0.521875 0.4 0.520313 0.401563 0.467188 0.401563 0.465625 0.4 0.446875 0.4 0.445312 0.398438 0.432813 0.398438 0.43125 0.396875 0.414062 0.396875 0.4125 0.395313 0.4 0.395313 0.398438 0.39375 0.39375 0.39375 0.392188 0.392188 0.389063 0.392188 0.3875 0.390625 0.382812 0.390625 0.38125 0.389063 0.379688 0.389063 0.378125 0.3875 0.375 0.3875 0.370313 0.382812 0.788615
0 0.365625 0.39375 0.365625 0.410938 0.370313 0.415625 0.373438 0.415625 0.375 0.417188 0.376563 0.417188 0.378125 0.41875 0.38125 0.41875 0.382812 0.420313 0.385938 0.420313 0.3875 0.421875 0.392188 0.421875 0.39375 0.423438 0.396875 0.423438 0.398438 0.425 0.40625 0.425 0.407813 0.426563 0.415625 0.426563 0.417188 0.428125 0.425 0.428125 0.426563 0.429688 0.440625 0.429688 0.442188 0.43125 0.470313 0.43125 0.471875 0.432813 0.49375 0.432813 0.495313 0.43125 0.542188 0.43125 0.54375 0.429688 0.553125 0.429688 0.554688 0.428125 0.5625 0.428125 0.564063 0.426563 0.576563 0.426563 0.578125 0.425 0.589063 0.425 0.590625 0.423438 0.59375 0.423438 0.595313 0.421875 0.598437 0.421875 0.6 0.420313 0.601562 0.420313 0.603125 0.41875 0.604688 0.41875 0.60625 0.417188 0.607813 0.417188 0.609375 0.415625 0.610938 0.415625 0.6125 0.414062 0.614062 0.414062 0.61875 0.409375 0.61875 0.407813 0.620313 0.40625 0.620313 0.401563 0.615625 0.401563 0.614062 0.403125 0.6125 0.403125 0.609375 0.40625 0.604688 0.40625 0.603125 0.407813 0.6 0.407813 0.598437 0.409375 0.592188 0.409375 0.590625 0.410938 0.584375 0.410938 0.582813 0.4125 0.576563 0.4125 0.575 0.414062 0.564063 0.414062 0.5625 0.415625 0.525 0.415625 0.523438 0.417188 0.460938 0.417188 0.459375 0.415625 0.445312 0.415625 0.44375 0.414062 0.429688 0.414062 0.428125 0.4125 0.417188 0.4125 0.415625 0.410938 0.40625 0.410938 0.404688 0.409375 0.395313 0.409375 0.39375 0.407813 0.389063 0.407813 0.3875 0.40625 0.382812 0.40625 0.38125 0.404688 0.379688 0.404688 0.378125 0.403125 0.376563 0.403125 0.373438 0.4 0.371875 0.4 0.638886
0 0.35625 0.510938 0.35625 0.528125 0.360938 0.532813 0.360938 0.534375 0.3625 0.535938 0.364063 0.535938 0.370313 0.542188 0.371875 0.542188 0.373438 0.54375 0.375 0.54375 0.376563 0.545313 0.378125 0.545313 0.379688 0.546875 0.38125 0.546875 0.382812 0.548438 0.385938 0.548438 0.3875 0.55 0.390625 0.55 0.392188 0.551563 0.398438 0.551563 0.4 0.553125 0.404688 0.553125 0.40625 0.554688 0.410938 0.554688 0.4125 0.55625 0.423438 0.55625 0.425 0.557813 0.439063 0.557813 0.440625 0.559375 0.454688 0.559375 0.45625 0.560938 0.503125 0.560938 0.504688 0.559375 0.517188 0.559375 0.51875 0.557813 0.532813 0.557813 0.534375 0.55625 0.542188 0.55625 0.54375 0.554688 0.548438 0.554688 0.55 0.553125 0.554688 0.553125 0.55625 0.551563 0.560938 0.551563 0.5625 0.55 0.567188 0.55 0.56875 0.548438 0.571875 0.548438 0.573438 0.546875 0.575 0.546875 0.576563 0.545313 0.578125 0.545313 0.579688 0.54375 0.58125 0.54375 0.582813 0.542188 0.584375 0.542188 0.585938 0.540625 0.5875 0.540625 0.59375 0.534375 0.595313 0.534375 0.596875 0.532813 0.596875 0.53125 0.598437 0.529688 0.598437 0.528125 0.6 0.526563 0.6 0.525 0.601562 0.523438 0.601562 0.514063 0.601562 0.515625 0.598437 0.51875 0.596875 0.51875 0.595313 0.520313 0.595313 0.521875 0.590625 0.526563 0.5875 0.526563 0.584375 0.529688 0.582813 0.529688 0.58125 0.53125 0.579688 0.53125 0.578125 0.532813 0.573438 0.532813 0.571875 0.534375 0.56875 0.534375 0.567188 0.535938 0.565625 0.535938 0.564063 0.5375 0.559375 0.5375 0.557813 0.539063 0.55 0.539063 0.548438 0.540625 0.539063 0.540625 0.5375 0.542188 0.532813 0.542188 0.53125 0.54375 0.525 0.54375 0.523438 0.545313 0.501563 0.545313 0.5 0.546875 0.467188 0.546875 0.465625 0.545313 0.429688 0.545313 0.428125 0.54375 0.420313 0.54375 0.41875 0.542188 0.409375 0.542188 0.407813 0.540625 0.401563 0.540625 0.4 0.539063 0.396875 0.539063 0.395313 0.5375 0.392188 0.5375 0.390625 0.535938 0.385938 0.535938 0.384375 0.534375 0.382812 0.534375 0.38125 0.532813 0.378125 0.532813 0.376563 0.53125 0.375 0.53125 0.373438 0.529688 0.371875 0.529688 0.365625 0.523438 0.364063 0.523438 0.360938 0.520313 0.360938 0.51875 0.359375 0.517188 0.359375 0.515625 0.357813 0.514063 0.357813 0.5125 0.595059
0 0.360938 0.475 0.360938 0.496875 0.364063 0.5 0.364063 0.501563 0.365625 0.501563 0.373438 0.509375 0.375 0.509375 0.378125 0.5125 0.379688 0.5125 0.38125 0.514063 0.384375 0.514063 0.385938 0.515625 0.390625 0.515625 0.392188 0.517188 0.395313 0.517188 0.396875 0.51875 0.398438 0.51875 0.4 0.520313 0.404688 0.520313 0.40625 0.521875 0.414062 0.521875 0.415625 0.523438 0.423438 0.523438 0.425 0.525 0.435938 0.525 0.4375 0.526563 0.457813 0.526563 0.459375 0.528125 0.498438 0.528125 0.5 0.526563 0.51875 0.526563 0.520313 0.525 0.540625 0.525 0.542188 0.523438 0.553125 0.523438 0.554688 0.521875 0.559375 0.521875 0.560938 0.520313 0.565625 0.520313 0.567188 0.51875 0.570313 0.51875 0.571875 0.517188 0.576563 0.517188 0.578125 0.515625 0.58125 0.515625 0.582813 0.514063 0.585938 0.514063 0.5875 0.5125 0.589063 0.5125 0.590625 0.510938 0.592188 0.510938 0.59375 0.509375 0.595313 0.509375 0.6 0.504688 0.601562 0.504688 0.604688 0.501563 0.604688 0.5 0.609375 0.495313 0.609375 0.48125 0.607813 0.48125 0.60625 0.482813 0.60625 0.484375 0.603125 0.4875 0.601562 0.4875 0.59375 0.495313 0.592188 0.495313 0.590625 0.496875 0.589063 0.496875 0.585938 0.5 0.584375 0.5 0.582813 0.501563 0.578125 0.501563 0.576563 0.503125 0.575 0.503125 0.573438 0.504688 0.570313 0.504688 0.56875 0.50625 0.560938 0.50625 0.559375 0.507812 0.553125 0.507812 0.551563 0.509375 0.548438 0.509375 0.546875 0.510938 0.539063 0.510938 0.5375 0.5125 0.523438 0.5125 0.521875 0.510938 0.504688 0.510938 0.503125 0.5125 0.492188 0.5125 0.490625 0.514063 0.457813 0.514063 0.45625 0.5125 0.439063 0.5125 0.4375 0.510938 0.428125 0.510938 0.426563 0.509375 0.421875 0.509375 0.420313 0.507812 0.417188 0.507812 0.415625 0.50625 0.404688 0.50625 0.403125 0.504688 0.4 0.504688 0.398438 0.503125 0.39375 0.503125 0.392188 0.501563 0.389063 0.501563 0.3875 0.5 0.382812 0.5 0.371875 0.489063 0.371875 0.484375 0.370313 0.482813 0.36875 0.482813 0.367188 0.48125 0.367188 0.479688 0.3625 0.475 0.450614
0 0.357813 0.5125 0.357813 0.529688 0.360938 0.532813 0.360938 0.534375 0.3625 0.535938 0.364063 0.535938 0.370313 0.542188 0.371875 0.542188 0.373438 0.54375 0.375 0.54375 0.376563 0.545313 0.378125 0.545313 0.379688 0.546875 0.38125 0.546875 0.382812 0.548438 0.385938 0.548438 0.3875 0.55 0.390625 0.55 0.392188 0.551563 0.398438 0.551563 0.4 0.553125 0.404688 0.553125 0.40625 0.554688 0.4125 0.554688 0.414062 0.55625 0.425 0.55625 0.426563 0.557813 0.440625 0.557813 0.442188 0.559375 0.45625 0.559375 0.457813 0.560938 0.503125 0.560938 0.504688 0.559375 0.517188 0.559375 0.51875 0.557813 0.53125 0.557813 0.532813 0.55625 0.540625 0.55625 0.542188 0.554688 0.546875 0.554688 0.548438 0.553125 0.554688 0.553125 0.55625 0.551563 0.560938 0.551563 0.5625 0.55 0.567188 0.55 0.56875 0.548438 0.571875 0.548438 0.573438 0.546875 0.575 0.546875 0.576563 0.545313 0.578125 0.545313 0.579688 0.54375 0.58125 0.54375 0.582813 0.542188 0.584375 0.542188 0.585938 0.540625 0.5875 0.540625 0.59375 0.534375 0.595313 0.534375 0.596875 0.532813 0.596875 0.53125 0.6 0.528125 0.6 0.525 0.601562 0.523438 0.601562 0.514063 0.601562 0.515625 0.598437 0.51875 0.596875 0.51875 0.595313 0.520313 0.595313 0.521875 0.592188 0.525 0.590625 0.525 0.589063 0.526563 0.5875 0.526563 0.584375 0.529688 0.582813 0.529688 0.58125 0.53125 0.579688 0.53125 0.578125 0.532813 0.573438 0.532813 0.571875 0.534375 0.56875 0.534375 0.567188 0.535938 0.565625 0.535938 0.564063 0.5375 0.559375 0.5375 0.557813 0.539063 0.55 0.539063 0.548438 0.540625 0.539063 0.540625 0.5375 0.542188 0.534375 0.542188 0.532813 0.54375 0.525 0.54375 0.523438 0.545313 0.504688 0.545313 0.503125 0.546875 0.459375 0.546875 0.457813 0.545313 0.428125 0.545313 0.426563 0.54375 0.41875 0.54375 0.417188 0.542188 0.409375 0.542188 0.407813 0.540625 0.401563 0.540625 0.4 0.539063 0.396875 0.539063 0.395313 0.5375 0.392188 0.5375 0.390625 0.535938 0.385938 0.535938 0.384375 0.534375 0.382812 0.534375 0.38125 0.532813 0.378125 0.532813 0.376563 0.53125 0.375 0.53125 0.371875 0.528125 0.370313 0.528125 0.365625 0.523438 0.364063 0.523438 0.360938 0.520313 0.360938 0.51875 0.359375 0.517188 0.359375 0.515625 0.357813 0.514063 0.370436
